Velocity (TVI), in cm/s

Time (s) :	Trace 1 : 		Ecg : 		
0.01122   	2.08771e-01		         0.00000	1.10000e+02	
0.02415   	9.65319e-01		         0.00167	1.34000e+02	
0.03710   	1.12990e+00		         0.00333	1.61000e+02	
0.05005   	-1.47486e-01		         0.00500	1.88000e+02	
0.06302   	-1.19230e+00		         0.00667	2.15000e+02	
0.07620   	-2.06881e+00		         0.00833	2.41000e+02	
0.08889   	-1.05732e+00		         0.01000	2.63000e+02	
0.10183   	-2.56664e-01		         0.01167	2.81000e+02	
0.11480   	1.88553e+00		         0.01333	2.92000e+02	
0.12773   	3.04783e+00		         0.01500	2.96000e+02	
0.14067   	3.50560e+00		         0.01667	2.91000e+02	
0.15362   	3.26170e+00		         0.01833	2.76000e+02	
0.16658   	2.79501e+00		         0.02000	2.53000e+02	
0.17951   	2.64092e+00		         0.02167	2.22000e+02	
0.19246   	2.77979e+00		         0.02333	1.83000e+02	
0.20540   	3.07231e+00		         0.02500	1.38000e+02	
0.21837   	3.49083e+00		         0.02667	9.00000e+01	
0.23130   	3.66271e+00		         0.02833	4.00000e+01	
0.24425   	3.71991e+00		         0.03000	-1.00000e+01	
0.25719   	3.70383e+00		         0.03167	-5.70000e+01	
0.27016   	3.78165e+00		         0.03333	-1.01000e+02	
0.28309   	3.93687e+00		         0.03500	-1.40000e+02	
0.29604   	3.62587e+00		         0.03667	-1.73000e+02	
0.30898   	3.11296e+00		         0.03833	-1.99000e+02	
0.32195   	2.55974e+00		         0.04000	-2.19000e+02	
0.33487   	2.26198e+00		         0.04167	-2.32000e+02	
0.34782   	1.90344e+00		         0.04333	-2.39000e+02	
0.36077   	1.38983e+00		         0.04500	-2.40000e+02	
0.37373   	7.90918e-01		         0.04667	-2.36000e+02	
0.38666   	-6.54947e-02		         0.04833	-2.28000e+02	
0.39961   	-6.52463e-01		         0.05000	-2.18000e+02	
0.41256   	-1.04707e+00		         0.05167	-2.06000e+02	
0.42553   	-1.19313e+00		         0.05333	-1.92000e+02	
0.43845   	-1.27718e+00		         0.05500	-1.79000e+02	
0.45140   	-6.19739e-01		         0.05667	-1.65000e+02	
0.46434   	3.66298e-01		         0.05833	-1.51000e+02	
0.47731   	1.38687e+00		         0.06000	-1.37000e+02	
0.49023   	1.24757e+00		         0.06167	-1.23000e+02	
0.50318   	5.29464e-01		         0.06333	-1.10000e+02	
0.51613   	-6.82903e-01		         0.06500	-9.70000e+01	
0.52909   	-1.62379e+00		         0.06667	-8.40000e+01	
0.54202   	-2.43708e+00		         0.06833	-7.30000e+01	
0.55497   	-2.84211e+00		         0.07000	-6.20000e+01	
0.56792   	-2.99792e+00		         0.07167	-5.20000e+01	
0.58089   	-2.74041e+00		         0.07333	-4.30000e+01	
0.59381   	-2.63868e+00		         0.07500	-3.50000e+01	
0.60676   	-2.48518e+00		         0.07667	-2.80000e+01	
0.61970   	-2.37064e+00		         0.07833	-2.10000e+01	
0.63268   	-1.90091e+00		         0.08000	-1.50000e+01	
0.64560   	-1.53193e+00		         0.08167	-1.00000e+01	
0.65854   	-1.15266e+00		         0.08333	-5.00000e+00	
0.67149   	-8.50051e-01		         0.08500	-1.00000e+00	
0.68446   	-5.86806e-01		         0.08667	2.00000e+00	
0.69739   	-3.08152e-01		         0.08833	5.00000e+00	
0.71033   	-1.33991e-01		         0.09000	8.00000e+00	
0.72345   	-5.36335e-02		         0.09167	1.00000e+01	
0.73625   	4.07814e-02		         0.09333	1.10000e+01	
0.74917   	1.24448e-02		         0.09500	1.30000e+01	
0.76212   	1.11017e-02		         0.09667	1.40000e+01	
0.77506   	-5.15683e-02		         0.09833	1.60000e+01	
0.78804   	-5.91907e-02		         0.10000	1.70000e+01	
0.80096   	-7.71396e-02		         0.10167	1.80000e+01	
0.81391   	-1.48310e-01		         0.10333	1.90000e+01	
0.82686   	-1.67516e-01		         0.10500	2.00000e+01	
0.83981   	-1.80111e-01		         0.10667	2.10000e+01	
0.85274   	-1.72763e-01		         0.10833	2.20000e+01	
0.86569   	-1.92496e-01		         0.11000	2.30000e+01	
0.87864   	-2.03948e-01		         0.11167	2.40000e+01	
0.89160   	-1.99843e-01		         0.11333	2.50000e+01	
0.90453   	-2.90399e-01		         0.11500	2.70000e+01	
0.91748   	-3.90187e-01		         0.11667	2.80000e+01	
0.93043   	-8.27266e-01		         0.11833	2.80000e+01	
0.94340   	-1.40176e+00		         0.12000	2.90000e+01	
0.95632   	-2.51095e+00		         0.12167	2.90000e+01	
0.96927   	-3.68913e+00		         0.12333	2.90000e+01	
0.98222   	-5.53527e+00		         0.12500	2.90000e+01	
0.99518   	-6.24903e+00		         0.12667	2.80000e+01	
1.00811   	-6.43826e+00		         0.12833	2.80000e+01	
1.02105   	-5.31371e+00		         0.13000	2.70000e+01	
1.03400   	-4.30798e+00		         0.13167	2.60000e+01	
1.04698   	-2.90555e+00		         0.13333	2.40000e+01	
1.05989   	-9.23540e-01		         0.13500	2.40000e+01	
1.07284   	1.00514e+00		         0.13667	2.30000e+01	
1.08579   	2.08492e+00		         0.13833	2.30000e+01	
1.09875   	1.43973e-02		         0.14000	2.30000e+01	
1.11168   	-1.72966e+00		         0.14167	2.30000e+01	
1.12463   	-2.52439e+00		         0.14333	2.30000e+01	
1.13757   	-1.40737e+00		         0.14500	2.30000e+01	
1.15055   	-1.40617e-01		         0.14667	2.40000e+01	
1.16347   	7.80924e-01		         0.14833	2.40000e+01	
1.17642   	2.43049e+00		         0.15000	2.50000e+01	
1.18936   	2.81222e+00		         0.15167	2.60000e+01	
1.20232   	3.28388e+00		         0.15333	2.70000e+01	
1.21526   	3.12983e+00		         0.15500	2.80000e+01	
1.22820   	3.37234e+00		         0.15667	2.90000e+01	
1.24115   	3.30759e+00		         0.15833	3.00000e+01	
1.25410   	3.30420e+00		         0.16000	3.00000e+01	
1.26704   	3.40408e+00		         0.16167	3.10000e+01	
1.27999   	3.65782e+00		         0.16333	3.10000e+01	
1.29294   	4.09099e+00		         0.16500	3.20000e+01	
1.30591   	4.28711e+00		         0.16667	3.20000e+01	
1.31883   	4.06126e+00		         0.16833	3.30000e+01	
1.33178   	3.87848e+00		         0.17000	3.30000e+01	
1.34472   	3.46755e+00		         0.17167	3.30000e+01	
1.35768   	3.41136e+00		         0.17333	3.20000e+01	
1.37062   	3.06479e+00		         0.17500	3.20000e+01	
1.38356   	2.83631e+00		         0.17667	3.10000e+01	
1.39651   	2.10697e+00		         0.17833	3.10000e+01	
1.40947   	1.39764e+00		         0.18000	3.10000e+01	
1.42240   	8.47758e-01		         0.18167	3.10000e+01	
1.43535   	2.13481e-01		         0.18333	3.20000e+01	
1.44830   	-6.28226e-01		         0.18500	3.20000e+01	
1.46127   	-1.07951e+00		         0.18667	3.30000e+01	
1.47419   	-1.33145e+00		         0.18833	3.50000e+01	
1.48714   	-1.20821e+00		         0.19000	3.60000e+01	
1.50008   	-1.42025e+00		         0.19167	3.80000e+01	
1.51304   	-1.37743e+00		         0.19333	4.00000e+01	
1.52598   	-1.19924e+00		         0.19500	4.10000e+01	
1.53892   	-1.16975e+00		         0.19667	4.20000e+01	
1.55187   	-9.52200e-01		         0.19833	4.30000e+01	
1.56485   	-1.20447e+00		         0.20000	4.30000e+01	
1.57777   	-1.55335e+00		         0.20167	4.40000e+01	
1.59071   	-2.08738e+00		         0.20333	4.30000e+01	
1.60366   	-2.22507e+00		         0.20500	4.30000e+01	
1.61661   	-2.06834e+00		         0.20667	4.30000e+01	
1.62956   	-1.86429e+00		         0.20833	4.30000e+01	
1.64250   	-1.56065e+00		         0.21000	4.30000e+01	
1.65545   	-1.12362e+00		         0.21167	4.40000e+01	
1.66841   	-4.07813e-01		         0.21333	4.50000e+01	
1.68134   	6.51008e-03		         0.21500	4.60000e+01	
1.69429   	2.61948e-01		         0.21667	4.80000e+01	
1.70723   	-7.51785e-02		         0.21833	5.00000e+01	
1.72020   	-1.75209e-01		         0.22000	5.30000e+01	
1.73313   	-4.92093e-01		         0.22167	5.60000e+01	
1.74607   	-4.40638e-01		         0.22333	5.90000e+01	
1.75902   	-4.62327e-01		         0.22500	6.30000e+01	
1.77198   	-2.21087e-01		         0.22667	6.70000e+01	
1.78491   	-1.32254e-01		         0.22833	7.00000e+01	
1.79786   	-1.10315e-01		         0.23000	7.20000e+01	
1.81081   	-1.55779e-01		         0.23167	7.40000e+01	
1.82378   	-1.37427e-01		         0.23333	7.60000e+01	
1.83670   	-1.46714e-01		         0.23500	7.80000e+01	
1.84965   	-1.69561e-01		         0.23667	7.90000e+01	
1.86260   	-1.95599e-01		         0.23833	8.10000e+01	
1.87557   	-2.11122e-01		         0.24000	8.20000e+01	
1.88849   	-1.96823e-01		         0.24167	8.40000e+01	
1.90144   	-2.27577e-01		         0.24333	8.60000e+01	
1.91438   	-2.41799e-01		         0.24500	8.80000e+01	
1.92736   	-2.54913e-01		         0.24667	9.00000e+01	
1.94028   	-2.11691e-01		         0.24833	9.30000e+01	
1.95322   	-2.26858e-01		         0.25000	9.70000e+01	
1.96617   	-3.88832e-01		         0.25167	1.00000e+02	
1.97914   	-5.87339e-01		         0.25333	1.04000e+02	
1.99206   	-7.64868e-01		         0.25500	1.08000e+02	
2.00501   	-1.30200e+00		         0.25667	1.12000e+02	
2.01830   	-2.69446e+00		         0.25833	1.17000e+02	
2.03092   	-4.64022e+00		         0.26000	1.21000e+02	
2.04385   	-5.71647e+00		         0.26167	1.24000e+02	
2.05680   	-6.32058e+00		         0.26333	1.27000e+02	
2.06974   	-5.91592e+00		         0.26500	1.30000e+02	
2.08269   	-5.26269e+00		         0.26667	1.33000e+02	
2.09564   	-3.50328e+00		         0.26833	1.35000e+02	
2.10858   	-1.53011e+00		         0.27000	1.38000e+02	
2.12153   	3.82160e-01		         0.27167	1.40000e+02	
2.13450   	1.96224e+00		         0.27333	1.42000e+02	
2.14742   	2.02613e+00		         0.27500	1.44000e+02	
2.16037   	7.34573e-01		         0.27667	1.45000e+02	
2.17332   	-1.49083e+00		         0.27833	1.47000e+02	
2.18628   	-2.37113e+00		         0.28000	1.48000e+02	
2.19921   	-2.14936e+00		         0.28167	1.49000e+02	
2.21216   	-3.45530e-01		         0.28333	1.50000e+02	
2.22510   	1.51844e+00		         0.28500	1.51000e+02	
2.23807   	2.99065e+00		         0.28667	1.52000e+02	
2.25108   	3.14252e+00		         0.28833	1.52000e+02	
2.26394   	3.07036e+00		         0.29000	1.51000e+02	
2.27689   	2.69504e+00		         0.29167	1.50000e+02	
2.28986   	2.77765e+00		         0.29333	1.49000e+02	
2.30278   	2.71707e+00		         0.29500	1.47000e+02	
2.31573   	3.22826e+00		         0.29667	1.44000e+02	
2.32868   	3.59145e+00		         0.29833	1.41000e+02	
2.34165   	3.88766e+00		         0.30000	1.38000e+02	
2.35457   	4.22516e+00		         0.30167	1.34000e+02	
2.36752   	4.38334e+00		         0.30333	1.29000e+02	
2.38047   	4.49844e+00		         0.30500	1.25000e+02	
2.39343   	3.93476e+00		         0.30667	1.21000e+02	
2.40636   	3.61076e+00		         0.30833	1.16000e+02	
2.41930   	3.17701e+00		         0.31000	1.12000e+02	
2.43225   	3.02977e+00		         0.31167	1.08000e+02	
2.44522   	2.54120e+00		         0.31333	1.03000e+02	
2.45815   	1.93583e+00		         0.31500	9.80000e+01	
2.47109   	1.32671e+00		         0.31667	9.20000e+01	
2.48404   	6.80383e-01		         0.31833	8.60000e+01	
2.49700   	-2.23669e-01		         0.32000	7.90000e+01	
2.50993   	-6.48833e-01		         0.32167	7.20000e+01	
2.52288   	-9.61093e-01		         0.32333	6.40000e+01	
2.53582   	-1.03142e+00		         0.32500	5.60000e+01	
2.54879   	-1.20702e+00		         0.32667	4.80000e+01	
2.56172   	-1.18120e+00		         0.32833	3.90000e+01	
2.57467   	-7.97177e-01		         0.33000	3.10000e+01	
2.58762   	-4.20738e-01		         0.33167	2.20000e+01	
2.60057   	-2.03317e-01		         0.33333	1.40000e+01	
2.61351   	-6.49740e-01		         0.33500	6.00000e+00	
2.62645   	-1.45109e+00		         0.33667	-1.00000e+00	
2.63940   	-2.04145e+00		         0.33833	-8.00000e+00	
2.65238   	-2.16060e+00		         0.34000	-1.40000e+01	
2.66529   	-2.24916e+00		         0.34167	-1.90000e+01	
2.67824   	-2.38955e+00		         0.34333	-2.50000e+01	
2.69119   	-2.05523e+00		         0.34500	-2.90000e+01	
2.70414   	-1.38471e+00		         0.34667	-3.40000e+01	
2.71708   	-6.82546e-01		         0.34833	-3.80000e+01	
2.73003   	-5.60579e-01		         0.35000	-4.20000e+01	
2.74298   	-4.91250e-01		         0.35167	-4.70000e+01	
2.75594   	-2.31120e-01		         0.35333	-5.10000e+01	
2.76887   	-9.26983e-02		         0.35500	-5.50000e+01	
2.78202   	-1.34880e-01		         0.35667	-6.00000e+01	
2.79476   	-3.95499e-01		         0.35833	-6.40000e+01	
2.80773   	-3.35867e-01		         0.36000	-6.90000e+01	
2.82066   	-2.20765e-01		         0.36167	-7.40000e+01	
2.83360   	-1.31591e-01		         0.36333	-7.90000e+01	
2.84655   	-1.01708e-01		         0.36500	-8.40000e+01	
2.85951   	-1.14752e-01		         0.36667	-8.80000e+01	
2.87244   	-8.48865e-02		         0.36833	-9.30000e+01	
2.88539   	-7.65230e-02		         0.37000	-9.70000e+01	
2.89834   	-7.44705e-02		         0.37167	-1.00000e+02	
2.91129   	-1.13360e-01		         0.37333	-1.04000e+02	
2.92423   	-1.47990e-01		         0.37500	-1.06000e+02	
2.93718   	-1.50137e-01		         0.37667	-1.09000e+02	
2.95012   	-1.64255e-01		         0.37833	-1.10000e+02	
2.96308   	-1.70581e-01		         0.38000	-1.11000e+02	
2.97602   	-1.89769e-01		         0.38167	-1.12000e+02	
2.98896   	-2.36235e-01		         0.38333	-1.12000e+02	
3.00191   	-2.68845e-01		         0.38500	-1.13000e+02	
3.01487   	-2.65561e-01		         0.38667	-1.13000e+02	
3.02780   	-2.47281e-01		         0.38833	-1.13000e+02	
3.04075   	-2.60795e-01		         0.39000	-1.12000e+02	
3.05370   	-3.49048e-01		         0.39167	-1.12000e+02	
3.06667   	-4.63903e-01		         0.39333	-1.11000e+02	
3.07959   	-8.53345e-01		         0.39500	-1.11000e+02	
3.09254   	-1.51082e+00		         0.39667	-1.10000e+02	
3.10549   	-2.81834e+00		         0.39833	-1.08000e+02	
3.11846   	-4.59219e+00		         0.40000	-1.07000e+02	
3.13138   	-5.95628e+00		         0.40167	-1.05000e+02	
3.14432   	-6.64097e+00		         0.40333	-1.04000e+02	
3.15727   	-6.55376e+00		         0.40500	-1.02000e+02	
3.17024   	-5.99166e+00		         0.40667	-1.01000e+02	
3.18316   	-4.51083e+00		         0.40833	-9.90000e+01	
3.19611   	-2.19386e+00		         0.41000	-9.80000e+01	
3.20906   	3.94492e-01		         0.41167	-9.60000e+01	
3.22200   	2.19496e+00		         0.41333	-9.40000e+01	
3.23496   	3.09271e+00		         0.41500	-9.30000e+01	
			         0.41667	-9.20000e+01	
			         0.41833	-9.00000e+01	
			         0.42000	-8.90000e+01	
			         0.42167	-8.80000e+01	
			         0.42333	-8.70000e+01	
			         0.42500	-8.60000e+01	
			         0.42667	-8.40000e+01	
			         0.42833	-8.30000e+01	
			         0.43000	-8.10000e+01	
			         0.43167	-8.00000e+01	
			         0.43333	-7.80000e+01	
			         0.43500	-7.70000e+01	
			         0.43667	-7.50000e+01	
			         0.43833	-7.40000e+01	
			         0.44000	-7.20000e+01	
			         0.44167	-7.10000e+01	
			         0.44333	-6.90000e+01	
			         0.44500	-6.70000e+01	
			         0.44667	-6.50000e+01	
			         0.44833	-6.30000e+01	
			         0.45000	-6.10000e+01	
			         0.45167	-5.90000e+01	
			         0.45333	-5.60000e+01	
			         0.45500	-5.40000e+01	
			         0.45667	-5.20000e+01	
			         0.45833	-5.00000e+01	
			         0.46000	-4.80000e+01	
			         0.46167	-4.60000e+01	
			         0.46333	-4.40000e+01	
			         0.46500	-4.20000e+01	
			         0.46667	-4.00000e+01	
			         0.46833	-3.90000e+01	
			         0.47000	-3.70000e+01	
			         0.47167	-3.60000e+01	
			         0.47333	-3.40000e+01	
			         0.47500	-3.30000e+01	
			         0.47667	-3.20000e+01	
			         0.47833	-3.00000e+01	
			         0.48000	-2.80000e+01	
			         0.48167	-2.60000e+01	
			         0.48333	-2.40000e+01	
			         0.48500	-2.20000e+01	
			         0.48667	-2.00000e+01	
			         0.48833	-1.80000e+01	
			         0.49000	-1.50000e+01	
			         0.49167	-1.30000e+01	
			         0.49333	-1.10000e+01	
			         0.49500	-8.00000e+00	
			         0.49667	-6.00000e+00	
			         0.49833	-4.00000e+00	
			         0.50000	-3.00000e+00	
			         0.50167	-1.00000e+00	
			         0.50333	0.00000e+00	
			         0.50500	1.00000e+00	
			         0.50667	2.00000e+00	
			         0.50833	3.00000e+00	
			         0.51000	3.00000e+00	
			         0.51167	3.00000e+00	
			         0.51333	3.00000e+00	
			         0.51500	3.00000e+00	
			         0.51667	3.00000e+00	
			         0.51833	3.00000e+00	
			         0.52000	3.00000e+00	
			         0.52167	3.00000e+00	
			         0.52333	3.00000e+00	
			         0.52500	3.00000e+00	
			         0.52667	4.00000e+00	
			         0.52833	4.00000e+00	
			         0.53000	5.00000e+00	
			         0.53167	6.00000e+00	
			         0.53333	7.00000e+00	
			         0.53500	8.00000e+00	
			         0.53667	8.00000e+00	
			         0.53833	9.00000e+00	
			         0.54000	9.00000e+00	
			         0.54167	1.00000e+01	
			         0.54333	1.00000e+01	
			         0.54500	1.00000e+01	
			         0.54667	1.00000e+01	
			         0.54833	9.00000e+00	
			         0.55000	9.00000e+00	
			         0.55167	9.00000e+00	
			         0.55333	8.00000e+00	
			         0.55500	7.00000e+00	
			         0.55667	6.00000e+00	
			         0.55833	4.00000e+00	
			         0.56000	3.00000e+00	
			         0.56167	1.00000e+00	
			         0.56333	0.00000e+00	
			         0.56500	-1.00000e+00	
			         0.56667	-1.00000e+00	
			         0.56833	-1.00000e+00	
			         0.57000	-1.00000e+00	
			         0.57167	0.00000e+00	
			         0.57333	0.00000e+00	
			         0.57500	1.00000e+00	
			         0.57667	2.00000e+00	
			         0.57833	3.00000e+00	
			         0.58000	5.00000e+00	
			         0.58167	6.00000e+00	
			         0.58333	7.00000e+00	
			         0.58500	7.00000e+00	
			         0.58667	8.00000e+00	
			         0.58833	8.00000e+00	
			         0.59000	7.00000e+00	
			         0.59167	6.00000e+00	
			         0.59333	5.00000e+00	
			         0.59500	4.00000e+00	
			         0.59667	3.00000e+00	
			         0.59833	2.00000e+00	
			         0.60000	1.00000e+00	
			         0.60167	0.00000e+00	
			         0.60333	-1.00000e+00	
			         0.60500	-2.00000e+00	
			         0.60667	-3.00000e+00	
			         0.60833	-4.00000e+00	
			         0.61000	-5.00000e+00	
			         0.61167	-6.00000e+00	
			         0.61333	-7.00000e+00	
			         0.61500	-7.00000e+00	
			         0.61667	-7.00000e+00	
			         0.61833	-7.00000e+00	
			         0.62000	-7.00000e+00	
			         0.62167	-7.00000e+00	
			         0.62333	-7.00000e+00	
			         0.62500	-7.00000e+00	
			         0.62667	-7.00000e+00	
			         0.62833	-7.00000e+00	
			         0.63000	-6.00000e+00	
			         0.63167	-5.00000e+00	
			         0.63333	-5.00000e+00	
			         0.63500	-4.00000e+00	
			         0.63667	-3.00000e+00	
			         0.63833	-3.00000e+00	
			         0.64000	-2.00000e+00	
			         0.64167	-2.00000e+00	
			         0.64333	-2.00000e+00	
			         0.64500	-2.00000e+00	
			         0.64667	-1.00000e+00	
			         0.64833	-1.00000e+00	
			         0.65000	-1.00000e+00	
			         0.65167	-1.00000e+00	
			         0.65333	-1.00000e+00	
			         0.65500	-1.00000e+00	
			         0.65667	-2.00000e+00	
			         0.65833	-2.00000e+00	
			         0.66000	-3.00000e+00	
			         0.66167	-4.00000e+00	
			         0.66333	-5.00000e+00	
			         0.66500	-6.00000e+00	
			         0.66667	-8.00000e+00	
			         0.66833	-1.00000e+01	
			         0.67000	-1.20000e+01	
			         0.67167	-1.40000e+01	
			         0.67333	-1.60000e+01	
			         0.67500	-1.80000e+01	
			         0.67667	-1.90000e+01	
			         0.67833	-1.90000e+01	
			         0.68000	-1.90000e+01	
			         0.68167	-1.80000e+01	
			         0.68333	-1.70000e+01	
			         0.68500	-1.50000e+01	
			         0.68667	-1.30000e+01	
			         0.68833	-1.10000e+01	
			         0.69000	-8.00000e+00	
			         0.69167	-6.00000e+00	
			         0.69333	-4.00000e+00	
			         0.69500	-2.00000e+00	
			         0.69667	-1.00000e+00	
			         0.69833	0.00000e+00	
			         0.70000	0.00000e+00	
			         0.70167	0.00000e+00	
			         0.70333	0.00000e+00	
			         0.70500	0.00000e+00	
			         0.70667	0.00000e+00	
			         0.70833	1.00000e+00	
			         0.71000	0.00000e+00	
			         0.71167	0.00000e+00	
			         0.71333	0.00000e+00	
			         0.71500	0.00000e+00	
			         0.71667	0.00000e+00	
			         0.71833	0.00000e+00	
			         0.72000	0.00000e+00	
			         0.72167	0.00000e+00	
			         0.72333	0.00000e+00	
			         0.72500	0.00000e+00	
			         0.72667	-1.00000e+00	
			         0.72833	-1.00000e+00	
			         0.73000	-2.00000e+00	
			         0.73167	-2.00000e+00	
			         0.73333	-3.00000e+00	
			         0.73500	-4.00000e+00	
			         0.73667	-4.00000e+00	
			         0.73833	-5.00000e+00	
			         0.74000	-6.00000e+00	
			         0.74167	-7.00000e+00	
			         0.74333	-8.00000e+00	
			         0.74500	-8.00000e+00	
			         0.74667	-8.00000e+00	
			         0.74833	-7.00000e+00	
			         0.75000	-7.00000e+00	
			         0.75167	-6.00000e+00	
			         0.75333	-5.00000e+00	
			         0.75500	-4.00000e+00	
			         0.75667	-3.00000e+00	
			         0.75833	-2.00000e+00	
			         0.76000	-1.00000e+00	
			         0.76167	-1.00000e+00	
			         0.76333	0.00000e+00	
			         0.76500	0.00000e+00	
			         0.76667	-1.00000e+00	
			         0.76833	-1.00000e+00	
			         0.77000	-1.00000e+00	
			         0.77167	-1.00000e+00	
			         0.77333	-1.00000e+00	
			         0.77500	-1.00000e+00	
			         0.77667	-1.00000e+00	
			         0.77833	-1.00000e+00	
			         0.78000	0.00000e+00	
			         0.78167	0.00000e+00	
			         0.78333	1.00000e+00	
			         0.78500	2.00000e+00	
			         0.78667	2.00000e+00	
			         0.78833	3.00000e+00	
			         0.79000	4.00000e+00	
			         0.79167	4.00000e+00	
			         0.79333	5.00000e+00	
			         0.79500	5.00000e+00	
			         0.79667	5.00000e+00	
			         0.79833	5.00000e+00	
			         0.80000	5.00000e+00	
			         0.80167	5.00000e+00	
			         0.80333	5.00000e+00	
			         0.80500	6.00000e+00	
			         0.80667	6.00000e+00	
			         0.80833	5.00000e+00	
			         0.81000	5.00000e+00	
			         0.81167	5.00000e+00	
			         0.81333	4.00000e+00	
			         0.81500	4.00000e+00	
			         0.81667	3.00000e+00	
			         0.81833	2.00000e+00	
			         0.82000	1.00000e+00	
			         0.82167	0.00000e+00	
			         0.82333	-1.00000e+00	
			         0.82500	-2.00000e+00	
			         0.82667	-3.00000e+00	
			         0.82833	-4.00000e+00	
			         0.83000	-5.00000e+00	
			         0.83167	-6.00000e+00	
			         0.83333	-7.00000e+00	
			         0.83500	-7.00000e+00	
			         0.83667	-7.00000e+00	
			         0.83833	-7.00000e+00	
			         0.84000	-7.00000e+00	
			         0.84167	-7.00000e+00	
			         0.84333	-6.00000e+00	
			         0.84500	-6.00000e+00	
			         0.84667	-4.00000e+00	
			         0.84833	-3.00000e+00	
			         0.85000	-1.00000e+00	
			         0.85167	2.00000e+00	
			         0.85333	5.00000e+00	
			         0.85500	8.00000e+00	
			         0.85667	1.10000e+01	
			         0.85833	1.50000e+01	
			         0.86000	1.90000e+01	
			         0.86167	2.20000e+01	
			         0.86333	2.60000e+01	
			         0.86500	2.90000e+01	
			         0.86667	3.30000e+01	
			         0.86833	3.50000e+01	
			         0.87000	3.80000e+01	
			         0.87167	4.00000e+01	
			         0.87333	4.10000e+01	
			         0.87500	4.30000e+01	
			         0.87667	4.50000e+01	
			         0.87833	4.70000e+01	
			         0.88000	4.80000e+01	
			         0.88167	5.00000e+01	
			         0.88333	5.10000e+01	
			         0.88500	5.30000e+01	
			         0.88667	5.50000e+01	
			         0.88833	5.60000e+01	
			         0.89000	5.80000e+01	
			         0.89167	5.90000e+01	
			         0.89333	6.00000e+01	
			         0.89500	6.10000e+01	
			         0.89667	6.20000e+01	
			         0.89833	6.20000e+01	
			         0.90000	6.30000e+01	
			         0.90167	6.30000e+01	
			         0.90333	6.30000e+01	
			         0.90500	6.40000e+01	
			         0.90667	6.40000e+01	
			         0.90833	6.40000e+01	
			         0.91000	6.40000e+01	
			         0.91167	6.40000e+01	
			         0.91333	6.40000e+01	
			         0.91500	6.40000e+01	
			         0.91667	6.40000e+01	
			         0.91833	6.30000e+01	
			         0.92000	6.20000e+01	
			         0.92167	6.00000e+01	
			         0.92333	5.90000e+01	
			         0.92500	5.70000e+01	
			         0.92667	5.50000e+01	
			         0.92833	5.30000e+01	
			         0.93000	5.10000e+01	
			         0.93167	4.90000e+01	
			         0.93333	4.70000e+01	
			         0.93500	4.40000e+01	
			         0.93667	4.00000e+01	
			         0.93833	3.60000e+01	
			         0.94000	3.20000e+01	
			         0.94167	2.70000e+01	
			         0.94333	2.20000e+01	
			         0.94500	1.60000e+01	
			         0.94667	1.00000e+01	
			         0.94833	3.00000e+00	
			         0.95000	-4.00000e+00	
			         0.95167	-1.10000e+01	
			         0.95333	-1.70000e+01	
			         0.95500	-2.40000e+01	
			         0.95667	-3.00000e+01	
			         0.95833	-3.50000e+01	
			         0.96000	-4.00000e+01	
			         0.96167	-4.40000e+01	
			         0.96333	-4.80000e+01	
			         0.96500	-5.10000e+01	
			         0.96667	-5.30000e+01	
			         0.96833	-5.50000e+01	
			         0.97000	-5.70000e+01	
			         0.97167	-5.80000e+01	
			         0.97333	-5.90000e+01	
			         0.97500	-5.90000e+01	
			         0.97667	-5.90000e+01	
			         0.97833	-5.80000e+01	
			         0.98000	-5.80000e+01	
			         0.98167	-5.70000e+01	
			         0.98333	-5.60000e+01	
			         0.98500	-5.50000e+01	
			         0.98667	-5.40000e+01	
			         0.98833	-5.30000e+01	
			         0.99000	-5.10000e+01	
			         0.99167	-5.00000e+01	
			         0.99333	-4.90000e+01	
			         0.99500	-4.80000e+01	
			         0.99667	-4.70000e+01	
			         0.99833	-4.70000e+01	
			         1.00000	-4.60000e+01	
			         1.00167	-4.50000e+01	
			         1.00333	-4.40000e+01	
			         1.00500	-4.40000e+01	
			         1.00667	-4.30000e+01	
			         1.00833	-4.20000e+01	
			         1.01000	-4.10000e+01	
			         1.01167	-4.00000e+01	
			         1.01333	-3.90000e+01	
			         1.01500	-3.70000e+01	
			         1.01667	-3.50000e+01	
			         1.01833	-3.40000e+01	
			         1.02000	-3.20000e+01	
			         1.02167	-3.10000e+01	
			         1.02333	-2.90000e+01	
			         1.02500	-2.70000e+01	
			         1.02667	-2.50000e+01	
			         1.02833	-2.30000e+01	
			         1.03000	-1.90000e+01	
			         1.03167	-1.60000e+01	
			         1.03333	-1.20000e+01	
			         1.03500	-8.00000e+00	
			         1.03667	-4.00000e+00	
			         1.03833	0.00000e+00	
			         1.04000	4.00000e+00	
			         1.04167	9.00000e+00	
			         1.04333	1.40000e+01	
			         1.04500	2.10000e+01	
			         1.04667	2.90000e+01	
			         1.04833	4.00000e+01	
			         1.05000	5.30000e+01	
			         1.05167	6.90000e+01	
			         1.05333	8.70000e+01	
			         1.05500	1.08000e+02	
			         1.05667	1.32000e+02	
			         1.05833	1.57000e+02	
			         1.06000	1.82000e+02	
			         1.06167	2.07000e+02	
			         1.06333	2.30000e+02	
			         1.06500	2.50000e+02	
			         1.06667	2.63000e+02	
			         1.06833	2.71000e+02	
			         1.07000	2.70000e+02	
			         1.07167	2.61000e+02	
			         1.07333	2.43000e+02	
			         1.07500	2.17000e+02	
			         1.07667	1.84000e+02	
			         1.07833	1.43000e+02	
			         1.08000	9.80000e+01	
			         1.08167	5.00000e+01	
			         1.08333	1.00000e+00	
			         1.08500	-4.60000e+01	
			         1.08667	-9.10000e+01	
			         1.08833	-1.31000e+02	
			         1.09000	-1.65000e+02	
			         1.09167	-1.94000e+02	
			         1.09333	-2.17000e+02	
			         1.09500	-2.33000e+02	
			         1.09667	-2.42000e+02	
			         1.09833	-2.45000e+02	
			         1.10000	-2.43000e+02	
			         1.10167	-2.37000e+02	
			         1.10333	-2.28000e+02	
			         1.10500	-2.16000e+02	
			         1.10667	-2.03000e+02	
			         1.10833	-1.89000e+02	
			         1.11000	-1.75000e+02	
			         1.11167	-1.61000e+02	
			         1.11333	-1.47000e+02	
			         1.11500	-1.33000e+02	
			         1.11667	-1.19000e+02	
			         1.11833	-1.06000e+02	
			         1.12000	-9.40000e+01	
			         1.12167	-8.30000e+01	
			         1.12333	-7.30000e+01	
			         1.12500	-6.30000e+01	
			         1.12667	-5.40000e+01	
			         1.12833	-4.50000e+01	
			         1.13000	-3.80000e+01	
			         1.13167	-3.10000e+01	
			         1.13333	-2.50000e+01	
			         1.13500	-2.00000e+01	
			         1.13667	-1.50000e+01	
			         1.13833	-1.10000e+01	
			         1.14000	-7.00000e+00	
			         1.14167	-3.00000e+00	
			         1.14333	0.00000e+00	
			         1.14500	3.00000e+00	
			         1.14667	5.00000e+00	
			         1.14833	7.00000e+00	
			         1.15000	9.00000e+00	
			         1.15167	1.00000e+01	
			         1.15333	1.20000e+01	
			         1.15500	1.20000e+01	
			         1.15667	1.30000e+01	
			         1.15833	1.40000e+01	
			         1.16000	1.40000e+01	
			         1.16167	1.50000e+01	
			         1.16333	1.50000e+01	
			         1.16500	1.60000e+01	
			         1.16667	1.60000e+01	
			         1.16833	1.60000e+01	
			         1.17000	1.60000e+01	
			         1.17167	1.70000e+01	
			         1.17333	1.80000e+01	
			         1.17500	1.90000e+01	
			         1.17667	2.00000e+01	
			         1.17833	2.10000e+01	
			         1.18000	2.20000e+01	
			         1.18167	2.30000e+01	
			         1.18333	2.40000e+01	
			         1.18500	2.50000e+01	
			         1.18667	2.60000e+01	
			         1.18833	2.60000e+01	
			         1.19000	2.70000e+01	
			         1.19167	2.70000e+01	
			         1.19333	2.60000e+01	
			         1.19500	2.60000e+01	
			         1.19667	2.50000e+01	
			         1.19833	2.40000e+01	
			         1.20000	2.30000e+01	
			         1.20167	2.20000e+01	
			         1.20333	2.10000e+01	
			         1.20500	2.00000e+01	
			         1.20667	2.00000e+01	
			         1.20833	2.00000e+01	
			         1.21000	1.90000e+01	
			         1.21167	1.90000e+01	
			         1.21333	2.00000e+01	
			         1.21500	2.10000e+01	
			         1.21667	2.10000e+01	
			         1.21833	2.20000e+01	
			         1.22000	2.30000e+01	
			         1.22167	2.40000e+01	
			         1.22333	2.40000e+01	
			         1.22500	2.50000e+01	
			         1.22667	2.50000e+01	
			         1.22833	2.50000e+01	
			         1.23000	2.50000e+01	
			         1.23167	2.60000e+01	
			         1.23333	2.60000e+01	
			         1.23500	2.60000e+01	
			         1.23667	2.70000e+01	
			         1.23833	2.80000e+01	
			         1.24000	2.80000e+01	
			         1.24167	2.90000e+01	
			         1.24333	3.00000e+01	
			         1.24500	3.10000e+01	
			         1.24667	3.30000e+01	
			         1.24833	3.40000e+01	
			         1.25000	3.60000e+01	
			         1.25167	3.80000e+01	
			         1.25333	3.90000e+01	
			         1.25500	4.10000e+01	
			         1.25667	4.20000e+01	
			         1.25833	4.40000e+01	
			         1.26000	4.50000e+01	
			         1.26167	4.60000e+01	
			         1.26333	4.70000e+01	
			         1.26500	4.80000e+01	
			         1.26667	4.90000e+01	
			         1.26833	4.90000e+01	
			         1.27000	4.90000e+01	
			         1.27167	5.00000e+01	
			         1.27333	5.00000e+01	
			         1.27500	5.00000e+01	
			         1.27667	5.10000e+01	
			         1.27833	5.10000e+01	
			         1.28000	5.20000e+01	
			         1.28167	5.40000e+01	
			         1.28333	5.50000e+01	
			         1.28500	5.80000e+01	
			         1.28667	6.00000e+01	
			         1.28833	6.30000e+01	
			         1.29000	6.60000e+01	
			         1.29167	6.90000e+01	
			         1.29333	7.10000e+01	
			         1.29500	7.40000e+01	
			         1.29667	7.70000e+01	
			         1.29833	7.90000e+01	
			         1.30000	8.10000e+01	
			         1.30167	8.30000e+01	
			         1.30333	8.50000e+01	
			         1.30500	8.70000e+01	
			         1.30667	9.00000e+01	
			         1.30833	9.30000e+01	
			         1.31000	9.60000e+01	
			         1.31167	9.90000e+01	
			         1.31333	1.03000e+02	
			         1.31500	1.07000e+02	
			         1.31667	1.11000e+02	
			         1.31833	1.15000e+02	
			         1.32000	1.19000e+02	
			         1.32167	1.22000e+02	
			         1.32333	1.25000e+02	
			         1.32500	1.28000e+02	
			         1.32667	1.31000e+02	
			         1.32833	1.33000e+02	
			         1.33000	1.35000e+02	
			         1.33167	1.36000e+02	
			         1.33333	1.37000e+02	
			         1.33500	1.38000e+02	
			         1.33667	1.39000e+02	
			         1.33833	1.40000e+02	
			         1.34000	1.41000e+02	
			         1.34167	1.42000e+02	
			         1.34333	1.42000e+02	
			         1.34500	1.42000e+02	
			         1.34667	1.41000e+02	
			         1.34833	1.40000e+02	
			         1.35000	1.39000e+02	
			         1.35167	1.37000e+02	
			         1.35333	1.34000e+02	
			         1.35500	1.31000e+02	
			         1.35667	1.27000e+02	
			         1.35833	1.23000e+02	
			         1.36000	1.18000e+02	
			         1.36167	1.13000e+02	
			         1.36333	1.07000e+02	
			         1.36500	1.02000e+02	
			         1.36667	9.60000e+01	
			         1.36833	9.00000e+01	
			         1.37000	8.40000e+01	
			         1.37167	7.80000e+01	
			         1.37333	7.10000e+01	
			         1.37500	6.50000e+01	
			         1.37667	5.90000e+01	
			         1.37833	5.20000e+01	
			         1.38000	4.60000e+01	
			         1.38167	3.90000e+01	
			         1.38333	3.30000e+01	
			         1.38500	2.50000e+01	
			         1.38667	1.80000e+01	
			         1.38833	1.10000e+01	
			         1.39000	4.00000e+00	
			         1.39167	-4.00000e+00	
			         1.39333	-1.10000e+01	
			         1.39500	-1.90000e+01	
			         1.39667	-2.60000e+01	
			         1.39833	-3.30000e+01	
			         1.40000	-4.00000e+01	
			         1.40167	-4.60000e+01	
			         1.40333	-5.20000e+01	
			         1.40500	-5.80000e+01	
			         1.40667	-6.30000e+01	
			         1.40833	-6.80000e+01	
			         1.41000	-7.30000e+01	
			         1.41167	-7.70000e+01	
			         1.41333	-8.00000e+01	
			         1.41500	-8.40000e+01	
			         1.41667	-8.70000e+01	
			         1.41833	-8.90000e+01	
			         1.42000	-9.20000e+01	
			         1.42167	-9.40000e+01	
			         1.42333	-9.60000e+01	
			         1.42500	-9.90000e+01	
			         1.42667	-1.01000e+02	
			         1.42833	-1.03000e+02	
			         1.43000	-1.05000e+02	
			         1.43167	-1.06000e+02	
			         1.43333	-1.08000e+02	
			         1.43500	-1.10000e+02	
			         1.43667	-1.11000e+02	
			         1.43833	-1.13000e+02	
			         1.44000	-1.14000e+02	
			         1.44167	-1.15000e+02	
			         1.44333	-1.15000e+02	
			         1.44500	-1.15000e+02	
			         1.44667	-1.15000e+02	
			         1.44833	-1.14000e+02	
			         1.45000	-1.13000e+02	
			         1.45167	-1.11000e+02	
			         1.45333	-1.09000e+02	
			         1.45500	-1.06000e+02	
			         1.45667	-1.04000e+02	
			         1.45833	-1.01000e+02	
			         1.46000	-9.90000e+01	
			         1.46167	-9.60000e+01	
			         1.46333	-9.40000e+01	
			         1.46500	-9.20000e+01	
			         1.46667	-9.00000e+01	
			         1.46833	-8.90000e+01	
			         1.47000	-8.80000e+01	
			         1.47167	-8.70000e+01	
			         1.47333	-8.60000e+01	
			         1.47500	-8.60000e+01	
			         1.47667	-8.50000e+01	
			         1.47833	-8.50000e+01	
			         1.48000	-8.40000e+01	
			         1.48167	-8.40000e+01	
			         1.48333	-8.30000e+01	
			         1.48500	-8.10000e+01	
			         1.48667	-8.00000e+01	
			         1.48833	-7.80000e+01	
			         1.49000	-7.70000e+01	
			         1.49167	-7.50000e+01	
			         1.49333	-7.30000e+01	
			         1.49500	-7.10000e+01	
			         1.49667	-6.90000e+01	
			         1.49833	-6.60000e+01	
			         1.50000	-6.40000e+01	
			         1.50167	-6.20000e+01	
			         1.50333	-6.00000e+01	
			         1.50500	-5.80000e+01	
			         1.50667	-5.60000e+01	
			         1.50833	-5.40000e+01	
			         1.51000	-5.20000e+01	
			         1.51167	-5.00000e+01	
			         1.51333	-4.70000e+01	
			         1.51500	-4.50000e+01	
			         1.51667	-4.30000e+01	
			         1.51833	-4.00000e+01	
			         1.52000	-3.80000e+01	
			         1.52167	-3.50000e+01	
			         1.52333	-3.30000e+01	
			         1.52500	-3.10000e+01	
			         1.52667	-2.80000e+01	
			         1.52833	-2.60000e+01	
			         1.53000	-2.30000e+01	
			         1.53167	-2.10000e+01	
			         1.53333	-1.90000e+01	
			         1.53500	-1.70000e+01	
			         1.53667	-1.50000e+01	
			         1.53833	-1.30000e+01	
			         1.54000	-1.10000e+01	
			         1.54167	-1.00000e+01	
			         1.54333	-9.00000e+00	
			         1.54500	-8.00000e+00	
			         1.54667	-8.00000e+00	
			         1.54833	-7.00000e+00	
			         1.55000	-7.00000e+00	
			         1.55167	-7.00000e+00	
			         1.55333	-7.00000e+00	
			         1.55500	-7.00000e+00	
			         1.55667	-8.00000e+00	
			         1.55833	-8.00000e+00	
			         1.56000	-8.00000e+00	
			         1.56167	-8.00000e+00	
			         1.56333	-7.00000e+00	
			         1.56500	-7.00000e+00	
			         1.56667	-6.00000e+00	
			         1.56833	-6.00000e+00	
			         1.57000	-5.00000e+00	
			         1.57167	-4.00000e+00	
			         1.57333	-3.00000e+00	
			         1.57500	-2.00000e+00	
			         1.57667	-1.00000e+00	
			         1.57833	0.00000e+00	
			         1.58000	1.00000e+00	
			         1.58167	2.00000e+00	
			         1.58333	3.00000e+00	
			         1.58500	4.00000e+00	
			         1.58667	4.00000e+00	
			         1.58833	4.00000e+00	
			         1.59000	4.00000e+00	
			         1.59167	4.00000e+00	
			         1.59333	4.00000e+00	
			         1.59500	4.00000e+00	
			         1.59667	3.00000e+00	
			         1.59833	3.00000e+00	
			         1.60000	3.00000e+00	
			         1.60167	3.00000e+00	
			         1.60333	2.00000e+00	
			         1.60500	2.00000e+00	
			         1.60667	2.00000e+00	
			         1.60833	2.00000e+00	
			         1.61000	2.00000e+00	
			         1.61167	2.00000e+00	
			         1.61333	2.00000e+00	
			         1.61500	2.00000e+00	
			         1.61667	2.00000e+00	
			         1.61833	3.00000e+00	
			         1.62000	3.00000e+00	
			         1.62167	3.00000e+00	
			         1.62333	3.00000e+00	
			         1.62500	3.00000e+00	
			         1.62667	3.00000e+00	
			         1.62833	2.00000e+00	
			         1.63000	2.00000e+00	
			         1.63167	2.00000e+00	
			         1.63333	1.00000e+00	
			         1.63500	0.00000e+00	
			         1.63667	-1.00000e+00	
			         1.63833	-3.00000e+00	
			         1.64000	-4.00000e+00	
			         1.64167	-5.00000e+00	
			         1.64333	-6.00000e+00	
			         1.64500	-8.00000e+00	
			         1.64667	-9.00000e+00	
			         1.64833	-1.00000e+01	
			         1.65000	-1.10000e+01	
			         1.65167	-1.20000e+01	
			         1.65333	-1.20000e+01	
			         1.65500	-1.20000e+01	
			         1.65667	-1.20000e+01	
			         1.65833	-1.20000e+01	
			         1.66000	-1.10000e+01	
			         1.66167	-1.10000e+01	
			         1.66333	-1.00000e+01	
			         1.66500	-9.00000e+00	
			         1.66667	-9.00000e+00	
			         1.66833	-8.00000e+00	
			         1.67000	-7.00000e+00	
			         1.67167	-7.00000e+00	
			         1.67333	-7.00000e+00	
			         1.67500	-7.00000e+00	
			         1.67667	-7.00000e+00	
			         1.67833	-7.00000e+00	
			         1.68000	-7.00000e+00	
			         1.68167	-8.00000e+00	
			         1.68333	-8.00000e+00	
			         1.68500	-7.00000e+00	
			         1.68667	-7.00000e+00	
			         1.68833	-6.00000e+00	
			         1.69000	-6.00000e+00	
			         1.69167	-5.00000e+00	
			         1.69333	-4.00000e+00	
			         1.69500	-3.00000e+00	
			         1.69667	-3.00000e+00	
			         1.69833	-2.00000e+00	
			         1.70000	-2.00000e+00	
			         1.70167	-2.00000e+00	
			         1.70333	-2.00000e+00	
			         1.70500	-2.00000e+00	
			         1.70667	-2.00000e+00	
			         1.70833	-3.00000e+00	
			         1.71000	-4.00000e+00	
			         1.71167	-4.00000e+00	
			         1.71333	-5.00000e+00	
			         1.71500	-6.00000e+00	
			         1.71667	-7.00000e+00	
			         1.71833	-7.00000e+00	
			         1.72000	-8.00000e+00	
			         1.72167	-8.00000e+00	
			         1.72333	-9.00000e+00	
			         1.72500	-9.00000e+00	
			         1.72667	-9.00000e+00	
			         1.72833	-9.00000e+00	
			         1.73000	-1.00000e+01	
			         1.73167	-1.00000e+01	
			         1.73333	-1.00000e+01	
			         1.73500	-1.00000e+01	
			         1.73667	-1.00000e+01	
			         1.73833	-1.00000e+01	
			         1.74000	-1.00000e+01	
			         1.74167	-1.00000e+01	
			         1.74333	-1.00000e+01	
			         1.74500	-1.00000e+01	
			         1.74667	-1.00000e+01	
			         1.74833	-1.10000e+01	
			         1.75000	-1.10000e+01	
			         1.75167	-1.10000e+01	
			         1.75333	-1.10000e+01	
			         1.75500	-1.10000e+01	
			         1.75667	-1.10000e+01	
			         1.75833	-1.20000e+01	
			         1.76000	-1.20000e+01	
			         1.76167	-1.20000e+01	
			         1.76333	-1.20000e+01	
			         1.76500	-1.20000e+01	
			         1.76667	-1.20000e+01	
			         1.76833	-1.20000e+01	
			         1.77000	-1.10000e+01	
			         1.77167	-1.10000e+01	
			         1.77333	-1.00000e+01	
			         1.77500	-1.00000e+01	
			         1.77667	-9.00000e+00	
			         1.77833	-9.00000e+00	
			         1.78000	-9.00000e+00	
			         1.78167	-9.00000e+00	
			         1.78333	-9.00000e+00	
			         1.78500	-9.00000e+00	
			         1.78667	-1.00000e+01	
			         1.78833	-1.10000e+01	
			         1.79000	-1.20000e+01	
			         1.79167	-1.20000e+01	
			         1.79333	-1.30000e+01	
			         1.79500	-1.30000e+01	
			         1.79667	-1.30000e+01	
			         1.79833	-1.30000e+01	
			         1.80000	-1.20000e+01	
			         1.80167	-1.20000e+01	
			         1.80333	-1.10000e+01	
			         1.80500	-1.00000e+01	
			         1.80667	-1.00000e+01	
			         1.80833	-9.00000e+00	
			         1.81000	-9.00000e+00	
			         1.81167	-8.00000e+00	
			         1.81333	-8.00000e+00	
			         1.81500	-8.00000e+00	
			         1.81667	-8.00000e+00	
			         1.81833	-8.00000e+00	
			         1.82000	-8.00000e+00	
			         1.82167	-7.00000e+00	
			         1.82333	-7.00000e+00	
			         1.82500	-6.00000e+00	
			         1.82667	-5.00000e+00	
			         1.82833	-4.00000e+00	
			         1.83000	-4.00000e+00	
			         1.83167	-3.00000e+00	
			         1.83333	-2.00000e+00	
			         1.83500	-1.00000e+00	
			         1.83667	0.00000e+00	
			         1.83833	0.00000e+00	
			         1.84000	1.00000e+00	
			         1.84167	2.00000e+00	
			         1.84333	2.00000e+00	
			         1.84500	3.00000e+00	
			         1.84667	3.00000e+00	
			         1.84833	4.00000e+00	
			         1.85000	4.00000e+00	
			         1.85167	4.00000e+00	
			         1.85333	4.00000e+00	
			         1.85500	4.00000e+00	
			         1.85667	4.00000e+00	
			         1.85833	4.00000e+00	
			         1.86000	4.00000e+00	
			         1.86167	4.00000e+00	
			         1.86333	4.00000e+00	
			         1.86500	3.00000e+00	
			         1.86667	3.00000e+00	
			         1.86833	2.00000e+00	
			         1.87000	2.00000e+00	
			         1.87167	1.00000e+00	
			         1.87333	1.00000e+00	
			         1.87500	0.00000e+00	
			         1.87667	0.00000e+00	
			         1.87833	-1.00000e+00	
			         1.88000	-1.00000e+00	
			         1.88167	-2.00000e+00	
			         1.88333	-3.00000e+00	
			         1.88500	-3.00000e+00	
			         1.88667	-3.00000e+00	
			         1.88833	-2.00000e+00	
			         1.89000	-2.00000e+00	
			         1.89167	-1.00000e+00	
			         1.89333	0.00000e+00	
			         1.89500	1.00000e+00	
			         1.89667	2.00000e+00	
			         1.89833	3.00000e+00	
			         1.90000	4.00000e+00	
			         1.90167	5.00000e+00	
			         1.90333	6.00000e+00	
			         1.90500	7.00000e+00	
			         1.90667	9.00000e+00	
			         1.90833	1.00000e+01	
			         1.91000	1.20000e+01	
			         1.91167	1.40000e+01	
			         1.91333	1.60000e+01	
			         1.91500	1.90000e+01	
			         1.91667	2.20000e+01	
			         1.91833	2.50000e+01	
			         1.92000	2.80000e+01	
			         1.92167	3.10000e+01	
			         1.92333	3.40000e+01	
			         1.92500	3.60000e+01	
			         1.92667	3.90000e+01	
			         1.92833	4.20000e+01	
			         1.93000	4.40000e+01	
			         1.93167	4.50000e+01	
			         1.93333	4.60000e+01	
			         1.93500	4.70000e+01	
			         1.93667	4.70000e+01	
			         1.93833	4.80000e+01	
			         1.94000	4.80000e+01	
			         1.94167	4.90000e+01	
			         1.94333	5.00000e+01	
			         1.94500	5.10000e+01	
			         1.94667	5.10000e+01	
			         1.94833	5.20000e+01	
			         1.95000	5.30000e+01	
			         1.95167	5.40000e+01	
			         1.95333	5.50000e+01	
			         1.95500	5.60000e+01	
			         1.95667	5.80000e+01	
			         1.95833	5.90000e+01	
			         1.96000	6.00000e+01	
			         1.96167	6.10000e+01	
			         1.96333	6.10000e+01	
			         1.96500	6.10000e+01	
			         1.96667	6.10000e+01	
			         1.96833	6.00000e+01	
			         1.97000	6.00000e+01	
			         1.97167	5.90000e+01	
			         1.97333	5.80000e+01	
			         1.97500	5.60000e+01	
			         1.97667	5.40000e+01	
			         1.97833	5.20000e+01	
			         1.98000	4.90000e+01	
			         1.98167	4.60000e+01	
			         1.98333	4.40000e+01	
			         1.98500	4.10000e+01	
			         1.98667	3.80000e+01	
			         1.98833	3.50000e+01	
			         1.99000	3.10000e+01	
			         1.99167	2.80000e+01	
			         1.99333	2.40000e+01	
			         1.99500	1.90000e+01	
			         1.99667	1.40000e+01	
			         1.99833	9.00000e+00	
			         2.00000	4.00000e+00	
			         2.00167	-1.00000e+00	
			         2.00333	-7.00000e+00	
			         2.00500	-1.30000e+01	
			         2.00667	-1.90000e+01	
			         2.00833	-2.40000e+01	
			         2.01000	-2.90000e+01	
			         2.01167	-3.30000e+01	
			         2.01333	-3.70000e+01	
			         2.01500	-4.10000e+01	
			         2.01667	-4.40000e+01	
			         2.01833	-4.60000e+01	
			         2.02000	-4.80000e+01	
			         2.02167	-5.00000e+01	
			         2.02333	-5.10000e+01	
			         2.02500	-5.20000e+01	
			         2.02667	-5.30000e+01	
			         2.02833	-5.40000e+01	
			         2.03000	-5.40000e+01	
			         2.03167	-5.50000e+01	
			         2.03333	-5.50000e+01	
			         2.03500	-5.50000e+01	
			         2.03667	-5.50000e+01	
			         2.03833	-5.50000e+01	
			         2.04000	-5.40000e+01	
			         2.04167	-5.30000e+01	
			         2.04333	-5.20000e+01	
			         2.04500	-5.10000e+01	
			         2.04667	-5.00000e+01	
			         2.04833	-4.90000e+01	
			         2.05000	-4.70000e+01	
			         2.05167	-4.60000e+01	
			         2.05333	-4.50000e+01	
			         2.05500	-4.40000e+01	
			         2.05667	-4.30000e+01	
			         2.05833	-4.30000e+01	
			         2.06000	-4.20000e+01	
			         2.06167	-4.20000e+01	
			         2.06333	-4.20000e+01	
			         2.06500	-4.20000e+01	
			         2.06667	-4.20000e+01	
			         2.06833	-4.20000e+01	
			         2.07000	-4.20000e+01	
			         2.07167	-4.20000e+01	
			         2.07333	-4.10000e+01	
			         2.07500	-4.10000e+01	
			         2.07667	-4.00000e+01	
			         2.07833	-3.90000e+01	
			         2.08000	-3.70000e+01	
			         2.08167	-3.50000e+01	
			         2.08333	-3.20000e+01	
			         2.08500	-2.80000e+01	
			         2.08667	-2.40000e+01	
			         2.08833	-2.00000e+01	
			         2.09000	-1.40000e+01	
			         2.09167	-9.00000e+00	
			         2.09333	-4.00000e+00	
			         2.09500	1.00000e+00	
			         2.09667	6.00000e+00	
			         2.09833	1.20000e+01	
			         2.10000	2.00000e+01	
			         2.10167	2.80000e+01	
			         2.10333	3.90000e+01	
			         2.10500	5.20000e+01	
			         2.10667	6.80000e+01	
			         2.10833	8.60000e+01	
			         2.11000	1.06000e+02	
			         2.11167	1.28000e+02	
			         2.11333	1.51000e+02	
			         2.11500	1.75000e+02	
			         2.11667	1.99000e+02	
			         2.11833	2.20000e+02	
			         2.12000	2.39000e+02	
			         2.12167	2.52000e+02	
			         2.12333	2.58000e+02	
			         2.12500	2.58000e+02	
			         2.12667	2.49000e+02	
			         2.12833	2.32000e+02	
			         2.13000	2.08000e+02	
			         2.13167	1.75000e+02	
			         2.13333	1.37000e+02	
			         2.13500	9.30000e+01	
			         2.13667	4.70000e+01	
			         2.13833	0.00000e+00	
			         2.14000	-4.60000e+01	
			         2.14167	-9.00000e+01	
			         2.14333	-1.29000e+02	
			         2.14500	-1.64000e+02	
			         2.14667	-1.93000e+02	
			         2.14833	-2.16000e+02	
			         2.15000	-2.32000e+02	
			         2.15167	-2.42000e+02	
			         2.15333	-2.46000e+02	
			         2.15500	-2.44000e+02	
			         2.15667	-2.39000e+02	
			         2.15833	-2.30000e+02	
			         2.16000	-2.19000e+02	
			         2.16167	-2.06000e+02	
			         2.16333	-1.93000e+02	
			         2.16500	-1.79000e+02	
			         2.16667	-1.65000e+02	
			         2.16833	-1.51000e+02	
			         2.17000	-1.37000e+02	
			         2.17167	-1.24000e+02	
			         2.17333	-1.11000e+02	
			         2.17500	-9.80000e+01	
			         2.17667	-8.60000e+01	
			         2.17833	-7.50000e+01	
			         2.18000	-6.50000e+01	
			         2.18167	-5.50000e+01	
			         2.18333	-4.70000e+01	
			         2.18500	-3.90000e+01	
			         2.18667	-3.20000e+01	
			         2.18833	-2.50000e+01	
			         2.19000	-1.90000e+01	
			         2.19167	-1.30000e+01	
			         2.19333	-8.00000e+00	
			         2.19500	-4.00000e+00	
			         2.19667	0.00000e+00	
			         2.19833	3.00000e+00	
			         2.20000	6.00000e+00	
			         2.20167	9.00000e+00	
			         2.20333	1.10000e+01	
			         2.20500	1.30000e+01	
			         2.20667	1.50000e+01	
			         2.20833	1.60000e+01	
			         2.21000	1.80000e+01	
			         2.21167	1.90000e+01	
			         2.21333	2.00000e+01	
			         2.21500	2.10000e+01	
			         2.21667	2.20000e+01	
			         2.21833	2.40000e+01	
			         2.22000	2.50000e+01	
			         2.22167	2.70000e+01	
			         2.22333	2.80000e+01	
			         2.22500	2.90000e+01	
			         2.22667	2.90000e+01	
			         2.22833	2.90000e+01	
			         2.23000	2.90000e+01	
			         2.23167	2.80000e+01	
			         2.23333	2.80000e+01	
			         2.23500	2.70000e+01	
			         2.23667	2.60000e+01	
			         2.23833	2.50000e+01	
			         2.24000	2.50000e+01	
			         2.24167	2.40000e+01	
			         2.24333	2.40000e+01	
			         2.24500	2.40000e+01	
			         2.24667	2.30000e+01	
			         2.24833	2.30000e+01	
			         2.25000	2.30000e+01	
			         2.25167	2.30000e+01	
			         2.25333	2.30000e+01	
			         2.25500	2.20000e+01	
			         2.25667	2.20000e+01	
			         2.25833	2.10000e+01	
			         2.26000	2.00000e+01	
			         2.26167	2.00000e+01	
			         2.26333	1.90000e+01	
			         2.26500	1.90000e+01	
			         2.26667	1.80000e+01	
			         2.26833	1.80000e+01	
			         2.27000	1.80000e+01	
			         2.27167	1.80000e+01	
			         2.27333	1.90000e+01	
			         2.27500	1.90000e+01	
			         2.27667	1.90000e+01	
			         2.27833	1.90000e+01	
			         2.28000	1.90000e+01	
			         2.28167	1.90000e+01	
			         2.28333	1.90000e+01	
			         2.28500	1.80000e+01	
			         2.28667	1.90000e+01	
			         2.28833	1.90000e+01	
			         2.29000	1.90000e+01	
			         2.29167	2.00000e+01	
			         2.29333	2.10000e+01	
			         2.29500	2.10000e+01	
			         2.29667	2.20000e+01	
			         2.29833	2.30000e+01	
			         2.30000	2.40000e+01	
			         2.30167	2.50000e+01	
			         2.30333	2.60000e+01	
			         2.30500	2.70000e+01	
			         2.30667	2.80000e+01	
			         2.30833	2.80000e+01	
			         2.31000	2.90000e+01	
			         2.31167	3.00000e+01	
			         2.31333	3.00000e+01	
			         2.31500	3.10000e+01	
			         2.31667	3.20000e+01	
			         2.31833	3.30000e+01	
			         2.32000	3.30000e+01	
			         2.32167	3.40000e+01	
			         2.32333	3.40000e+01	
			         2.32500	3.50000e+01	
			         2.32667	3.60000e+01	
			         2.32833	3.60000e+01	
			         2.33000	3.70000e+01	
			         2.33167	3.90000e+01	
			         2.33333	4.00000e+01	
			         2.33500	4.20000e+01	
			         2.33667	4.40000e+01	
			         2.33833	4.70000e+01	
			         2.34000	5.00000e+01	
			         2.34167	5.30000e+01	
			         2.34333	5.60000e+01	
			         2.34500	6.00000e+01	
			         2.34667	6.40000e+01	
			         2.34833	6.80000e+01	
			         2.35000	7.20000e+01	
			         2.35167	7.60000e+01	
			         2.35333	7.90000e+01	
			         2.35500	8.30000e+01	
			         2.35667	8.60000e+01	
			         2.35833	8.90000e+01	
			         2.36000	9.20000e+01	
			         2.36167	9.50000e+01	
			         2.36333	9.80000e+01	
			         2.36500	1.01000e+02	
			         2.36667	1.04000e+02	
			         2.36833	1.07000e+02	
			         2.37000	1.10000e+02	
			         2.37167	1.12000e+02	
			         2.37333	1.14000e+02	
			         2.37500	1.17000e+02	
			         2.37667	1.19000e+02	
			         2.37833	1.20000e+02	
			         2.38000	1.22000e+02	
			         2.38167	1.23000e+02	
			         2.38333	1.24000e+02	
			         2.38500	1.24000e+02	
			         2.38667	1.24000e+02	
			         2.38833	1.24000e+02	
			         2.39000	1.24000e+02	
			         2.39167	1.24000e+02	
			         2.39333	1.24000e+02	
			         2.39500	1.25000e+02	
			         2.39667	1.25000e+02	
			         2.39833	1.25000e+02	
			         2.40000	1.25000e+02	
			         2.40167	1.26000e+02	
			         2.40333	1.26000e+02	
			         2.40500	1.25000e+02	
			         2.40667	1.24000e+02	
			         2.40833	1.22000e+02	
			         2.41000	1.20000e+02	
			         2.41167	1.16000e+02	
			         2.41333	1.13000e+02	
			         2.41500	1.08000e+02	
			         2.41667	1.04000e+02	
			         2.41833	9.90000e+01	
			         2.42000	9.30000e+01	
			         2.42167	8.70000e+01	
			         2.42333	8.10000e+01	
			         2.42500	7.50000e+01	
			         2.42667	6.80000e+01	
			         2.42833	6.20000e+01	
			         2.43000	5.60000e+01	
			         2.43167	5.00000e+01	
			         2.43333	4.40000e+01	
			         2.43500	3.80000e+01	
			         2.43667	3.20000e+01	
			         2.43833	2.60000e+01	
			         2.44000	2.00000e+01	
			         2.44167	1.30000e+01	
			         2.44333	7.00000e+00	
			         2.44500	0.00000e+00	
			         2.44667	-6.00000e+00	
			         2.44833	-1.30000e+01	
			         2.45000	-1.90000e+01	
			         2.45167	-2.60000e+01	
			         2.45333	-3.30000e+01	
			         2.45500	-4.00000e+01	
			         2.45667	-4.60000e+01	
			         2.45833	-5.20000e+01	
			         2.46000	-5.80000e+01	
			         2.46167	-6.40000e+01	
			         2.46333	-7.00000e+01	
			         2.46500	-7.50000e+01	
			         2.46667	-8.00000e+01	
			         2.46833	-8.40000e+01	
			         2.47000	-8.80000e+01	
			         2.47167	-9.20000e+01	
			         2.47333	-9.60000e+01	
			         2.47500	-9.90000e+01	
			         2.47667	-1.02000e+02	
			         2.47833	-1.04000e+02	
			         2.48000	-1.06000e+02	
			         2.48167	-1.08000e+02	
			         2.48333	-1.10000e+02	
			         2.48500	-1.11000e+02	
			         2.48667	-1.13000e+02	
			         2.48833	-1.14000e+02	
			         2.49000	-1.15000e+02	
			         2.49167	-1.15000e+02	
			         2.49333	-1.16000e+02	
			         2.49500	-1.16000e+02	
			         2.49667	-1.17000e+02	
			         2.49833	-1.17000e+02	
			         2.50000	-1.16000e+02	
			         2.50167	-1.15000e+02	
			         2.50333	-1.14000e+02	
			         2.50500	-1.12000e+02	
			         2.50667	-1.10000e+02	
			         2.50833	-1.08000e+02	
			         2.51000	-1.06000e+02	
			         2.51167	-1.04000e+02	
			         2.51333	-1.02000e+02	
			         2.51500	-9.90000e+01	
			         2.51667	-9.70000e+01	
			         2.51833	-9.40000e+01	
			         2.52000	-9.20000e+01	
			         2.52167	-9.10000e+01	
			         2.52333	-8.90000e+01	
			         2.52500	-8.80000e+01	
			         2.52667	-8.70000e+01	
			         2.52833	-8.60000e+01	
			         2.53000	-8.50000e+01	
			         2.53167	-8.40000e+01	
			         2.53333	-8.20000e+01	
			         2.53500	-8.10000e+01	
			         2.53667	-8.00000e+01	
			         2.53833	-7.80000e+01	
			         2.54000	-7.70000e+01	
			         2.54167	-7.50000e+01	
			         2.54333	-7.40000e+01	
			         2.54500	-7.20000e+01	
			         2.54667	-7.00000e+01	
			         2.54833	-6.80000e+01	
			         2.55000	-6.60000e+01	
			         2.55167	-6.40000e+01	
			         2.55333	-6.30000e+01	
			         2.55500	-6.10000e+01	
			         2.55667	-5.90000e+01	
			         2.55833	-5.70000e+01	
			         2.56000	-5.50000e+01	
			         2.56167	-5.30000e+01	
			         2.56333	-5.10000e+01	
			         2.56500	-4.90000e+01	
			         2.56667	-4.70000e+01	
			         2.56833	-4.50000e+01	
			         2.57000	-4.30000e+01	
			         2.57167	-4.20000e+01	
			         2.57333	-4.00000e+01	
			         2.57500	-3.90000e+01	
			         2.57667	-3.70000e+01	
			         2.57833	-3.60000e+01	
			         2.58000	-3.40000e+01	
			         2.58167	-3.20000e+01	
			         2.58333	-3.00000e+01	
			         2.58500	-2.70000e+01	
			         2.58667	-2.40000e+01	
			         2.58833	-2.10000e+01	
			         2.59000	-1.70000e+01	
			         2.59167	-1.30000e+01	
			         2.59333	-1.00000e+01	
			         2.59500	-6.00000e+00	
			         2.59667	-3.00000e+00	
			         2.59833	0.00000e+00	
			         2.60000	3.00000e+00	
			         2.60167	5.00000e+00	
			         2.60333	6.00000e+00	
			         2.60500	7.00000e+00	
			         2.60667	7.00000e+00	
			         2.60833	6.00000e+00	
			         2.61000	5.00000e+00	
			         2.61167	3.00000e+00	
			         2.61333	1.00000e+00	
			         2.61500	0.00000e+00	
			         2.61667	-2.00000e+00	
			         2.61833	-3.00000e+00	
			         2.62000	-5.00000e+00	
			         2.62167	-6.00000e+00	
			         2.62333	-7.00000e+00	
			         2.62500	-7.00000e+00	
			         2.62667	-8.00000e+00	
			         2.62833	-7.00000e+00	
			         2.63000	-7.00000e+00	
			         2.63167	-6.00000e+00	
			         2.63333	-5.00000e+00	
			         2.63500	-5.00000e+00	
			         2.63667	-4.00000e+00	
			         2.63833	-3.00000e+00	
			         2.64000	-2.00000e+00	
			         2.64167	-2.00000e+00	
			         2.64333	-1.00000e+00	
			         2.64500	-1.00000e+00	
			         2.64667	0.00000e+00	
			         2.64833	1.00000e+00	
			         2.65000	1.00000e+00	
			         2.65167	1.00000e+00	
			         2.65333	2.00000e+00	
			         2.65500	2.00000e+00	
			         2.65667	2.00000e+00	
			         2.65833	2.00000e+00	
			         2.66000	2.00000e+00	
			         2.66167	2.00000e+00	
			         2.66333	2.00000e+00	
			         2.66500	1.00000e+00	
			         2.66667	1.00000e+00	
			         2.66833	1.00000e+00	
			         2.67000	0.00000e+00	
			         2.67167	0.00000e+00	
			         2.67333	-1.00000e+00	
			         2.67500	-1.00000e+00	
			         2.67667	-2.00000e+00	
			         2.67833	-2.00000e+00	
			         2.68000	-3.00000e+00	
			         2.68167	-3.00000e+00	
			         2.68333	-4.00000e+00	
			         2.68500	-4.00000e+00	
			         2.68667	-5.00000e+00	
			         2.68833	-5.00000e+00	
			         2.69000	-5.00000e+00	
			         2.69167	-6.00000e+00	
			         2.69333	-6.00000e+00	
			         2.69500	-6.00000e+00	
			         2.69667	-6.00000e+00	
			         2.69833	-7.00000e+00	
			         2.70000	-7.00000e+00	
			         2.70167	-8.00000e+00	
			         2.70333	-9.00000e+00	
			         2.70500	-1.00000e+01	
			         2.70667	-1.10000e+01	
			         2.70833	-1.20000e+01	
			         2.71000	-1.40000e+01	
			         2.71167	-1.50000e+01	
			         2.71333	-1.60000e+01	
			         2.71500	-1.70000e+01	
			         2.71667	-1.80000e+01	
			         2.71833	-1.80000e+01	
			         2.72000	-1.80000e+01	
			         2.72167	-1.80000e+01	
			         2.72333	-1.80000e+01	
			         2.72500	-1.70000e+01	
			         2.72667	-1.70000e+01	
			         2.72833	-1.50000e+01	
			         2.73000	-1.40000e+01	
			         2.73167	-1.30000e+01	
			         2.73333	-1.20000e+01	
			         2.73500	-1.00000e+01	
			         2.73667	-9.00000e+00	
			         2.73833	-8.00000e+00	
			         2.74000	-7.00000e+00	
			         2.74167	-6.00000e+00	
			         2.74333	-5.00000e+00	
			         2.74500	-5.00000e+00	
			         2.74667	-5.00000e+00	
			         2.74833	-5.00000e+00	
			         2.75000	-6.00000e+00	
			         2.75167	-6.00000e+00	
			         2.75333	-7.00000e+00	
			         2.75500	-7.00000e+00	
			         2.75667	-8.00000e+00	
			         2.75833	-9.00000e+00	
			         2.76000	-9.00000e+00	
			         2.76167	-1.00000e+01	
			         2.76333	-1.00000e+01	
			         2.76500	-1.00000e+01	
			         2.76667	-1.00000e+01	
			         2.76833	-9.00000e+00	
			         2.77000	-9.00000e+00	
			         2.77167	-9.00000e+00	
			         2.77333	-8.00000e+00	
			         2.77500	-8.00000e+00	
			         2.77667	-8.00000e+00	
			         2.77833	-8.00000e+00	
			         2.78000	-9.00000e+00	
			         2.78167	-9.00000e+00	
			         2.78333	-9.00000e+00	
			         2.78500	-9.00000e+00	
			         2.78667	-9.00000e+00	
			         2.78833	-1.00000e+01	
			         2.79000	-1.00000e+01	
			         2.79167	-9.00000e+00	
			         2.79333	-9.00000e+00	
			         2.79500	-9.00000e+00	
			         2.79667	-8.00000e+00	
			         2.79833	-7.00000e+00	
			         2.80000	-7.00000e+00	
			         2.80167	-7.00000e+00	
			         2.80333	-6.00000e+00	
			         2.80500	-6.00000e+00	
			         2.80667	-5.00000e+00	
			         2.80833	-4.00000e+00	
			         2.81000	-4.00000e+00	
			         2.81167	-4.00000e+00	
			         2.81333	-3.00000e+00	
			         2.81500	-3.00000e+00	
			         2.81667	-3.00000e+00	
			         2.81833	-3.00000e+00	
			         2.82000	-3.00000e+00	
			         2.82167	-3.00000e+00	
			         2.82333	-3.00000e+00	
			         2.82500	-4.00000e+00	
			         2.82667	-4.00000e+00	
			         2.82833	-5.00000e+00	
			         2.83000	-5.00000e+00	
			         2.83167	-6.00000e+00	
			         2.83333	-7.00000e+00	
			         2.83500	-8.00000e+00	
			         2.83667	-8.00000e+00	
			         2.83833	-9.00000e+00	
			         2.84000	-1.00000e+01	
			         2.84167	-1.10000e+01	
			         2.84333	-1.20000e+01	
			         2.84500	-1.20000e+01	
			         2.84667	-1.20000e+01	
			         2.84833	-1.20000e+01	
			         2.85000	-1.20000e+01	
			         2.85167	-1.10000e+01	
			         2.85333	-1.10000e+01	
			         2.85500	-1.00000e+01	
			         2.85667	-1.00000e+01	
			         2.85833	-9.00000e+00	
			         2.86000	-8.00000e+00	
			         2.86167	-8.00000e+00	
			         2.86333	-7.00000e+00	
			         2.86500	-7.00000e+00	
			         2.86667	-7.00000e+00	
			         2.86833	-7.00000e+00	
			         2.87000	-7.00000e+00	
			         2.87167	-7.00000e+00	
			         2.87333	-7.00000e+00	
			         2.87500	-7.00000e+00	
			         2.87667	-7.00000e+00	
			         2.87833	-7.00000e+00	
			         2.88000	-7.00000e+00	
			         2.88167	-7.00000e+00	
			         2.88333	-7.00000e+00	
			         2.88500	-7.00000e+00	
			         2.88667	-7.00000e+00	
			         2.88833	-6.00000e+00	
			         2.89000	-7.00000e+00	
			         2.89167	-7.00000e+00	
			         2.89333	-7.00000e+00	
			         2.89500	-8.00000e+00	
			         2.89667	-8.00000e+00	
			         2.89833	-8.00000e+00	
			         2.90000	-8.00000e+00	
			         2.90167	-9.00000e+00	
			         2.90333	-9.00000e+00	
			         2.90500	-9.00000e+00	
			         2.90667	-9.00000e+00	
			         2.90833	-1.00000e+01	
			         2.91000	-1.00000e+01	
			         2.91167	-1.00000e+01	
			         2.91333	-1.10000e+01	
			         2.91500	-1.10000e+01	
			         2.91667	-1.10000e+01	
			         2.91833	-1.10000e+01	
			         2.92000	-1.10000e+01	
			         2.92167	-1.20000e+01	
			         2.92333	-1.30000e+01	
			         2.92500	-1.30000e+01	
			         2.92667	-1.40000e+01	
			         2.92833	-1.40000e+01	
			         2.93000	-1.50000e+01	
			         2.93167	-1.50000e+01	
			         2.93333	-1.40000e+01	
			         2.93500	-1.40000e+01	
			         2.93667	-1.30000e+01	
			         2.93833	-1.10000e+01	
			         2.94000	-9.00000e+00	
			         2.94167	-7.00000e+00	
			         2.94333	-5.00000e+00	
			         2.94500	-2.00000e+00	
			         2.94667	0.00000e+00	
			         2.94833	2.00000e+00	
			         2.95000	3.00000e+00	
			         2.95167	5.00000e+00	
			         2.95333	5.00000e+00	
			         2.95500	5.00000e+00	
			         2.95667	5.00000e+00	
			         2.95833	4.00000e+00	
			         2.96000	2.00000e+00	
			         2.96167	1.00000e+00	
			         2.96333	-2.00000e+00	
			         2.96500	-4.00000e+00	
			         2.96667	-7.00000e+00	
			         2.96833	-9.00000e+00	
			         2.97000	-1.10000e+01	
			         2.97167	-1.30000e+01	
			         2.97333	-1.40000e+01	
			         2.97500	-1.40000e+01	
			         2.97667	-1.40000e+01	
			         2.97833	-1.40000e+01	
			         2.98000	-1.30000e+01	
			         2.98167	-1.20000e+01	
			         2.98333	-1.10000e+01	
			         2.98500	-9.00000e+00	
			         2.98667	-7.00000e+00	
			         2.98833	-5.00000e+00	
			         2.99000	-2.00000e+00	
			         2.99167	0.00000e+00	
			         2.99333	3.00000e+00	
			         2.99500	6.00000e+00	
			         2.99667	9.00000e+00	
			         2.99833	1.10000e+01	
			         3.00000	1.40000e+01	
			         3.00167	1.60000e+01	
			         3.00333	1.80000e+01	
			         3.00500	2.00000e+01	
			         3.00667	2.10000e+01	
			         3.00833	2.20000e+01	
			         3.01000	2.30000e+01	
			         3.01167	2.40000e+01	
			         3.01333	2.50000e+01	
			         3.01500	2.50000e+01	
			         3.01667	2.60000e+01	
			         3.01833	2.60000e+01	
			         3.02000	2.70000e+01	
			         3.02167	2.80000e+01	
			         3.02333	3.00000e+01	
			         3.02500	3.20000e+01	
			         3.02667	3.40000e+01	
			         3.02833	3.70000e+01	
			         3.03000	4.00000e+01	
			         3.03167	4.30000e+01	
			         3.03333	4.50000e+01	
			         3.03500	4.80000e+01	
			         3.03667	5.00000e+01	
			         3.03833	5.20000e+01	
			         3.04000	5.30000e+01	
			         3.04167	5.40000e+01	
			         3.04333	5.50000e+01	
			         3.04500	5.60000e+01	
			         3.04667	5.60000e+01	
			         3.04833	5.60000e+01	
			         3.05000	5.60000e+01	
			         3.05167	5.50000e+01	
			         3.05333	5.50000e+01	
			         3.05500	5.40000e+01	
			         3.05667	5.40000e+01	
			         3.05833	5.40000e+01	
			         3.06000	5.30000e+01	
			         3.06167	5.20000e+01	
			         3.06333	5.10000e+01	
			         3.06500	5.00000e+01	
			         3.06667	4.80000e+01	
			         3.06833	4.60000e+01	
			         3.07000	4.40000e+01	
			         3.07167	4.20000e+01	
			         3.07333	4.00000e+01	
			         3.07500	3.80000e+01	
			         3.07667	3.50000e+01	
			         3.07833	3.20000e+01	
			         3.08000	2.90000e+01	
			         3.08167	2.50000e+01	
			         3.08333	2.00000e+01	
			         3.08500	1.50000e+01	
			         3.08667	1.00000e+01	
			         3.08833	5.00000e+00	
			         3.09000	-1.00000e+00	
			         3.09167	-8.00000e+00	
			         3.09333	-1.40000e+01	
			         3.09500	-2.10000e+01	
			         3.09667	-2.70000e+01	
			         3.09833	-3.20000e+01	
			         3.10000	-3.70000e+01	
			         3.10167	-4.20000e+01	
			         3.10333	-4.50000e+01	
			         3.10500	-4.80000e+01	
			         3.10667	-5.10000e+01	
			         3.10833	-5.20000e+01	
			         3.11000	-5.40000e+01	
			         3.11167	-5.40000e+01	
			         3.11333	-5.50000e+01	
			         3.11500	-5.50000e+01	
			         3.11667	-5.50000e+01	
			         3.11833	-5.50000e+01	
			         3.12000	-5.40000e+01	
			         3.12167	-5.40000e+01	
			         3.12333	-5.30000e+01	
			         3.12500	-5.30000e+01	
			         3.12667	-5.20000e+01	
			         3.12833	-5.20000e+01	
			         3.13000	-5.10000e+01	
			         3.13167	-5.00000e+01	
			         3.13333	-5.00000e+01	
			         3.13500	-4.90000e+01	
			         3.13667	-4.80000e+01	
			         3.13833	-4.70000e+01	
			         3.14000	-4.70000e+01	
			         3.14167	-4.60000e+01	
			         3.14333	-4.50000e+01	
			         3.14500	-4.30000e+01	
			         3.14667	-4.20000e+01	
			         3.14833	-4.00000e+01	
			         3.15000	-3.90000e+01	
			         3.15167	-3.70000e+01	
			         3.15333	-3.60000e+01	
			         3.15500	-3.50000e+01	
			         3.15667	-3.40000e+01	
			         3.15833	-3.30000e+01	
			         3.16000	-3.20000e+01	
			         3.16167	-3.20000e+01	
			         3.16333	-3.10000e+01	
			         3.16500	-3.10000e+01	
			         3.16667	-3.00000e+01	
			         3.16833	-2.90000e+01	
			         3.17000	-2.70000e+01	
			         3.17167	-2.40000e+01	
			         3.17333	-2.10000e+01	
			         3.17500	-1.80000e+01	
			         3.17667	-1.50000e+01	
			         3.17833	-1.10000e+01	
			         3.18000	-8.00000e+00	
			         3.18167	-4.00000e+00	
			         3.18333	0.00000e+00	
			         3.18500	5.00000e+00	
			         3.18667	1.10000e+01	
			         3.18833	1.90000e+01	
			         3.19000	3.00000e+01	
			         3.19167	4.30000e+01	
			         3.19333	5.90000e+01	
			         3.19500	7.80000e+01	
			         3.19667	1.00000e+02	
			         3.19833	1.24000e+02	
			         3.20000	1.50000e+02	
			         3.20167	1.76000e+02	
			         3.20333	2.01000e+02	
			         3.20500	2.24000e+02	
			         3.20667	2.43000e+02	
			         3.20833	2.57000e+02	
			         3.21000	2.64000e+02	
			         3.21167	2.63000e+02	
			         3.21333	2.53000e+02	
			         3.21500	2.35000e+02	
			         3.21667	2.09000e+02	
			         3.21833	1.74000e+02	
			         3.22000	1.34000e+02	
			         3.22167	8.90000e+01	
			         3.22333	4.10000e+01	
			         3.22500	-7.00000e+00	
			         3.22667	-5.40000e+01	
			         3.22833	-9.80000e+01	
			         3.23000	-1.37000e+02	
			         3.23167	-1.71000e+02	
			         3.23333	-1.99000e+02	
			         3.23500	-2.20000e+02	
			         3.23667	-2.34000e+02	
			         3.23833	-2.42000e+02	
			         3.24000	-2.44000e+02	
			         3.24167	-2.41000e+02	
			         3.24333	-2.34000e+02	
			         3.24500	-2.24000e+02	
			         3.24667	-2.12000e+02	
			         3.24833	-1.99000e+02	
			         3.25000	-1.85000e+02	
			         3.25167	-1.71000e+02	
			         3.25333	-1.57000e+02	
			         3.25500	-1.44000e+02	
			         3.25667	-1.31000e+02	
			         3.25833	-1.18000e+02	
			         3.26000	-1.05000e+02	
			         3.26167	-9.30000e+01	
			         3.26333	-8.10000e+01	
			         3.26500	-7.00000e+01	
			         3.26667	-5.90000e+01	
			         3.26833	-4.90000e+01	
			         3.27000	-4.00000e+01	
			         3.27167	-3.10000e+01	
			         3.27333	-2.30000e+01	
			         3.27500	-1.70000e+01	
			         3.27667	-1.00000e+01	
			         3.27833	-5.00000e+00	
			         3.28000	0.00000e+00	
			         3.28167	5.00000e+00	
			         3.28333	8.00000e+00	
			         3.28500	1.10000e+01	
			         3.28667	1.40000e+01	
			         3.28833	1.50000e+01	
			         3.29000	1.70000e+01	
			         3.29167	1.80000e+01	
			         3.29333	1.90000e+01	
			         3.29500	2.00000e+01	
			         3.29667	2.00000e+01	
			         3.29833	2.10000e+01	
			         3.30000	2.10000e+01	
			         3.30167	2.10000e+01	
			         3.30333	2.10000e+01	
			         3.30500	2.10000e+01	
			         3.30667	2.10000e+01	
			         3.30833	2.20000e+01	
			         3.31000	2.20000e+01	
			         3.31167	2.20000e+01	
			         3.31333	2.20000e+01	
			         3.31500	2.30000e+01	
			         3.31667	2.30000e+01	
