Grayscale intensity, in dB

Time (s) :	Trace 1 : 	Trace 2 : 	Trace 3 : 		Ecg : 		
0.00064   	-1.95799e+01	-3.84480e+01	-4.70471e+01		         0.00000	8.60000e+01	
0.01870   	-2.02034e+01	-3.87376e+01	-4.74043e+01		         0.00167	9.70000e+01	
0.03676   	-1.98175e+01	-3.97021e+01	-4.73072e+01		         0.00333	1.10000e+02	
0.05482   	-1.86141e+01	-3.83790e+01	-4.71050e+01		         0.00500	1.23000e+02	
0.07288   	-1.82477e+01	-3.76657e+01	-4.75968e+01		         0.00667	1.39000e+02	
0.09094   	-1.80674e+01	-3.77270e+01	-4.86732e+01		         0.00833	1.56000e+02	
0.10899   	-1.87784e+01	-3.92435e+01	-4.96599e+01		         0.01000	1.75000e+02	
0.12705   	-1.92169e+01	-3.97367e+01	-4.79796e+01		         0.01167	1.97000e+02	
0.14511   	-2.03107e+01	-4.01616e+01	-4.64442e+01		         0.01333	2.20000e+02	
0.16317   	-2.04015e+01	-3.79685e+01	-4.57326e+01		         0.01500	2.46000e+02	
0.18123   	-1.98735e+01	-3.66093e+01	-4.51459e+01		         0.01667	2.72000e+02	
0.19929   	-1.97389e+01	-3.41719e+01	-4.33557e+01		         0.01833	2.97000e+02	
0.21734   	-2.20894e+01	-3.47812e+01	-4.16505e+01		         0.02000	3.20000e+02	
0.23540   	-2.34030e+01	-3.63480e+01	-3.94385e+01		         0.02167	3.40000e+02	
0.25346   	-2.61918e+01	-3.92367e+01	-3.80931e+01		         0.02333	3.54000e+02	
0.27152   	-2.64484e+01	-4.50061e+01	-3.59061e+01		         0.02500	3.62000e+02	
0.28958   	-2.81137e+01	-4.70095e+01	-3.34415e+01		         0.02667	3.63000e+02	
0.30764   	-3.02109e+01	-5.10139e+01	-3.30783e+01		         0.02833	3.56000e+02	
0.32569   	-3.37408e+01	-5.14988e+01	-3.30813e+01		         0.03000	3.40000e+02	
0.34375   	-3.50380e+01	-5.17516e+01	-3.13767e+01		         0.03167	3.16000e+02	
0.36181   	-3.63904e+01	-5.17805e+01	-3.04931e+01		         0.03333	2.83000e+02	
0.37987   	-3.72805e+01	-5.30463e+01	-3.09833e+01		         0.03500	2.44000e+02	
0.39793   	-3.72966e+01	-5.17106e+01	-3.06327e+01		         0.03667	1.99000e+02	
0.41598   	-3.67204e+01	-5.14519e+01	-3.03886e+01		         0.03833	1.52000e+02	
0.43435   	-3.40659e+01	-4.91474e+01	-2.95643e+01		         0.04000	1.05000e+02	
0.45210   	-3.28103e+01	-4.82260e+01	-2.86410e+01		         0.04167	5.90000e+01	
0.47016   	-3.13410e+01	-4.76268e+01	-2.84342e+01		         0.04333	1.50000e+01	
0.48822   	-3.22950e+01	-4.69163e+01	-2.69968e+01		         0.04500	-2.30000e+01	
0.50628   	-3.37779e+01	-4.39338e+01	-2.56987e+01		         0.04667	-5.70000e+01	
0.52433   	-3.40964e+01	-4.18923e+01	-2.55732e+01		         0.04833	-8.50000e+01	
0.54239   	-3.50439e+01	-3.70227e+01	-2.58001e+01		         0.05000	-1.08000e+02	
0.56045   	-3.52166e+01	-3.66018e+01	-2.84492e+01		         0.05167	-1.23000e+02	
0.57851   	-3.34549e+01	-3.53847e+01	-3.14375e+01		         0.05333	-1.34000e+02	
0.59657   	-3.27587e+01	-3.49519e+01	-3.26506e+01		         0.05500	-1.39000e+02	
0.61462   	-3.21000e+01	-3.46326e+01	-3.32957e+01		         0.05667	-1.40000e+02	
0.63268   	-3.15304e+01	-3.37952e+01	-3.39247e+01		         0.05833	-1.37000e+02	
0.65074   	-3.09519e+01	-3.29560e+01	-3.44436e+01		         0.06000	-1.33000e+02	
0.66880   	-3.01416e+01	-3.22394e+01	-3.44317e+01		         0.06167	-1.27000e+02	
0.68686   	-2.89008e+01	-3.27699e+01	-3.52946e+01		         0.06333	-1.20000e+02	
0.70491   	-2.80933e+01	-3.36943e+01	-3.62124e+01		         0.06500	-1.13000e+02	
0.72297   	-2.75824e+01	-3.38428e+01	-3.67030e+01		         0.06667	-1.06000e+02	
0.74103   	-2.72289e+01	-3.35581e+01	-3.74233e+01		         0.06833	-1.00000e+02	
0.75909   	-2.64948e+01	-3.34328e+01	-3.87507e+01		         0.07000	-9.40000e+01	
0.77715   	-2.60095e+01	-3.44076e+01	-3.90720e+01		         0.07167	-8.80000e+01	
0.79521   	-2.57670e+01	-3.45115e+01	-4.00186e+01		         0.07333	-8.40000e+01	
0.81326   	-2.59261e+01	-3.81286e+01	-4.09248e+01		         0.07500	-8.10000e+01	
0.83132   	-2.66079e+01	-4.06900e+01	-4.12228e+01		         0.07667	-7.80000e+01	
0.84946   	-2.57186e+01	-4.19942e+01	-4.11803e+01		         0.07833	-7.70000e+01	
0.86744   	-2.49274e+01	-4.26252e+01	-4.42595e+01		         0.08000	-7.60000e+01	
0.88550   	-2.36119e+01	-4.27049e+01	-4.37875e+01		         0.08167	-7.50000e+01	
0.90355   	-2.31782e+01	-4.27721e+01	-4.48444e+01		         0.08333	-7.50000e+01	
0.92161   	-2.26936e+01	-4.20408e+01	-4.52054e+01		         0.08500	-7.50000e+01	
0.93967   	-2.23727e+01	-4.24081e+01	-4.53183e+01		         0.08667	-7.40000e+01	
0.95773   	-2.11859e+01	-4.29016e+01	-4.55169e+01		         0.08833	-7.40000e+01	
0.97579   	-2.00551e+01	-4.24700e+01	-4.50853e+01		         0.09000	-7.40000e+01	
0.99384   	-1.79501e+01	-4.17272e+01	-4.58076e+01		         0.09167	-7.30000e+01	
1.01190   	-1.72773e+01	-3.64917e+01	-4.62165e+01		         0.09333	-7.20000e+01	
1.02996   	-1.80944e+01	-3.77891e+01	-4.57263e+01		         0.09500	-7.10000e+01	
1.04802   	-1.75045e+01	-3.83892e+01	-4.58892e+01		         0.09667	-7.00000e+01	
1.06608   	-1.81199e+01	-3.77287e+01	-4.56802e+01		         0.09833	-6.80000e+01	
1.08413   	-1.92843e+01	-3.52500e+01	-4.45363e+01		         0.10000	-6.60000e+01	
1.10219   	-2.07518e+01	-3.20554e+01	-4.39092e+01		         0.10167	-6.40000e+01	
1.12025   	-2.19565e+01	-3.01979e+01	-4.41074e+01		         0.10333	-6.30000e+01	
1.13831   	-2.25836e+01	-2.90039e+01	-4.24857e+01		         0.10500	-6.10000e+01	
1.15637   	-2.41078e+01	-2.97868e+01	-4.26322e+01		         0.10667	-6.00000e+01	
1.17443   	-2.60182e+01	-3.06478e+01	-4.27533e+01		         0.10833	-5.80000e+01	
1.19249   	-2.68982e+01	-3.01200e+01	-4.22144e+01		         0.11000	-5.70000e+01	
1.21054   	-2.80978e+01	-3.13443e+01	-4.10680e+01		         0.11167	-5.60000e+01	
1.22860   	-3.00677e+01	-3.45345e+01	-4.07613e+01		         0.11333	-5.60000e+01	
1.24666   	-3.10068e+01	-3.63528e+01	-4.10357e+01		         0.11500	-5.50000e+01	
1.26471   	-3.20776e+01	-3.79423e+01	-4.14257e+01		         0.11667	-5.50000e+01	
1.28277   	-3.33827e+01	-3.92586e+01	-4.08879e+01		         0.11833	-5.50000e+01	
1.30084   	-3.45658e+01	-3.91290e+01	-4.08097e+01		         0.12000	-5.50000e+01	
1.31889   	-3.44037e+01	-3.97901e+01	-4.07389e+01		         0.12167	-5.40000e+01	
1.33695   	-3.13847e+01	-3.98622e+01	-4.10736e+01		         0.12333	-5.30000e+01	
1.35501   	-2.86170e+01	-3.81908e+01	-4.10958e+01		         0.12500	-5.20000e+01	
1.37307   	-2.77936e+01	-3.77405e+01	-4.11127e+01		         0.12667	-5.10000e+01	
1.39112   	-2.87870e+01	-3.95339e+01	-4.02273e+01		         0.12833	-5.00000e+01	
1.40918   	-3.07529e+01	-3.85530e+01	-4.05266e+01		         0.13000	-4.80000e+01	
1.42724   	-3.20599e+01	-3.71381e+01	-4.11296e+01		         0.13167	-4.60000e+01	
1.44530   	-3.20628e+01	-3.74558e+01	-4.10935e+01		         0.13333	-4.40000e+01	
1.46335   	-3.19597e+01	-3.69223e+01	-3.99528e+01		         0.13500	-4.20000e+01	
1.48142   	-3.08602e+01	-3.79516e+01	-3.85727e+01		         0.13667	-4.00000e+01	
1.49948   	-2.94985e+01	-3.64599e+01	-3.86814e+01		         0.13833	-3.70000e+01	
1.51753   	-2.98465e+01	-3.58195e+01	-3.85980e+01		         0.14000	-3.50000e+01	
1.53559   	-2.93691e+01	-3.45697e+01	-3.85161e+01		         0.14167	-3.30000e+01	
1.55365   	-2.86559e+01	-3.47973e+01	-3.86964e+01		         0.14333	-3.10000e+01	
1.57170   	-2.81097e+01	-3.49592e+01	-3.92338e+01		         0.14500	-2.90000e+01	
1.58976   	-2.77549e+01	-3.51156e+01	-3.99221e+01		         0.14667	-2.70000e+01	
1.60782   	-2.69870e+01	-3.47590e+01	-4.01409e+01		         0.14833	-2.50000e+01	
1.62588   	-2.68385e+01	-3.48161e+01	-3.96926e+01		         0.15000	-2.40000e+01	
1.64394   	-2.66511e+01	-3.47105e+01	-4.01090e+01		         0.15167	-2.40000e+01	
1.66199   	-2.49746e+01	-3.49805e+01	-4.12264e+01		         0.15333	-2.40000e+01	
1.68005   	-2.34768e+01	-3.45690e+01	-4.18958e+01		         0.15500	-2.40000e+01	
1.69811   	-2.29941e+01	-3.50536e+01	-4.07630e+01		         0.15667	-2.40000e+01	
1.71617   	-2.27615e+01	-3.41171e+01	-4.05826e+01		         0.15833	-2.40000e+01	
1.73423   	-2.29642e+01	-3.77152e+01	-4.10138e+01		         0.16000	-2.50000e+01	
1.75229   	-2.39883e+01	-4.08042e+01	-4.16658e+01		         0.16167	-2.60000e+01	
1.77034   	-2.40880e+01	-4.21066e+01	-4.13793e+01		         0.16333	-2.60000e+01	
1.78840   	-2.23742e+01	-4.21864e+01	-4.24362e+01		         0.16500	-2.70000e+01	
1.80646   	-2.27170e+01	-4.11127e+01	-4.34310e+01		         0.16667	-2.70000e+01	
1.82452   	-2.29418e+01	-4.02808e+01	-4.31168e+01		         0.16833	-2.80000e+01	
1.84257   	-2.06189e+01	-4.10196e+01	-4.48363e+01		         0.17000	-2.80000e+01	
1.86063   	-2.00508e+01	-3.98212e+01	-4.43510e+01		         0.17167	-2.70000e+01	
1.87882   	-1.97917e+01	-4.21201e+01	-4.62640e+01		         0.17333	-2.60000e+01	
1.89675   	-1.98642e+01	-4.21477e+01	-4.59320e+01		         0.17500	-2.50000e+01	
1.91481   	-1.89615e+01	-4.00951e+01	-4.57843e+01		         0.17667	-2.40000e+01	
1.93287   	-1.53867e+01	-3.68053e+01	-4.49843e+01		         0.17833	-2.20000e+01	
1.95093   	-1.47425e+01	-3.63556e+01	-4.49496e+01		         0.18000	-2.10000e+01	
1.96898   	-1.61682e+01	-3.61506e+01	-4.44168e+01		         0.18167	-1.90000e+01	
1.98704   	-1.75116e+01	-3.43383e+01	-4.42716e+01		         0.18333	-1.80000e+01	
2.00510   	-1.82839e+01	-3.52881e+01	-4.43003e+01		         0.18500	-1.60000e+01	
2.02316   	-1.82733e+01	-3.30160e+01	-4.32799e+01		         0.18667	-1.50000e+01	
2.04122   	-1.90512e+01	-3.05202e+01	-4.21679e+01		         0.18833	-1.30000e+01	
2.05927   	-2.04244e+01	-2.98519e+01	-4.09516e+01		         0.19000	-1.20000e+01	
2.07733   	-2.04283e+01	-3.07015e+01	-3.97102e+01		         0.19167	-1.00000e+01	
2.09539   	-2.08356e+01	-3.25348e+01	-3.99142e+01		         0.19333	-9.00000e+00	
2.11345   	-2.02592e+01	-3.41637e+01	-3.88887e+01		         0.19500	-7.00000e+00	
2.13151   	-2.14068e+01	-3.65392e+01	-3.65996e+01		         0.19667	-6.00000e+00	
2.14957   	-2.54790e+01	-4.06509e+01	-3.66380e+01		         0.19833	-4.00000e+00	
2.16762   	-2.71566e+01	-4.31560e+01	-3.66755e+01		         0.20000	-2.00000e+00	
2.18568   	-2.93437e+01	-4.59353e+01	-3.66525e+01		         0.20167	0.00000e+00	
2.20374   	-3.11051e+01	-4.73366e+01	-3.50894e+01		         0.20333	2.00000e+00	
2.22180   	-3.32342e+01	-4.89059e+01	-3.46005e+01		         0.20500	5.00000e+00	
2.23985   	-3.46596e+01	-4.91460e+01	-3.53920e+01		         0.20667	7.00000e+00	
2.25791   	-3.37581e+01	-4.80190e+01	-3.47303e+01		         0.20833	9.00000e+00	
2.27597   	-3.08801e+01	-4.69996e+01	-3.37184e+01		         0.21000	1.10000e+01	
2.29403   	-2.80664e+01	-4.55952e+01	-3.20360e+01		         0.21167	1.30000e+01	
2.31209   	-2.70651e+01	-4.69192e+01	-3.14205e+01		         0.21333	1.60000e+01	
2.33015   	-2.82490e+01	-4.52917e+01	-3.12863e+01		         0.21500	1.80000e+01	
2.34820   	-3.02191e+01	-4.43485e+01	-2.97435e+01		         0.21667	2.00000e+01	
2.36626   	-3.08645e+01	-4.00394e+01	-2.79411e+01		         0.21833	2.10000e+01	
2.38432   	-3.15264e+01	-3.94633e+01	-2.69709e+01		         0.22000	2.30000e+01	
2.40237   	-3.18319e+01	-3.78389e+01	-2.82791e+01		         0.22167	2.50000e+01	
2.42044   	-3.18109e+01	-3.71123e+01	-3.06163e+01		         0.22333	2.60000e+01	
2.43849   	-3.10369e+01	-3.49719e+01	-3.22300e+01		         0.22500	2.80000e+01	
2.45655   	-2.95625e+01	-3.51938e+01	-3.33642e+01		         0.22667	3.00000e+01	
2.47461   	-2.96281e+01	-3.51142e+01	-3.41257e+01		         0.22833	3.30000e+01	
2.49305   	-2.97539e+01	-3.44862e+01	-3.41607e+01		         0.23000	3.50000e+01	
2.51073   	-2.88393e+01	-3.47497e+01	-3.47957e+01		         0.23167	3.80000e+01	
2.52879   	-2.71925e+01	-3.51069e+01	-3.56845e+01		         0.23333	4.00000e+01	
2.54684   	-2.59162e+01	-3.44903e+01	-3.65306e+01		         0.23500	4.30000e+01	
2.56490   	-2.49810e+01	-3.44554e+01	-3.69815e+01		         0.23667	4.60000e+01	
2.58296   	-2.45856e+01	-3.42740e+01	-3.81224e+01		         0.23833	4.90000e+01	
2.60102   	-2.45558e+01	-3.43969e+01	-3.93723e+01		         0.24000	5.30000e+01	
2.61908   	-2.44367e+01	-3.41480e+01	-3.96741e+01		         0.24167	5.60000e+01	
2.63714   	-2.44787e+01	-3.42243e+01	-3.95950e+01		         0.24333	6.00000e+01	
2.65519   	-2.44434e+01	-3.48300e+01	-3.95651e+01		         0.24500	6.40000e+01	
2.67325   	-2.43210e+01	-3.43347e+01	-3.97261e+01		         0.24667	6.80000e+01	
2.69131   	-2.42029e+01	-3.59228e+01	-4.06584e+01		         0.24833	7.20000e+01	
2.70937   	-2.48298e+01	-3.58218e+01	-4.09078e+01		         0.25000	7.50000e+01	
2.72743   	-2.39734e+01	-3.61394e+01	-4.15400e+01		         0.25167	7.90000e+01	
2.74549   	-2.19897e+01	-3.60035e+01	-4.23872e+01		         0.25333	8.30000e+01	
2.76354   	-1.97626e+01	-3.65520e+01	-4.31886e+01		         0.25500	8.70000e+01	
2.78160   	-1.99293e+01	-3.58533e+01	-4.37129e+01		         0.25667	9.10000e+01	
2.79966   	-1.80619e+01	-3.61738e+01	-4.55169e+01		         0.25833	9.40000e+01	
2.81772   	-1.88139e+01	-3.64163e+01	-4.56245e+01		         0.26000	9.70000e+01	
2.83578   	-1.90602e+01	-3.66221e+01	-4.65163e+01		         0.26167	1.00000e+02	
2.85383   	-1.62078e+01	-3.64192e+01	-4.62182e+01		         0.26333	1.03000e+02	
					         0.26500	1.06000e+02	
					         0.26667	1.08000e+02	
					         0.26833	1.09000e+02	
					         0.27000	1.11000e+02	
					         0.27167	1.12000e+02	
					         0.27333	1.13000e+02	
					         0.27500	1.14000e+02	
					         0.27667	1.15000e+02	
					         0.27833	1.15000e+02	
					         0.28000	1.16000e+02	
					         0.28167	1.16000e+02	
					         0.28333	1.15000e+02	
					         0.28500	1.15000e+02	
					         0.28667	1.14000e+02	
					         0.28833	1.12000e+02	
					         0.29000	1.11000e+02	
					         0.29167	1.09000e+02	
					         0.29333	1.06000e+02	
					         0.29500	1.04000e+02	
					         0.29667	1.01000e+02	
					         0.29833	9.70000e+01	
					         0.30000	9.30000e+01	
					         0.30167	9.00000e+01	
					         0.30333	8.60000e+01	
					         0.30500	8.20000e+01	
					         0.30667	7.80000e+01	
					         0.30833	7.30000e+01	
					         0.31000	6.90000e+01	
					         0.31167	6.40000e+01	
					         0.31333	5.90000e+01	
					         0.31500	5.40000e+01	
					         0.31667	4.90000e+01	
					         0.31833	4.40000e+01	
					         0.32000	3.80000e+01	
					         0.32167	3.20000e+01	
					         0.32333	2.60000e+01	
					         0.32500	2.00000e+01	
					         0.32667	1.40000e+01	
					         0.32833	8.00000e+00	
					         0.33000	2.00000e+00	
					         0.33167	-5.00000e+00	
					         0.33333	-1.10000e+01	
					         0.33500	-1.80000e+01	
					         0.33667	-2.50000e+01	
					         0.33833	-3.10000e+01	
					         0.34000	-3.80000e+01	
					         0.34167	-4.40000e+01	
					         0.34333	-5.10000e+01	
					         0.34500	-5.60000e+01	
					         0.34667	-6.10000e+01	
					         0.34833	-6.60000e+01	
					         0.35000	-7.00000e+01	
					         0.35167	-7.30000e+01	
					         0.35333	-7.50000e+01	
					         0.35500	-7.70000e+01	
					         0.35667	-7.80000e+01	
					         0.35833	-7.90000e+01	
					         0.36000	-7.90000e+01	
					         0.36167	-7.90000e+01	
					         0.36333	-7.80000e+01	
					         0.36500	-7.80000e+01	
					         0.36667	-7.80000e+01	
					         0.36833	-7.80000e+01	
					         0.37000	-7.90000e+01	
					         0.37167	-8.00000e+01	
					         0.37333	-8.10000e+01	
					         0.37500	-8.20000e+01	
					         0.37667	-8.40000e+01	
					         0.37833	-8.60000e+01	
					         0.38000	-8.80000e+01	
					         0.38167	-9.00000e+01	
					         0.38333	-9.10000e+01	
					         0.38500	-9.20000e+01	
					         0.38667	-9.20000e+01	
					         0.38833	-9.10000e+01	
					         0.39000	-9.00000e+01	
					         0.39167	-8.90000e+01	
					         0.39333	-8.70000e+01	
					         0.39500	-8.50000e+01	
					         0.39667	-8.30000e+01	
					         0.39833	-8.00000e+01	
					         0.40000	-7.70000e+01	
					         0.40167	-7.40000e+01	
					         0.40333	-7.20000e+01	
					         0.40500	-7.00000e+01	
					         0.40667	-6.80000e+01	
					         0.40833	-6.70000e+01	
					         0.41000	-6.60000e+01	
					         0.41167	-6.60000e+01	
					         0.41333	-6.50000e+01	
					         0.41500	-6.50000e+01	
					         0.41667	-6.50000e+01	
					         0.41833	-6.50000e+01	
					         0.42000	-6.50000e+01	
					         0.42167	-6.40000e+01	
					         0.42333	-6.40000e+01	
					         0.42500	-6.40000e+01	
					         0.42667	-6.30000e+01	
					         0.42833	-6.20000e+01	
					         0.43000	-6.20000e+01	
					         0.43167	-6.10000e+01	
					         0.43333	-6.00000e+01	
					         0.43500	-6.00000e+01	
					         0.43667	-5.90000e+01	
					         0.43833	-5.80000e+01	
					         0.44000	-5.70000e+01	
					         0.44167	-5.60000e+01	
					         0.44333	-5.50000e+01	
					         0.44500	-5.40000e+01	
					         0.44667	-5.30000e+01	
					         0.44833	-5.20000e+01	
					         0.45000	-5.10000e+01	
					         0.45167	-4.90000e+01	
					         0.45333	-4.80000e+01	
					         0.45500	-4.70000e+01	
					         0.45667	-4.50000e+01	
					         0.45833	-4.40000e+01	
					         0.46000	-4.30000e+01	
					         0.46167	-4.20000e+01	
					         0.46333	-4.10000e+01	
					         0.46500	-4.00000e+01	
					         0.46667	-3.90000e+01	
					         0.46833	-3.80000e+01	
					         0.47000	-3.70000e+01	
					         0.47167	-3.50000e+01	
					         0.47333	-3.40000e+01	
					         0.47500	-3.30000e+01	
					         0.47667	-3.20000e+01	
					         0.47833	-3.10000e+01	
					         0.48000	-3.00000e+01	
					         0.48167	-2.90000e+01	
					         0.48333	-2.80000e+01	
					         0.48500	-2.70000e+01	
					         0.48667	-2.60000e+01	
					         0.48833	-2.50000e+01	
					         0.49000	-2.40000e+01	
					         0.49167	-2.30000e+01	
					         0.49333	-2.20000e+01	
					         0.49500	-2.20000e+01	
					         0.49667	-2.10000e+01	
					         0.49833	-2.10000e+01	
					         0.50000	-2.00000e+01	
					         0.50167	-2.00000e+01	
					         0.50333	-1.90000e+01	
					         0.50500	-1.90000e+01	
					         0.50667	-1.80000e+01	
					         0.50833	-1.80000e+01	
					         0.51000	-1.80000e+01	
					         0.51167	-1.80000e+01	
					         0.51333	-1.80000e+01	
					         0.51500	-1.80000e+01	
					         0.51667	-1.90000e+01	
					         0.51833	-1.90000e+01	
					         0.52000	-1.90000e+01	
					         0.52167	-1.90000e+01	
					         0.52333	-1.80000e+01	
					         0.52500	-1.80000e+01	
					         0.52667	-1.70000e+01	
					         0.52833	-1.70000e+01	
					         0.53000	-1.50000e+01	
					         0.53167	-1.40000e+01	
					         0.53333	-1.30000e+01	
					         0.53500	-1.20000e+01	
					         0.53667	-1.10000e+01	
					         0.53833	-1.00000e+01	
					         0.54000	-1.00000e+01	
					         0.54167	-1.00000e+01	
					         0.54333	-1.00000e+01	
					         0.54500	-1.00000e+01	
					         0.54667	-1.10000e+01	
					         0.54833	-1.20000e+01	
					         0.55000	-1.20000e+01	
					         0.55167	-1.30000e+01	
					         0.55333	-1.30000e+01	
					         0.55500	-1.30000e+01	
					         0.55667	-1.20000e+01	
					         0.55833	-1.20000e+01	
					         0.56000	-1.10000e+01	
					         0.56167	-1.00000e+01	
					         0.56333	-9.00000e+00	
					         0.56500	-8.00000e+00	
					         0.56667	-7.00000e+00	
					         0.56833	-7.00000e+00	
					         0.57000	-7.00000e+00	
					         0.57167	-7.00000e+00	
					         0.57333	-8.00000e+00	
					         0.57500	-8.00000e+00	
					         0.57667	-9.00000e+00	
					         0.57833	-1.00000e+01	
					         0.58000	-1.10000e+01	
					         0.58167	-1.20000e+01	
					         0.58333	-1.30000e+01	
					         0.58500	-1.40000e+01	
					         0.58667	-1.50000e+01	
					         0.58833	-1.50000e+01	
					         0.59000	-1.60000e+01	
					         0.59167	-1.70000e+01	
					         0.59333	-1.70000e+01	
					         0.59500	-1.80000e+01	
					         0.59667	-1.80000e+01	
					         0.59833	-1.90000e+01	
					         0.60000	-1.90000e+01	
					         0.60167	-1.90000e+01	
					         0.60333	-1.80000e+01	
					         0.60500	-1.80000e+01	
					         0.60667	-1.70000e+01	
					         0.60833	-1.60000e+01	
					         0.61000	-1.50000e+01	
					         0.61167	-1.40000e+01	
					         0.61333	-1.30000e+01	
					         0.61500	-1.20000e+01	
					         0.61667	-1.10000e+01	
					         0.61833	-1.10000e+01	
					         0.62000	-1.00000e+01	
					         0.62167	-1.10000e+01	
					         0.62333	-1.10000e+01	
					         0.62500	-1.20000e+01	
					         0.62667	-1.20000e+01	
					         0.62833	-1.30000e+01	
					         0.63000	-1.40000e+01	
					         0.63167	-1.50000e+01	
					         0.63333	-1.60000e+01	
					         0.63500	-1.60000e+01	
					         0.63667	-1.60000e+01	
					         0.63833	-1.50000e+01	
					         0.64000	-1.40000e+01	
					         0.64167	-1.30000e+01	
					         0.64333	-1.10000e+01	
					         0.64500	-1.00000e+01	
					         0.64667	-8.00000e+00	
					         0.64833	-7.00000e+00	
					         0.65000	-5.00000e+00	
					         0.65167	-4.00000e+00	
					         0.65333	-3.00000e+00	
					         0.65500	-2.00000e+00	
					         0.65667	-1.00000e+00	
					         0.65833	-1.00000e+00	
					         0.66000	-1.00000e+00	
					         0.66167	-1.00000e+00	
					         0.66333	-1.00000e+00	
					         0.66500	-1.00000e+00	
					         0.66667	-1.00000e+00	
					         0.66833	-1.00000e+00	
					         0.67000	-1.00000e+00	
					         0.67167	-1.00000e+00	
					         0.67333	-2.00000e+00	
					         0.67500	-2.00000e+00	
					         0.67667	-2.00000e+00	
					         0.67833	-3.00000e+00	
					         0.68000	-3.00000e+00	
					         0.68167	-3.00000e+00	
					         0.68333	-4.00000e+00	
					         0.68500	-4.00000e+00	
					         0.68667	-5.00000e+00	
					         0.68833	-5.00000e+00	
					         0.69000	-5.00000e+00	
					         0.69167	-6.00000e+00	
					         0.69333	-6.00000e+00	
					         0.69500	-6.00000e+00	
					         0.69667	-6.00000e+00	
					         0.69833	-6.00000e+00	
					         0.70000	-6.00000e+00	
					         0.70167	-6.00000e+00	
					         0.70333	-5.00000e+00	
					         0.70500	-5.00000e+00	
					         0.70667	-4.00000e+00	
					         0.70833	-3.00000e+00	
					         0.71000	-3.00000e+00	
					         0.71167	-2.00000e+00	
					         0.71333	-2.00000e+00	
					         0.71500	-1.00000e+00	
					         0.71667	-1.00000e+00	
					         0.71833	-1.00000e+00	
					         0.72000	-1.00000e+00	
					         0.72167	-1.00000e+00	
					         0.72333	-1.00000e+00	
					         0.72500	-1.00000e+00	
					         0.72667	0.00000e+00	
					         0.72833	0.00000e+00	
					         0.73000	0.00000e+00	
					         0.73167	0.00000e+00	
					         0.73333	0.00000e+00	
					         0.73500	1.00000e+00	
					         0.73667	2.00000e+00	
					         0.73833	2.00000e+00	
					         0.74000	3.00000e+00	
					         0.74167	3.00000e+00	
					         0.74333	4.00000e+00	
					         0.74500	5.00000e+00	
					         0.74667	5.00000e+00	
					         0.74833	6.00000e+00	
					         0.75000	6.00000e+00	
					         0.75167	6.00000e+00	
					         0.75333	7.00000e+00	
					         0.75500	7.00000e+00	
					         0.75667	7.00000e+00	
					         0.75833	7.00000e+00	
					         0.76000	7.00000e+00	
					         0.76167	7.00000e+00	
					         0.76333	6.00000e+00	
					         0.76500	6.00000e+00	
					         0.76667	5.00000e+00	
					         0.76833	4.00000e+00	
					         0.77000	3.00000e+00	
					         0.77167	2.00000e+00	
					         0.77333	2.00000e+00	
					         0.77500	1.00000e+00	
					         0.77667	1.00000e+00	
					         0.77833	1.00000e+00	
					         0.78000	1.00000e+00	
					         0.78167	1.00000e+00	
					         0.78333	2.00000e+00	
					         0.78500	2.00000e+00	
					         0.78667	3.00000e+00	
					         0.78833	4.00000e+00	
					         0.79000	4.00000e+00	
					         0.79167	4.00000e+00	
					         0.79333	5.00000e+00	
					         0.79500	5.00000e+00	
					         0.79667	4.00000e+00	
					         0.79833	4.00000e+00	
					         0.80000	2.00000e+00	
					         0.80167	1.00000e+00	
					         0.80333	-1.00000e+00	
					         0.80500	-3.00000e+00	
					         0.80667	-5.00000e+00	
					         0.80833	-7.00000e+00	
					         0.81000	-8.00000e+00	
					         0.81167	-9.00000e+00	
					         0.81333	-9.00000e+00	
					         0.81500	-9.00000e+00	
					         0.81667	-9.00000e+00	
					         0.81833	-8.00000e+00	
					         0.82000	-7.00000e+00	
					         0.82167	-6.00000e+00	
					         0.82333	-5.00000e+00	
					         0.82500	-3.00000e+00	
					         0.82667	-2.00000e+00	
					         0.82833	-1.00000e+00	
					         0.83000	-1.00000e+00	
					         0.83167	-2.00000e+00	
					         0.83333	-2.00000e+00	
					         0.83500	-3.00000e+00	
					         0.83667	-5.00000e+00	
					         0.83833	-6.00000e+00	
					         0.84000	-7.00000e+00	
					         0.84167	-9.00000e+00	
					         0.84333	-1.00000e+01	
					         0.84500	-1.10000e+01	
					         0.84667	-1.20000e+01	
					         0.84833	-1.30000e+01	
					         0.85000	-1.30000e+01	
					         0.85167	-1.30000e+01	
					         0.85333	-1.30000e+01	
					         0.85500	-1.30000e+01	
					         0.85667	-1.40000e+01	
					         0.85833	-1.40000e+01	
					         0.86000	-1.40000e+01	
					         0.86167	-1.50000e+01	
					         0.86333	-1.60000e+01	
					         0.86500	-1.70000e+01	
					         0.86667	-1.70000e+01	
					         0.86833	-1.80000e+01	
					         0.87000	-1.80000e+01	
					         0.87167	-1.80000e+01	
					         0.87333	-1.70000e+01	
					         0.87500	-1.70000e+01	
					         0.87667	-1.60000e+01	
					         0.87833	-1.50000e+01	
					         0.88000	-1.40000e+01	
					         0.88167	-1.30000e+01	
					         0.88333	-1.20000e+01	
					         0.88500	-1.10000e+01	
					         0.88667	-1.00000e+01	
					         0.88833	-9.00000e+00	
					         0.89000	-8.00000e+00	
					         0.89167	-8.00000e+00	
					         0.89333	-7.00000e+00	
					         0.89500	-7.00000e+00	
					         0.89667	-6.00000e+00	
					         0.89833	-5.00000e+00	
					         0.90000	-3.00000e+00	
					         0.90167	-1.00000e+00	
					         0.90333	2.00000e+00	
					         0.90500	6.00000e+00	
					         0.90667	1.00000e+01	
					         0.90833	1.50000e+01	
					         0.91000	2.00000e+01	
					         0.91167	2.70000e+01	
					         0.91333	3.40000e+01	
					         0.91500	4.20000e+01	
					         0.91667	5.20000e+01	
					         0.91833	6.10000e+01	
					         0.92000	7.20000e+01	
					         0.92167	8.30000e+01	
					         0.92333	9.50000e+01	
					         0.92500	1.08000e+02	
					         0.92667	1.22000e+02	
					         0.92833	1.38000e+02	
					         0.93000	1.56000e+02	
					         0.93167	1.77000e+02	
					         0.93333	2.00000e+02	
					         0.93500	2.25000e+02	
					         0.93667	2.52000e+02	
					         0.93833	2.79000e+02	
					         0.94000	3.06000e+02	
					         0.94167	3.29000e+02	
					         0.94333	3.50000e+02	
					         0.94500	3.64000e+02	
					         0.94667	3.73000e+02	
					         0.94833	3.73000e+02	
					         0.95000	3.66000e+02	
					         0.95167	3.49000e+02	
					         0.95333	3.22000e+02	
					         0.95500	2.88000e+02	
					         0.95667	2.46000e+02	
					         0.95833	2.00000e+02	
					         0.96000	1.51000e+02	
					         0.96167	1.02000e+02	
					         0.96333	5.40000e+01	
					         0.96500	1.00000e+01	
					         0.96667	-3.00000e+01	
					         0.96833	-6.40000e+01	
					         0.97000	-9.30000e+01	
					         0.97167	-1.15000e+02	
					         0.97333	-1.30000e+02	
					         0.97500	-1.41000e+02	
					         0.97667	-1.46000e+02	
					         0.97833	-1.47000e+02	
					         0.98000	-1.45000e+02	
					         0.98167	-1.41000e+02	
					         0.98333	-1.36000e+02	
					         0.98500	-1.30000e+02	
					         0.98667	-1.23000e+02	
					         0.98833	-1.16000e+02	
					         0.99000	-1.10000e+02	
					         0.99167	-1.04000e+02	
					         0.99333	-9.90000e+01	
					         0.99500	-9.40000e+01	
					         0.99667	-9.00000e+01	
					         0.99833	-8.70000e+01	
					         1.00000	-8.50000e+01	
					         1.00167	-8.30000e+01	
					         1.00333	-8.20000e+01	
					         1.00500	-8.20000e+01	
					         1.00667	-8.20000e+01	
					         1.00833	-8.20000e+01	
					         1.01000	-8.20000e+01	
					         1.01167	-8.10000e+01	
					         1.01333	-8.10000e+01	
					         1.01500	-8.00000e+01	
					         1.01667	-7.90000e+01	
					         1.01833	-7.70000e+01	
					         1.02000	-7.50000e+01	
					         1.02167	-7.30000e+01	
					         1.02333	-7.00000e+01	
					         1.02500	-6.70000e+01	
					         1.02667	-6.40000e+01	
					         1.02833	-6.10000e+01	
					         1.03000	-5.80000e+01	
					         1.03167	-5.50000e+01	
					         1.03333	-5.30000e+01	
					         1.03500	-5.10000e+01	
					         1.03667	-4.90000e+01	
					         1.03833	-4.80000e+01	
					         1.04000	-4.70000e+01	
					         1.04167	-4.70000e+01	
					         1.04333	-4.60000e+01	
					         1.04500	-4.60000e+01	
					         1.04667	-4.60000e+01	
					         1.04833	-4.60000e+01	
					         1.05000	-4.60000e+01	
					         1.05167	-4.60000e+01	
					         1.05333	-4.60000e+01	
					         1.05500	-4.60000e+01	
					         1.05667	-4.50000e+01	
					         1.05833	-4.50000e+01	
					         1.06000	-4.40000e+01	
					         1.06167	-4.30000e+01	
					         1.06333	-4.20000e+01	
					         1.06500	-4.10000e+01	
					         1.06667	-4.00000e+01	
					         1.06833	-3.80000e+01	
					         1.07000	-3.70000e+01	
					         1.07167	-3.50000e+01	
					         1.07333	-3.20000e+01	
					         1.07500	-3.00000e+01	
					         1.07667	-2.70000e+01	
					         1.07833	-2.50000e+01	
					         1.08000	-2.20000e+01	
					         1.08167	-2.00000e+01	
					         1.08333	-1.70000e+01	
					         1.08500	-1.60000e+01	
					         1.08667	-1.40000e+01	
					         1.08833	-1.30000e+01	
					         1.09000	-1.20000e+01	
					         1.09167	-1.20000e+01	
					         1.09333	-1.10000e+01	
					         1.09500	-1.10000e+01	
					         1.09667	-1.10000e+01	
					         1.09833	-1.10000e+01	
					         1.10000	-1.10000e+01	
					         1.10167	-1.10000e+01	
					         1.10333	-1.10000e+01	
					         1.10500	-1.10000e+01	
					         1.10667	-1.10000e+01	
					         1.10833	-1.10000e+01	
					         1.11000	-1.00000e+01	
					         1.11167	-9.00000e+00	
					         1.11333	-8.00000e+00	
					         1.11500	-6.00000e+00	
					         1.11667	-5.00000e+00	
					         1.11833	-3.00000e+00	
					         1.12000	0.00000e+00	
					         1.12167	2.00000e+00	
					         1.12333	4.00000e+00	
					         1.12500	7.00000e+00	
					         1.12667	9.00000e+00	
					         1.12833	1.10000e+01	
					         1.13000	1.30000e+01	
					         1.13167	1.50000e+01	
					         1.13333	1.60000e+01	
					         1.13500	1.80000e+01	
					         1.13667	1.90000e+01	
					         1.13833	2.10000e+01	
					         1.14000	2.20000e+01	
					         1.14167	2.40000e+01	
					         1.14333	2.60000e+01	
					         1.14500	2.80000e+01	
					         1.14667	2.90000e+01	
					         1.14833	3.10000e+01	
					         1.15000	3.30000e+01	
					         1.15167	3.50000e+01	
					         1.15333	3.70000e+01	
					         1.15500	4.00000e+01	
					         1.15667	4.20000e+01	
					         1.15833	4.50000e+01	
					         1.16000	4.80000e+01	
					         1.16167	5.10000e+01	
					         1.16333	5.40000e+01	
					         1.16500	5.70000e+01	
					         1.16667	6.10000e+01	
					         1.16833	6.50000e+01	
					         1.17000	6.90000e+01	
					         1.17167	7.30000e+01	
					         1.17333	7.70000e+01	
					         1.17500	8.10000e+01	
					         1.17667	8.50000e+01	
					         1.17833	8.80000e+01	
					         1.18000	9.20000e+01	
					         1.18167	9.60000e+01	
					         1.18333	9.90000e+01	
					         1.18500	1.03000e+02	
					         1.18667	1.06000e+02	
					         1.18833	1.09000e+02	
					         1.19000	1.11000e+02	
					         1.19167	1.14000e+02	
					         1.19333	1.16000e+02	
					         1.19500	1.17000e+02	
					         1.19667	1.18000e+02	
					         1.19833	1.19000e+02	
					         1.20000	1.20000e+02	
					         1.20167	1.20000e+02	
					         1.20333	1.19000e+02	
					         1.20500	1.19000e+02	
					         1.20667	1.18000e+02	
					         1.20833	1.17000e+02	
					         1.21000	1.16000e+02	
					         1.21167	1.14000e+02	
					         1.21333	1.13000e+02	
					         1.21500	1.11000e+02	
					         1.21667	1.08000e+02	
					         1.21833	1.06000e+02	
					         1.22000	1.03000e+02	
					         1.22167	1.00000e+02	
					         1.22333	9.70000e+01	
					         1.22500	9.40000e+01	
					         1.22667	9.00000e+01	
					         1.22833	8.60000e+01	
					         1.23000	8.20000e+01	
					         1.23167	7.70000e+01	
					         1.23333	7.20000e+01	
					         1.23500	6.70000e+01	
					         1.23667	6.20000e+01	
					         1.23833	5.70000e+01	
					         1.24000	5.10000e+01	
					         1.24167	4.60000e+01	
					         1.24333	4.00000e+01	
					         1.24500	3.40000e+01	
					         1.24667	2.80000e+01	
					         1.24833	2.20000e+01	
					         1.25000	1.60000e+01	
					         1.25167	9.00000e+00	
					         1.25333	3.00000e+00	
					         1.25500	-3.00000e+00	
					         1.25667	-1.00000e+01	
					         1.25833	-1.60000e+01	
					         1.26000	-2.30000e+01	
					         1.26167	-2.90000e+01	
					         1.26333	-3.50000e+01	
					         1.26500	-4.10000e+01	
					         1.26667	-4.60000e+01	
					         1.26833	-5.20000e+01	
					         1.27000	-5.70000e+01	
					         1.27167	-6.20000e+01	
					         1.27333	-6.60000e+01	
					         1.27500	-7.00000e+01	
					         1.27667	-7.40000e+01	
					         1.27833	-7.70000e+01	
					         1.28000	-7.90000e+01	
					         1.28167	-8.10000e+01	
					         1.28333	-8.30000e+01	
					         1.28500	-8.40000e+01	
					         1.28667	-8.40000e+01	
					         1.28833	-8.40000e+01	
					         1.29000	-8.40000e+01	
					         1.29167	-8.30000e+01	
					         1.29333	-8.20000e+01	
					         1.29500	-8.10000e+01	
					         1.29667	-8.00000e+01	
					         1.29833	-7.90000e+01	
					         1.30000	-7.80000e+01	
					         1.30167	-7.80000e+01	
					         1.30333	-7.70000e+01	
					         1.30500	-7.60000e+01	
					         1.30667	-7.60000e+01	
					         1.30833	-7.50000e+01	
					         1.31000	-7.40000e+01	
					         1.31167	-7.30000e+01	
					         1.31333	-7.30000e+01	
					         1.31500	-7.20000e+01	
					         1.31667	-7.10000e+01	
					         1.31833	-7.00000e+01	
					         1.32000	-6.90000e+01	
					         1.32167	-6.80000e+01	
					         1.32333	-6.70000e+01	
					         1.32500	-6.70000e+01	
					         1.32667	-6.60000e+01	
					         1.32833	-6.50000e+01	
					         1.33000	-6.50000e+01	
					         1.33167	-6.40000e+01	
					         1.33333	-6.40000e+01	
					         1.33500	-6.40000e+01	
					         1.33667	-6.30000e+01	
					         1.33833	-6.30000e+01	
					         1.34000	-6.30000e+01	
					         1.34167	-6.20000e+01	
					         1.34333	-6.20000e+01	
					         1.34500	-6.10000e+01	
					         1.34667	-6.00000e+01	
					         1.34833	-5.90000e+01	
					         1.35000	-5.70000e+01	
					         1.35167	-5.60000e+01	
					         1.35333	-5.50000e+01	
					         1.35500	-5.30000e+01	
					         1.35667	-5.10000e+01	
					         1.35833	-5.00000e+01	
					         1.36000	-4.90000e+01	
					         1.36167	-4.80000e+01	
					         1.36333	-4.70000e+01	
					         1.36500	-4.70000e+01	
					         1.36667	-4.70000e+01	
					         1.36833	-4.70000e+01	
					         1.37000	-4.80000e+01	
					         1.37167	-4.80000e+01	
					         1.37333	-4.80000e+01	
					         1.37500	-4.80000e+01	
					         1.37667	-4.70000e+01	
					         1.37833	-4.70000e+01	
					         1.38000	-4.60000e+01	
					         1.38167	-4.40000e+01	
					         1.38333	-4.30000e+01	
					         1.38500	-4.10000e+01	
					         1.38667	-3.90000e+01	
					         1.38833	-3.70000e+01	
					         1.39000	-3.40000e+01	
					         1.39167	-3.20000e+01	
					         1.39333	-3.00000e+01	
					         1.39500	-2.80000e+01	
					         1.39667	-2.60000e+01	
					         1.39833	-2.40000e+01	
					         1.40000	-2.30000e+01	
					         1.40167	-2.10000e+01	
					         1.40333	-2.00000e+01	
					         1.40500	-1.80000e+01	
					         1.40667	-1.70000e+01	
					         1.40833	-1.60000e+01	
					         1.41000	-1.50000e+01	
					         1.41167	-1.40000e+01	
					         1.41333	-1.40000e+01	
					         1.41500	-1.30000e+01	
					         1.41667	-1.30000e+01	
					         1.41833	-1.20000e+01	
					         1.42000	-1.20000e+01	
					         1.42167	-1.20000e+01	
					         1.42333	-1.10000e+01	
					         1.42500	-1.10000e+01	
					         1.42667	-1.10000e+01	
					         1.42833	-1.00000e+01	
					         1.43000	-1.00000e+01	
					         1.43167	-1.00000e+01	
					         1.43333	-9.00000e+00	
					         1.43500	-9.00000e+00	
					         1.43667	-9.00000e+00	
					         1.43833	-8.00000e+00	
					         1.44000	-8.00000e+00	
					         1.44167	-8.00000e+00	
					         1.44333	-7.00000e+00	
					         1.44500	-7.00000e+00	
					         1.44667	-7.00000e+00	
					         1.44833	-6.00000e+00	
					         1.45000	-6.00000e+00	
					         1.45167	-6.00000e+00	
					         1.45333	-6.00000e+00	
					         1.45500	-6.00000e+00	
					         1.45667	-6.00000e+00	
					         1.45833	-7.00000e+00	
					         1.46000	-7.00000e+00	
					         1.46167	-7.00000e+00	
					         1.46333	-8.00000e+00	
					         1.46500	-9.00000e+00	
					         1.46667	-9.00000e+00	
					         1.46833	-1.00000e+01	
					         1.47000	-1.00000e+01	
					         1.47167	-1.00000e+01	
					         1.47333	-1.00000e+01	
					         1.47500	-9.00000e+00	
					         1.47667	-8.00000e+00	
					         1.47833	-8.00000e+00	
					         1.48000	-7.00000e+00	
					         1.48167	-6.00000e+00	
					         1.48333	-5.00000e+00	
					         1.48500	-5.00000e+00	
					         1.48667	-5.00000e+00	
					         1.48833	-5.00000e+00	
					         1.49000	-5.00000e+00	
					         1.49167	-6.00000e+00	
					         1.49333	-6.00000e+00	
					         1.49500	-7.00000e+00	
					         1.49667	-7.00000e+00	
					         1.49833	-8.00000e+00	
					         1.50000	-8.00000e+00	
					         1.50167	-8.00000e+00	
					         1.50333	-8.00000e+00	
					         1.50500	-7.00000e+00	
					         1.50667	-7.00000e+00	
					         1.50833	-7.00000e+00	
					         1.51000	-7.00000e+00	
					         1.51167	-7.00000e+00	
					         1.51333	-7.00000e+00	
					         1.51500	-7.00000e+00	
					         1.51667	-7.00000e+00	
					         1.51833	-8.00000e+00	
					         1.52000	-8.00000e+00	
					         1.52167	-8.00000e+00	
					         1.52333	-8.00000e+00	
					         1.52500	-8.00000e+00	
					         1.52667	-8.00000e+00	
					         1.52833	-8.00000e+00	
					         1.53000	-7.00000e+00	
					         1.53167	-6.00000e+00	
					         1.53333	-6.00000e+00	
					         1.53500	-5.00000e+00	
					         1.53667	-4.00000e+00	
					         1.53833	-4.00000e+00	
					         1.54000	-3.00000e+00	
					         1.54167	-3.00000e+00	
					         1.54333	-3.00000e+00	
					         1.54500	-2.00000e+00	
					         1.54667	-2.00000e+00	
					         1.54833	-2.00000e+00	
					         1.55000	-2.00000e+00	
					         1.55167	-2.00000e+00	
					         1.55333	-3.00000e+00	
					         1.55500	-3.00000e+00	
					         1.55667	-3.00000e+00	
					         1.55833	-4.00000e+00	
					         1.56000	-5.00000e+00	
					         1.56167	-5.00000e+00	
					         1.56333	-6.00000e+00	
					         1.56500	-7.00000e+00	
					         1.56667	-8.00000e+00	
					         1.56833	-9.00000e+00	
					         1.57000	-1.00000e+01	
					         1.57167	-1.00000e+01	
					         1.57333	-1.00000e+01	
					         1.57500	-1.10000e+01	
					         1.57667	-1.00000e+01	
					         1.57833	-1.00000e+01	
					         1.58000	-1.00000e+01	
					         1.58167	-9.00000e+00	
					         1.58333	-8.00000e+00	
					         1.58500	-7.00000e+00	
					         1.58667	-6.00000e+00	
					         1.58833	-4.00000e+00	
					         1.59000	-3.00000e+00	
					         1.59167	-2.00000e+00	
					         1.59333	-2.00000e+00	
					         1.59500	-1.00000e+00	
					         1.59667	-1.00000e+00	
					         1.59833	-1.00000e+00	
					         1.60000	-2.00000e+00	
					         1.60167	-2.00000e+00	
					         1.60333	-3.00000e+00	
					         1.60500	-3.00000e+00	
					         1.60667	-3.00000e+00	
					         1.60833	-4.00000e+00	
					         1.61000	-3.00000e+00	
					         1.61167	-3.00000e+00	
					         1.61333	-3.00000e+00	
					         1.61500	-2.00000e+00	
					         1.61667	-1.00000e+00	
					         1.61833	0.00000e+00	
					         1.62000	0.00000e+00	
					         1.62167	1.00000e+00	
					         1.62333	2.00000e+00	
					         1.62500	3.00000e+00	
					         1.62667	3.00000e+00	
					         1.62833	3.00000e+00	
					         1.63000	3.00000e+00	
					         1.63167	2.00000e+00	
					         1.63333	1.00000e+00	
					         1.63500	1.00000e+00	
					         1.63667	1.00000e+00	
					         1.63833	0.00000e+00	
					         1.64000	1.00000e+00	
					         1.64167	1.00000e+00	
					         1.64333	1.00000e+00	
					         1.64500	2.00000e+00	
					         1.64667	3.00000e+00	
					         1.64833	3.00000e+00	
					         1.65000	4.00000e+00	
					         1.65167	5.00000e+00	
					         1.65333	5.00000e+00	
					         1.65500	6.00000e+00	
					         1.65667	6.00000e+00	
					         1.65833	6.00000e+00	
					         1.66000	6.00000e+00	
					         1.66167	5.00000e+00	
					         1.66333	4.00000e+00	
					         1.66500	4.00000e+00	
					         1.66667	3.00000e+00	
					         1.66833	2.00000e+00	
					         1.67000	2.00000e+00	
					         1.67167	2.00000e+00	
					         1.67333	3.00000e+00	
					         1.67500	3.00000e+00	
					         1.67667	3.00000e+00	
					         1.67833	4.00000e+00	
					         1.68000	4.00000e+00	
					         1.68167	5.00000e+00	
					         1.68333	6.00000e+00	
					         1.68500	7.00000e+00	
					         1.68667	8.00000e+00	
					         1.68833	8.00000e+00	
					         1.69000	9.00000e+00	
					         1.69167	9.00000e+00	
					         1.69333	8.00000e+00	
					         1.69500	8.00000e+00	
					         1.69667	7.00000e+00	
					         1.69833	7.00000e+00	
					         1.70000	6.00000e+00	
					         1.70167	6.00000e+00	
					         1.70333	6.00000e+00	
					         1.70500	5.00000e+00	
					         1.70667	5.00000e+00	
					         1.70833	5.00000e+00	
					         1.71000	5.00000e+00	
					         1.71167	5.00000e+00	
					         1.71333	5.00000e+00	
					         1.71500	5.00000e+00	
					         1.71667	5.00000e+00	
					         1.71833	5.00000e+00	
					         1.72000	4.00000e+00	
					         1.72167	3.00000e+00	
					         1.72333	2.00000e+00	
					         1.72500	1.00000e+00	
					         1.72667	0.00000e+00	
					         1.72833	-2.00000e+00	
					         1.73000	-4.00000e+00	
					         1.73167	-6.00000e+00	
					         1.73333	-8.00000e+00	
					         1.73500	-1.00000e+01	
					         1.73667	-1.10000e+01	
					         1.73833	-1.30000e+01	
					         1.74000	-1.30000e+01	
					         1.74167	-1.30000e+01	
					         1.74333	-1.30000e+01	
					         1.74500	-1.30000e+01	
					         1.74667	-1.20000e+01	
					         1.74833	-1.10000e+01	
					         1.75000	-1.00000e+01	
					         1.75167	-9.00000e+00	
					         1.75333	-8.00000e+00	
					         1.75500	-7.00000e+00	
					         1.75667	-6.00000e+00	
					         1.75833	-6.00000e+00	
					         1.76000	-6.00000e+00	
					         1.76167	-7.00000e+00	
					         1.76333	-8.00000e+00	
					         1.76500	-9.00000e+00	
					         1.76667	-1.10000e+01	
					         1.76833	-1.20000e+01	
					         1.77000	-1.40000e+01	
					         1.77167	-1.60000e+01	
					         1.77333	-1.80000e+01	
					         1.77500	-1.90000e+01	
					         1.77667	-2.00000e+01	
					         1.77833	-2.10000e+01	
					         1.78000	-2.20000e+01	
					         1.78167	-2.30000e+01	
					         1.78333	-2.30000e+01	
					         1.78500	-2.30000e+01	
					         1.78667	-2.30000e+01	
					         1.78833	-2.30000e+01	
					         1.79000	-2.20000e+01	
					         1.79167	-2.20000e+01	
					         1.79333	-2.10000e+01	
					         1.79500	-2.00000e+01	
					         1.79667	-2.00000e+01	
					         1.79833	-1.90000e+01	
					         1.80000	-1.80000e+01	
					         1.80167	-1.70000e+01	
					         1.80333	-1.60000e+01	
					         1.80500	-1.50000e+01	
					         1.80667	-1.40000e+01	
					         1.80833	-1.30000e+01	
					         1.81000	-1.10000e+01	
					         1.81167	-1.00000e+01	
					         1.81333	-9.00000e+00	
					         1.81500	-8.00000e+00	
					         1.81667	-7.00000e+00	
					         1.81833	-6.00000e+00	
					         1.82000	-5.00000e+00	
					         1.82167	-4.00000e+00	
					         1.82333	-4.00000e+00	
					         1.82500	-3.00000e+00	
					         1.82667	-3.00000e+00	
					         1.82833	-1.00000e+00	
					         1.83000	0.00000e+00	
					         1.83167	3.00000e+00	
					         1.83333	6.00000e+00	
					         1.83500	1.00000e+01	
					         1.83667	1.50000e+01	
					         1.83833	2.00000e+01	
					         1.84000	2.70000e+01	
					         1.84167	3.40000e+01	
					         1.84333	4.20000e+01	
					         1.84500	5.10000e+01	
					         1.84667	6.10000e+01	
					         1.84833	7.10000e+01	
					         1.85000	8.20000e+01	
					         1.85167	9.40000e+01	
					         1.85333	1.08000e+02	
					         1.85500	1.23000e+02	
					         1.85667	1.40000e+02	
					         1.85833	1.59000e+02	
					         1.86000	1.80000e+02	
					         1.86167	2.05000e+02	
					         1.86333	2.31000e+02	
					         1.86500	2.59000e+02	
					         1.86667	2.87000e+02	
					         1.86833	3.14000e+02	
					         1.87000	3.38000e+02	
					         1.87167	3.58000e+02	
					         1.87333	3.72000e+02	
					         1.87500	3.80000e+02	
					         1.87667	3.79000e+02	
					         1.87833	3.70000e+02	
					         1.88000	3.52000e+02	
					         1.88167	3.25000e+02	
					         1.88333	2.89000e+02	
					         1.88500	2.46000e+02	
					         1.88667	1.99000e+02	
					         1.88833	1.49000e+02	
					         1.89000	1.00000e+02	
					         1.89167	5.20000e+01	
					         1.89333	7.00000e+00	
					         1.89500	-3.20000e+01	
					         1.89667	-6.70000e+01	
					         1.89833	-9.50000e+01	
					         1.90000	-1.16000e+02	
					         1.90167	-1.31000e+02	
					         1.90333	-1.40000e+02	
					         1.90500	-1.44000e+02	
					         1.90667	-1.44000e+02	
					         1.90833	-1.42000e+02	
					         1.91000	-1.38000e+02	
					         1.91167	-1.32000e+02	
					         1.91333	-1.27000e+02	
					         1.91500	-1.21000e+02	
					         1.91667	-1.16000e+02	
					         1.91833	-1.12000e+02	
					         1.92000	-1.08000e+02	
					         1.92167	-1.04000e+02	
					         1.92333	-1.02000e+02	
					         1.92500	-1.00000e+02	
					         1.92667	-9.80000e+01	
					         1.92833	-9.70000e+01	
					         1.93000	-9.60000e+01	
					         1.93167	-9.40000e+01	
					         1.93333	-9.30000e+01	
					         1.93500	-9.20000e+01	
					         1.93667	-9.00000e+01	
					         1.93833	-8.80000e+01	
					         1.94000	-8.60000e+01	
					         1.94167	-8.40000e+01	
					         1.94333	-8.20000e+01	
					         1.94500	-7.90000e+01	
					         1.94667	-7.70000e+01	
					         1.94833	-7.40000e+01	
					         1.95000	-7.20000e+01	
					         1.95167	-6.90000e+01	
					         1.95333	-6.70000e+01	
					         1.95500	-6.50000e+01	
					         1.95667	-6.20000e+01	
					         1.95833	-6.00000e+01	
					         1.96000	-5.80000e+01	
					         1.96167	-5.60000e+01	
					         1.96333	-5.40000e+01	
					         1.96500	-5.30000e+01	
					         1.96667	-5.10000e+01	
					         1.96833	-5.00000e+01	
					         1.97000	-4.80000e+01	
					         1.97167	-4.70000e+01	
					         1.97333	-4.60000e+01	
					         1.97500	-4.50000e+01	
					         1.97667	-4.40000e+01	
					         1.97833	-4.40000e+01	
					         1.98000	-4.30000e+01	
					         1.98167	-4.20000e+01	
					         1.98333	-4.10000e+01	
					         1.98500	-4.00000e+01	
					         1.98667	-4.00000e+01	
					         1.98833	-3.90000e+01	
					         1.99000	-3.80000e+01	
					         1.99167	-3.60000e+01	
					         1.99333	-3.50000e+01	
					         1.99500	-3.40000e+01	
					         1.99667	-3.30000e+01	
					         1.99833	-3.20000e+01	
					         2.00000	-3.10000e+01	
					         2.00167	-3.00000e+01	
					         2.00333	-2.90000e+01	
					         2.00500	-2.80000e+01	
					         2.00667	-2.70000e+01	
					         2.00833	-2.60000e+01	
					         2.01000	-2.50000e+01	
					         2.01167	-2.40000e+01	
					         2.01333	-2.30000e+01	
					         2.01500	-2.20000e+01	
					         2.01667	-2.00000e+01	
					         2.01833	-1.90000e+01	
					         2.02000	-1.80000e+01	
					         2.02167	-1.60000e+01	
					         2.02333	-1.50000e+01	
					         2.02500	-1.40000e+01	
					         2.02667	-1.20000e+01	
					         2.02833	-1.10000e+01	
					         2.03000	-1.10000e+01	
					         2.03167	-1.00000e+01	
					         2.03333	-9.00000e+00	
					         2.03500	-9.00000e+00	
					         2.03667	-8.00000e+00	
					         2.03833	-8.00000e+00	
					         2.04000	-8.00000e+00	
					         2.04167	-7.00000e+00	
					         2.04333	-6.00000e+00	
					         2.04500	-5.00000e+00	
					         2.04667	-4.00000e+00	
					         2.04833	-2.00000e+00	
					         2.05000	-1.00000e+00	
					         2.05167	1.00000e+00	
					         2.05333	3.00000e+00	
					         2.05500	5.00000e+00	
					         2.05667	8.00000e+00	
					         2.05833	1.00000e+01	
					         2.06000	1.30000e+01	
					         2.06167	1.50000e+01	
					         2.06333	1.70000e+01	
					         2.06500	2.00000e+01	
					         2.06667	2.20000e+01	
					         2.06833	2.40000e+01	
					         2.07000	2.60000e+01	
					         2.07167	2.80000e+01	
					         2.07333	3.00000e+01	
					         2.07500	3.20000e+01	
					         2.07667	3.40000e+01	
					         2.07833	3.60000e+01	
					         2.08000	3.80000e+01	
					         2.08167	4.00000e+01	
					         2.08333	4.20000e+01	
					         2.08500	4.50000e+01	
					         2.08667	4.70000e+01	
					         2.08833	5.00000e+01	
					         2.09000	5.30000e+01	
					         2.09167	5.70000e+01	
					         2.09333	6.00000e+01	
					         2.09500	6.40000e+01	
					         2.09667	6.70000e+01	
					         2.09833	7.10000e+01	
					         2.10000	7.40000e+01	
					         2.10167	7.80000e+01	
					         2.10333	8.10000e+01	
					         2.10500	8.40000e+01	
					         2.10667	8.70000e+01	
					         2.10833	9.00000e+01	
					         2.11000	9.20000e+01	
					         2.11167	9.50000e+01	
					         2.11333	9.80000e+01	
					         2.11500	1.00000e+02	
					         2.11667	1.03000e+02	
					         2.11833	1.06000e+02	
					         2.12000	1.08000e+02	
					         2.12167	1.11000e+02	
					         2.12333	1.13000e+02	
					         2.12500	1.15000e+02	
					         2.12667	1.17000e+02	
					         2.12833	1.19000e+02	
					         2.13000	1.20000e+02	
					         2.13167	1.21000e+02	
					         2.13333	1.22000e+02	
					         2.13500	1.21000e+02	
					         2.13667	1.21000e+02	
					         2.13833	1.19000e+02	
					         2.14000	1.18000e+02	
					         2.14167	1.15000e+02	
					         2.14333	1.12000e+02	
					         2.14500	1.09000e+02	
					         2.14667	1.06000e+02	
					         2.14833	1.03000e+02	
					         2.15000	9.90000e+01	
					         2.15167	9.60000e+01	
					         2.15333	9.20000e+01	
					         2.15500	8.80000e+01	
					         2.15667	8.40000e+01	
					         2.15833	8.00000e+01	
					         2.16000	7.60000e+01	
					         2.16167	7.20000e+01	
					         2.16333	6.80000e+01	
					         2.16500	6.30000e+01	
					         2.16667	5.80000e+01	
					         2.16833	5.20000e+01	
					         2.17000	4.70000e+01	
					         2.17167	4.10000e+01	
					         2.17333	3.40000e+01	
					         2.17500	2.80000e+01	
					         2.17667	2.10000e+01	
					         2.17833	1.50000e+01	
					         2.18000	8.00000e+00	
					         2.18167	2.00000e+00	
					         2.18333	-4.00000e+00	
					         2.18500	-1.10000e+01	
					         2.18667	-1.60000e+01	
					         2.18833	-2.20000e+01	
					         2.19000	-2.80000e+01	
					         2.19167	-3.30000e+01	
					         2.19333	-3.80000e+01	
					         2.19500	-4.30000e+01	
					         2.19667	-4.80000e+01	
					         2.19833	-5.30000e+01	
					         2.20000	-5.70000e+01	
					         2.20167	-6.10000e+01	
					         2.20333	-6.40000e+01	
					         2.20500	-6.80000e+01	
					         2.20667	-7.00000e+01	
					         2.20833	-7.30000e+01	
					         2.21000	-7.50000e+01	
					         2.21167	-7.70000e+01	
					         2.21333	-7.80000e+01	
					         2.21500	-7.90000e+01	
					         2.21667	-8.00000e+01	
					         2.21833	-8.00000e+01	
					         2.22000	-8.10000e+01	
					         2.22167	-8.10000e+01	
					         2.22333	-8.10000e+01	
					         2.22500	-8.10000e+01	
					         2.22667	-8.10000e+01	
					         2.22833	-8.10000e+01	
					         2.23000	-8.00000e+01	
					         2.23167	-8.00000e+01	
					         2.23333	-7.90000e+01	
					         2.23500	-7.90000e+01	
					         2.23667	-7.90000e+01	
					         2.23833	-7.80000e+01	
					         2.24000	-7.80000e+01	
					         2.24167	-7.70000e+01	
					         2.24333	-7.70000e+01	
					         2.24500	-7.60000e+01	
					         2.24667	-7.60000e+01	
					         2.24833	-7.50000e+01	
					         2.25000	-7.40000e+01	
					         2.25167	-7.40000e+01	
					         2.25333	-7.30000e+01	
					         2.25500	-7.20000e+01	
					         2.25667	-7.10000e+01	
					         2.25833	-7.00000e+01	
					         2.26000	-6.90000e+01	
					         2.26167	-6.70000e+01	
					         2.26333	-6.60000e+01	
					         2.26500	-6.50000e+01	
					         2.26667	-6.30000e+01	
					         2.26833	-6.20000e+01	
					         2.27000	-6.10000e+01	
					         2.27167	-6.00000e+01	
					         2.27333	-5.80000e+01	
					         2.27500	-5.70000e+01	
					         2.27667	-5.50000e+01	
					         2.27833	-5.40000e+01	
					         2.28000	-5.30000e+01	
					         2.28167	-5.20000e+01	
					         2.28333	-5.10000e+01	
					         2.28500	-5.10000e+01	
					         2.28667	-5.10000e+01	
					         2.28833	-5.10000e+01	
					         2.29000	-5.10000e+01	
					         2.29167	-5.00000e+01	
					         2.29333	-5.00000e+01	
					         2.29500	-5.00000e+01	
					         2.29667	-4.90000e+01	
					         2.29833	-4.80000e+01	
					         2.30000	-4.60000e+01	
					         2.30167	-4.50000e+01	
					         2.30333	-4.30000e+01	
					         2.30500	-4.10000e+01	
					         2.30667	-3.80000e+01	
					         2.30833	-3.60000e+01	
					         2.31000	-3.30000e+01	
					         2.31167	-3.00000e+01	
					         2.31333	-2.80000e+01	
					         2.31500	-2.50000e+01	
					         2.31667	-2.40000e+01	
					         2.31833	-2.20000e+01	
					         2.32000	-2.10000e+01	
					         2.32167	-2.10000e+01	
					         2.32333	-2.00000e+01	
					         2.32500	-2.00000e+01	
					         2.32667	-1.90000e+01	
					         2.32833	-1.90000e+01	
					         2.33000	-1.90000e+01	
					         2.33167	-1.90000e+01	
					         2.33333	-1.90000e+01	
					         2.33500	-1.90000e+01	
					         2.33667	-1.90000e+01	
					         2.33833	-1.90000e+01	
					         2.34000	-1.90000e+01	
					         2.34167	-1.90000e+01	
					         2.34333	-1.90000e+01	
					         2.34500	-2.00000e+01	
					         2.34667	-2.00000e+01	
					         2.34833	-2.00000e+01	
					         2.35000	-2.10000e+01	
					         2.35167	-2.10000e+01	
					         2.35333	-2.00000e+01	
					         2.35500	-2.00000e+01	
					         2.35667	-1.90000e+01	
					         2.35833	-1.70000e+01	
					         2.36000	-1.50000e+01	
					         2.36167	-1.30000e+01	
					         2.36333	-1.10000e+01	
					         2.36500	-9.00000e+00	
					         2.36667	-7.00000e+00	
					         2.36833	-6.00000e+00	
					         2.37000	-4.00000e+00	
					         2.37167	-3.00000e+00	
					         2.37333	-2.00000e+00	
					         2.37500	-2.00000e+00	
					         2.37667	-2.00000e+00	
					         2.37833	-2.00000e+00	
					         2.38000	-2.00000e+00	
					         2.38167	-2.00000e+00	
					         2.38333	-2.00000e+00	
					         2.38500	-3.00000e+00	
					         2.38667	-4.00000e+00	
					         2.38833	-4.00000e+00	
					         2.39000	-5.00000e+00	
					         2.39167	-5.00000e+00	
					         2.39333	-6.00000e+00	
					         2.39500	-6.00000e+00	
					         2.39667	-7.00000e+00	
					         2.39833	-7.00000e+00	
					         2.40000	-7.00000e+00	
					         2.40167	-7.00000e+00	
					         2.40333	-6.00000e+00	
					         2.40500	-6.00000e+00	
					         2.40667	-5.00000e+00	
					         2.40833	-4.00000e+00	
					         2.41000	-3.00000e+00	
					         2.41167	-2.00000e+00	
					         2.41333	-1.00000e+00	
					         2.41500	-1.00000e+00	
					         2.41667	-1.00000e+00	
					         2.41833	-1.00000e+00	
					         2.42000	-1.00000e+00	
					         2.42167	-1.00000e+00	
					         2.42333	-1.00000e+00	
					         2.42500	-2.00000e+00	
					         2.42667	-2.00000e+00	
					         2.42833	-3.00000e+00	
					         2.43000	-3.00000e+00	
					         2.43167	-4.00000e+00	
					         2.43333	-4.00000e+00	
					         2.43500	-5.00000e+00	
					         2.43667	-5.00000e+00	
					         2.43833	-5.00000e+00	
					         2.44000	-5.00000e+00	
					         2.44167	-5.00000e+00	
					         2.44333	-5.00000e+00	
					         2.44500	-5.00000e+00	
					         2.44667	-5.00000e+00	
					         2.44833	-5.00000e+00	
					         2.45000	-4.00000e+00	
					         2.45167	-4.00000e+00	
					         2.45333	-3.00000e+00	
					         2.45500	-3.00000e+00	
					         2.45667	-3.00000e+00	
					         2.45833	-3.00000e+00	
					         2.46000	-3.00000e+00	
					         2.46167	-3.00000e+00	
					         2.46333	-3.00000e+00	
					         2.46500	-3.00000e+00	
					         2.46667	-3.00000e+00	
					         2.46833	-3.00000e+00	
					         2.47000	-2.00000e+00	
					         2.47167	-2.00000e+00	
					         2.47333	-2.00000e+00	
					         2.47500	-1.00000e+00	
					         2.47667	-1.00000e+00	
					         2.47833	-1.00000e+00	
					         2.48000	-1.00000e+00	
					         2.48167	-1.00000e+00	
					         2.48333	-2.00000e+00	
					         2.48500	-3.00000e+00	
					         2.48667	-4.00000e+00	
					         2.48833	-6.00000e+00	
					         2.49000	-7.00000e+00	
					         2.49167	-8.00000e+00	
					         2.49333	-1.00000e+01	
					         2.49500	-1.10000e+01	
					         2.49667	-1.10000e+01	
					         2.49833	-1.20000e+01	
					         2.50000	-1.20000e+01	
					         2.50167	-1.10000e+01	
					         2.50333	-1.00000e+01	
					         2.50500	-9.00000e+00	
					         2.50667	-8.00000e+00	
					         2.50833	-6.00000e+00	
					         2.51000	-5.00000e+00	
					         2.51167	-4.00000e+00	
					         2.51333	-3.00000e+00	
					         2.51500	-2.00000e+00	
					         2.51667	-1.00000e+00	
					         2.51833	0.00000e+00	
					         2.52000	1.00000e+00	
					         2.52167	1.00000e+00	
					         2.52333	1.00000e+00	
					         2.52500	1.00000e+00	
					         2.52667	1.00000e+00	
					         2.52833	1.00000e+00	
					         2.53000	0.00000e+00	
					         2.53167	0.00000e+00	
					         2.53333	-1.00000e+00	
					         2.53500	-2.00000e+00	
					         2.53667	-3.00000e+00	
					         2.53833	-4.00000e+00	
					         2.54000	-6.00000e+00	
					         2.54167	-7.00000e+00	
					         2.54333	-8.00000e+00	
					         2.54500	-9.00000e+00	
					         2.54667	-9.00000e+00	
					         2.54833	-9.00000e+00	
					         2.55000	-9.00000e+00	
					         2.55167	-9.00000e+00	
					         2.55333	-8.00000e+00	
					         2.55500	-8.00000e+00	
					         2.55667	-7.00000e+00	
					         2.55833	-7.00000e+00	
					         2.56000	-6.00000e+00	
					         2.56167	-5.00000e+00	
					         2.56333	-4.00000e+00	
					         2.56500	-4.00000e+00	
					         2.56667	-3.00000e+00	
					         2.56833	-2.00000e+00	
					         2.57000	-2.00000e+00	
					         2.57167	-1.00000e+00	
					         2.57333	-1.00000e+00	
					         2.57500	0.00000e+00	
					         2.57667	0.00000e+00	
					         2.57833	0.00000e+00	
					         2.58000	0.00000e+00	
					         2.58167	0.00000e+00	
					         2.58333	0.00000e+00	
					         2.58500	0.00000e+00	
					         2.58667	0.00000e+00	
					         2.58833	-1.00000e+00	
					         2.59000	-1.00000e+00	
					         2.59167	-2.00000e+00	
					         2.59333	-2.00000e+00	
					         2.59500	-2.00000e+00	
					         2.59667	-2.00000e+00	
					         2.59833	-1.00000e+00	
					         2.60000	-1.00000e+00	
					         2.60167	0.00000e+00	
					         2.60333	1.00000e+00	
					         2.60500	1.00000e+00	
					         2.60667	2.00000e+00	
					         2.60833	2.00000e+00	
					         2.61000	3.00000e+00	
					         2.61167	3.00000e+00	
					         2.61333	3.00000e+00	
					         2.61500	3.00000e+00	
					         2.61667	3.00000e+00	
					         2.61833	3.00000e+00	
					         2.62000	4.00000e+00	
					         2.62167	4.00000e+00	
					         2.62333	5.00000e+00	
					         2.62500	6.00000e+00	
					         2.62667	7.00000e+00	
					         2.62833	9.00000e+00	
					         2.63000	1.00000e+01	
					         2.63167	1.20000e+01	
					         2.63333	1.30000e+01	
					         2.63500	1.40000e+01	
					         2.63667	1.40000e+01	
					         2.63833	1.40000e+01	
					         2.64000	1.40000e+01	
					         2.64167	1.30000e+01	
					         2.64333	1.20000e+01	
					         2.64500	1.00000e+01	
					         2.64667	9.00000e+00	
					         2.64833	7.00000e+00	
					         2.65000	5.00000e+00	
					         2.65167	4.00000e+00	
					         2.65333	3.00000e+00	
					         2.65500	2.00000e+00	
					         2.65667	1.00000e+00	
					         2.65833	0.00000e+00	
					         2.66000	-1.00000e+00	
					         2.66167	-2.00000e+00	
					         2.66333	-3.00000e+00	
					         2.66500	-4.00000e+00	
					         2.66667	-5.00000e+00	
					         2.66833	-6.00000e+00	
					         2.67000	-7.00000e+00	
					         2.67167	-8.00000e+00	
					         2.67333	-9.00000e+00	
					         2.67500	-1.00000e+01	
					         2.67667	-1.20000e+01	
					         2.67833	-1.30000e+01	
					         2.68000	-1.40000e+01	
					         2.68167	-1.40000e+01	
					         2.68333	-1.50000e+01	
					         2.68500	-1.40000e+01	
					         2.68667	-1.40000e+01	
					         2.68833	-1.40000e+01	
					         2.69000	-1.30000e+01	
					         2.69167	-1.30000e+01	
					         2.69333	-1.20000e+01	
					         2.69500	-1.10000e+01	
					         2.69667	-1.10000e+01	
					         2.69833	-1.00000e+01	
					         2.70000	-1.00000e+01	
					         2.70167	-9.00000e+00	
					         2.70333	-9.00000e+00	
					         2.70500	-9.00000e+00	
					         2.70667	-1.00000e+01	
					         2.70833	-1.00000e+01	
					         2.71000	-1.00000e+01	
					         2.71167	-1.10000e+01	
					         2.71333	-1.10000e+01	
					         2.71500	-1.20000e+01	
					         2.71667	-1.20000e+01	
					         2.71833	-1.30000e+01	
					         2.72000	-1.40000e+01	
					         2.72167	-1.50000e+01	
					         2.72333	-1.60000e+01	
					         2.72500	-1.70000e+01	
					         2.72667	-1.70000e+01	
					         2.72833	-1.80000e+01	
					         2.73000	-1.90000e+01	
					         2.73167	-2.00000e+01	
					         2.73333	-2.00000e+01	
					         2.73500	-2.00000e+01	
					         2.73667	-2.00000e+01	
					         2.73833	-2.00000e+01	
					         2.74000	-1.90000e+01	
					         2.74167	-1.90000e+01	
					         2.74333	-1.80000e+01	
					         2.74500	-1.70000e+01	
					         2.74667	-1.60000e+01	
					         2.74833	-1.50000e+01	
					         2.75000	-1.30000e+01	
					         2.75167	-1.20000e+01	
					         2.75333	-1.00000e+01	
					         2.75500	-9.00000e+00	
					         2.75667	-8.00000e+00	
					         2.75833	-7.00000e+00	
					         2.76000	-6.00000e+00	
					         2.76167	-5.00000e+00	
					         2.76333	-4.00000e+00	
					         2.76500	-3.00000e+00	
					         2.76667	-3.00000e+00	
					         2.76833	-2.00000e+00	
					         2.77000	-1.00000e+00	
					         2.77167	0.00000e+00	
					         2.77333	1.00000e+00	
					         2.77500	3.00000e+00	
					         2.77667	6.00000e+00	
					         2.77833	9.00000e+00	
					         2.78000	1.30000e+01	
					         2.78167	1.80000e+01	
					         2.78333	2.40000e+01	
					         2.78500	3.10000e+01	
					         2.78667	3.80000e+01	
					         2.78833	4.60000e+01	
					         2.79000	5.50000e+01	
					         2.79167	6.50000e+01	
					         2.79333	7.50000e+01	
					         2.79500	8.60000e+01	
					         2.79667	9.80000e+01	
					         2.79833	1.10000e+02	
					         2.80000	1.24000e+02	
					         2.80167	1.39000e+02	
					         2.80333	1.57000e+02	
					         2.80500	1.77000e+02	
					         2.80667	1.99000e+02	
					         2.80833	2.24000e+02	
					         2.81000	2.50000e+02	
					         2.81167	2.76000e+02	
					         2.81333	3.02000e+02	
					         2.81500	3.26000e+02	
					         2.81667	3.45000e+02	
					         2.81833	3.60000e+02	
					         2.82000	3.68000e+02	
					         2.82167	3.69000e+02	
					         2.82333	3.62000e+02	
					         2.82500	3.46000e+02	
					         2.82667	3.21000e+02	
					         2.82833	2.88000e+02	
					         2.83000	2.48000e+02	
					         2.83167	2.03000e+02	
					         2.83333	1.55000e+02	
					         2.83500	1.07000e+02	
					         2.83667	6.00000e+01	
					         2.83833	1.60000e+01	
					         2.84000	-2.30000e+01	
					         2.84167	-5.70000e+01	
					         2.84333	-8.60000e+01	
					         2.84500	-1.08000e+02	
					         2.84667	-1.24000e+02	
					         2.84833	-1.35000e+02	
					         2.85000	-1.41000e+02	
					         2.85167	-1.42000e+02	
					         2.85333	-1.41000e+02	
					         2.85500	-1.38000e+02	
					         2.85667	-1.33000e+02	
					         2.85833	-1.27000e+02	
					         2.86000	-1.21000e+02	
					         2.86167	-1.14000e+02	
					         2.86333	-1.08000e+02	
					         2.86500	-1.03000e+02	
					         2.86667	-9.70000e+01	
					         2.86833	-9.30000e+01	
					         2.87000	-8.80000e+01	
					         2.87167	-8.50000e+01	
					         2.87333	-8.20000e+01	
