Grayscale intensity, in dB

Time (s) :	Trace 1 : 	Trace 2 : 	Trace 3 : 		Ecg : 		
0.00015   	-3.03030e+01	-2.50442e+01	-1.82281e+01		         0.00000	6.10000e+01	
0.01821   	-3.11722e+01	-2.43426e+01	-1.91981e+01		         0.00167	8.10000e+01	
0.03627   	-3.14101e+01	-2.26652e+01	-2.12181e+01		         0.00333	1.03000e+02	
0.05433   	-3.04678e+01	-2.43449e+01	-1.97490e+01		         0.00500	1.27000e+02	
0.07238   	-3.11446e+01	-2.08721e+01	-2.36311e+01		         0.00667	1.53000e+02	
0.09044   	-3.05584e+01	-2.24194e+01	-2.04343e+01		         0.00833	1.81000e+02	
0.10850   	-2.99886e+01	-2.33458e+01	-1.96587e+01		         0.01000	2.10000e+02	
0.12656   	-2.92745e+01	-2.29860e+01	-1.75709e+01		         0.01167	2.40000e+02	
0.14462   	-2.89764e+01	-2.33781e+01	-1.89081e+01		         0.01333	2.70000e+02	
0.16268   	-2.85029e+01	-2.04913e+01	-1.80432e+01		         0.01500	3.00000e+02	
0.18073   	-2.71409e+01	-1.66838e+01	-2.13187e+01		         0.01667	3.29000e+02	
0.19879   	-2.61036e+01	-1.72430e+01	-2.26300e+01		         0.01833	3.56000e+02	
0.21685   	-2.64238e+01	-1.88009e+01	-2.31107e+01		         0.02000	3.80000e+02	
0.23491   	-2.83342e+01	-1.72790e+01	-2.52684e+01		         0.02167	4.01000e+02	
0.25297   	-2.84751e+01	-1.74205e+01	-2.56949e+01		         0.02333	4.17000e+02	
0.27102   	-2.95510e+01	-2.03819e+01	-2.67749e+01		         0.02500	4.28000e+02	
0.28908   	-3.31796e+01	-2.52729e+01	-2.66042e+01		         0.02667	4.34000e+02	
0.30714   	-3.57016e+01	-2.70325e+01	-2.79749e+01		         0.02833	4.34000e+02	
0.32520   	-3.77907e+01	-2.95473e+01	-2.90097e+01		         0.03000	4.27000e+02	
0.34326   	-3.89128e+01	-3.13887e+01	-2.66777e+01		         0.03167	4.15000e+02	
0.36132   	-3.94182e+01	-3.19665e+01	-2.97355e+01		         0.03333	3.96000e+02	
0.37937   	-4.03930e+01	-3.09303e+01	-2.99268e+01		         0.03500	3.73000e+02	
0.39743   	-4.10176e+01	-3.32631e+01	-2.93854e+01		         0.03667	3.44000e+02	
0.41549   	-4.09695e+01	-3.18012e+01	-2.99542e+01		         0.03833	3.12000e+02	
0.43355   	-4.09993e+01	-3.08091e+01	-2.90683e+01		         0.04000	2.77000e+02	
0.45160   	-3.93085e+01	-3.06508e+01	-2.95486e+01		         0.04167	2.40000e+02	
0.46966   	-4.05508e+01	-3.08972e+01	-2.87002e+01		         0.04333	2.03000e+02	
0.48772   	-4.18573e+01	-2.73582e+01	-2.80024e+01		         0.04500	1.65000e+02	
0.50578   	-4.50634e+01	-2.75556e+01	-2.68384e+01		         0.04667	1.28000e+02	
0.52413   	-4.89647e+01	-2.56641e+01	-2.45809e+01		         0.04833	9.30000e+01	
0.54190   	-4.95209e+01	-1.97756e+01	-2.23327e+01		         0.05000	6.10000e+01	
0.55995   	-4.55029e+01	-2.05095e+01	-2.14314e+01		         0.05167	3.10000e+01	
0.57802   	-4.32586e+01	-1.64902e+01	-2.32941e+01		         0.05333	4.00000e+00	
0.59607   	-4.10057e+01	-1.95652e+01	-2.21519e+01		         0.05500	-2.00000e+01	
0.61413   	-3.78125e+01	-1.77243e+01	-2.31275e+01		         0.05667	-4.00000e+01	
0.63219   	-3.56672e+01	-1.51787e+01	-2.26196e+01		         0.05833	-5.80000e+01	
0.65024   	-3.36230e+01	-1.67627e+01	-2.46116e+01		         0.06000	-7.30000e+01	
0.66830   	-2.97559e+01	-1.47976e+01	-2.49934e+01		         0.06167	-8.50000e+01	
0.68636   	-2.82022e+01	-1.51393e+01	-2.53877e+01		         0.06333	-9.40000e+01	
0.70442   	-2.74821e+01	-1.61063e+01	-2.46935e+01		         0.06500	-1.02000e+02	
0.72248   	-2.72433e+01	-1.61953e+01	-2.38732e+01		         0.06667	-1.08000e+02	
0.74053   	-2.70998e+01	-1.76677e+01	-2.36447e+01		         0.06833	-1.13000e+02	
0.75859   	-2.71935e+01	-1.71840e+01	-2.37229e+01		         0.07000	-1.16000e+02	
0.77665   	-2.71563e+01	-1.61903e+01	-2.28243e+01		         0.07167	-1.19000e+02	
0.79471   	-2.67394e+01	-1.60514e+01	-2.18557e+01		         0.07333	-1.21000e+02	
0.81277   	-2.52720e+01	-1.70836e+01	-2.08027e+01		         0.07500	-1.22000e+02	
0.83083   	-2.42130e+01	-1.79662e+01	-1.87816e+01		         0.07667	-1.23000e+02	
0.84888   	-2.71852e+01	-1.92761e+01	-1.54941e+01		         0.07833	-1.23000e+02	
0.86694   	-3.01431e+01	-1.98801e+01	-1.47546e+01		         0.08000	-1.23000e+02	
0.88500   	-3.12934e+01	-1.92688e+01	-1.50696e+01		         0.08167	-1.23000e+02	
0.90306   	-3.02823e+01	-1.92875e+01	-2.14952e+01		         0.08333	-1.22000e+02	
0.92111   	-3.14339e+01	-1.98526e+01	-1.95966e+01		         0.08500	-1.22000e+02	
0.93936   	-3.23159e+01	-1.92919e+01	-2.08346e+01		         0.08667	-1.21000e+02	
0.95723   	-3.01967e+01	-1.91015e+01	-2.15679e+01		         0.08833	-1.19000e+02	
0.97529   	-2.78478e+01	-1.66883e+01	-2.16304e+01		         0.09000	-1.18000e+02	
0.99335   	-2.77138e+01	-1.36532e+01	-1.62179e+01		         0.09167	-1.16000e+02	
1.01141   	-2.80927e+01	-1.40323e+01	-1.58216e+01		         0.09333	-1.13000e+02	
1.02947   	-2.76619e+01	-1.63143e+01	-1.81779e+01		         0.09500	-1.10000e+02	
1.04752   	-2.68010e+01	-1.56277e+01	-2.04755e+01		         0.09667	-1.07000e+02	
1.06558   	-2.76614e+01	-1.62286e+01	-2.47081e+01		         0.09833	-1.04000e+02	
1.08364   	-2.75504e+01	-1.52789e+01	-2.60047e+01		         0.10000	-1.01000e+02	
1.10170   	-2.54770e+01	-1.22523e+01	-2.69593e+01		         0.10167	-9.80000e+01	
1.11976   	-2.40115e+01	-1.21553e+01	-2.58067e+01		         0.10333	-9.40000e+01	
1.13781   	-2.32367e+01	-1.37261e+01	-2.69694e+01		         0.10500	-9.10000e+01	
1.15587   	-2.39884e+01	-1.12590e+01	-2.71483e+01		         0.10667	-8.80000e+01	
1.17393   	-2.42700e+01	-9.60056e+00	-2.76270e+01		         0.10833	-8.50000e+01	
1.19199   	-2.44847e+01	-8.35086e+00	-3.06814e+01		         0.11000	-8.20000e+01	
1.21005   	-2.55368e+01	-8.35282e+00	-3.01913e+01		         0.11167	-8.00000e+01	
1.22811   	-2.68345e+01	-8.45230e+00	-3.07697e+01		         0.11333	-7.80000e+01	
1.24616   	-2.74747e+01	-1.20566e+01	-3.15069e+01		         0.11500	-7.60000e+01	
1.26422   	-2.93108e+01	-1.43016e+01	-3.14802e+01		         0.11667	-7.50000e+01	
1.28228   	-3.11753e+01	-1.81828e+01	-3.17729e+01		         0.11833	-7.40000e+01	
1.30034   	-3.25600e+01	-1.90208e+01	-2.99869e+01		         0.12000	-7.20000e+01	
1.31839   	-3.43733e+01	-2.20230e+01	-3.04208e+01		         0.12167	-7.10000e+01	
1.33645   	-3.55001e+01	-2.27341e+01	-3.07710e+01		         0.12333	-7.00000e+01	
1.35451   	-3.49152e+01	-2.32299e+01	-3.13084e+01		         0.12500	-6.80000e+01	
1.37257   	-3.31653e+01	-2.21564e+01	-3.03017e+01		         0.12667	-6.70000e+01	
1.39063   	-3.49716e+01	-2.09220e+01	-3.06190e+01		         0.12833	-6.50000e+01	
1.40869   	-3.58188e+01	-1.88752e+01	-2.99612e+01		         0.13000	-6.40000e+01	
1.42675   	-3.61235e+01	-2.13849e+01	-2.93244e+01		         0.13167	-6.20000e+01	
1.44480   	-3.73366e+01	-1.88985e+01	-2.97725e+01		         0.13333	-6.00000e+01	
1.46286   	-3.87884e+01	-1.54613e+01	-2.91022e+01		         0.13500	-5.80000e+01	
1.48092   	-4.04116e+01	-1.23347e+01	-2.87735e+01		         0.13667	-5.70000e+01	
1.49898   	-4.09481e+01	-1.08037e+01	-2.77133e+01		         0.13833	-5.50000e+01	
1.51703   	-3.68053e+01	-9.75332e+00	-2.74955e+01		         0.14000	-5.30000e+01	
1.53509   	-3.16919e+01	-9.28951e+00	-2.66887e+01		         0.14167	-5.10000e+01	
1.55315   	-2.97925e+01	-1.05996e+01	-2.42610e+01		         0.14333	-5.00000e+01	
1.57121   	-2.86227e+01	-9.42455e+00	-2.57193e+01		         0.14500	-4.80000e+01	
1.58927   	-2.62632e+01	-1.35369e+01	-2.58510e+01		         0.14667	-4.70000e+01	
1.60733   	-2.44288e+01	-1.20701e+01	-2.53179e+01		         0.14833	-4.50000e+01	
1.62539   	-2.39165e+01	-1.18102e+01	-2.60472e+01		         0.15000	-4.40000e+01	
1.64344   	-2.38023e+01	-1.14242e+01	-2.66553e+01		         0.15167	-4.30000e+01	
1.66150   	-2.34937e+01	-1.39925e+01	-2.66054e+01		         0.15333	-4.10000e+01	
1.67956   	-2.35041e+01	-1.50109e+01	-2.67088e+01		         0.15500	-4.00000e+01	
1.69762   	-2.35377e+01	-1.54987e+01	-2.62196e+01		         0.15667	-3.80000e+01	
1.71567   	-2.32444e+01	-1.57240e+01	-2.66059e+01		         0.15833	-3.60000e+01	
1.73373   	-2.35720e+01	-1.89094e+01	-2.57743e+01		         0.16000	-3.40000e+01	
1.75179   	-2.52724e+01	-1.93544e+01	-2.24569e+01		         0.16167	-3.20000e+01	
1.76985   	-2.71172e+01	-2.15803e+01	-1.92204e+01		         0.16333	-3.00000e+01	
1.78791   	-2.76556e+01	-2.01352e+01	-1.96664e+01		         0.16500	-2.70000e+01	
1.80598   	-2.59813e+01	-2.17318e+01	-2.15192e+01		         0.16667	-2.50000e+01	
1.82402   	-2.52310e+01	-2.14984e+01	-2.11100e+01		         0.16833	-2.20000e+01	
1.84208   	-2.79125e+01	-2.13427e+01	-2.38170e+01		         0.17000	-2.00000e+01	
1.86014   	-3.12178e+01	-2.18855e+01	-2.58625e+01		         0.17167	-1.70000e+01	
1.87820   	-3.04323e+01	-1.98710e+01	-2.76104e+01		         0.17333	-1.50000e+01	
1.89626   	-2.76701e+01	-2.25797e+01	-2.49872e+01		         0.17500	-1.30000e+01	
1.91432   	-2.90079e+01	-2.12435e+01	-2.74821e+01		         0.17667	-1.20000e+01	
1.93237   	-2.90201e+01	-2.28993e+01	-2.58658e+01		         0.17833	-1.10000e+01	
1.95043   	-2.84051e+01	-2.39640e+01	-3.03144e+01		         0.18000	-1.00000e+01	
1.96879   	-2.80974e+01	-2.45037e+01	-2.79226e+01		         0.18167	-9.00000e+00	
1.98655   	-2.71626e+01	-2.22548e+01	-2.86420e+01		         0.18333	-8.00000e+00	
2.00461   	-2.59862e+01	-2.09150e+01	-2.84534e+01		         0.18500	-7.00000e+00	
2.02267   	-2.52719e+01	-2.09004e+01	-3.11605e+01		         0.18667	-6.00000e+00	
2.04072   	-2.48107e+01	-1.80128e+01	-3.02156e+01		         0.18833	-5.00000e+00	
2.05878   	-2.54093e+01	-1.80092e+01	-3.02945e+01		         0.19000	-3.00000e+00	
2.07684   	-2.59288e+01	-1.52612e+01	-3.15033e+01		         0.19167	-2.00000e+00	
2.09490   	-2.68352e+01	-1.39758e+01	-3.36413e+01		         0.19333	0.00000e+00	
2.11296   	-2.88680e+01	-1.54901e+01	-3.33683e+01		         0.19500	1.00000e+00	
2.13101   	-3.37927e+01	-1.69861e+01	-3.54334e+01		         0.19667	3.00000e+00	
2.14907   	-3.59110e+01	-2.07353e+01	-3.72047e+01		         0.19833	5.00000e+00	
2.16713   	-3.69080e+01	-2.26778e+01	-3.46206e+01		         0.20000	7.00000e+00	
2.18519   	-3.79018e+01	-2.69439e+01	-3.53879e+01		         0.20167	9.00000e+00	
2.20324   	-3.83728e+01	-2.78194e+01	-3.73393e+01		         0.20333	1.10000e+01	
2.22131   	-3.91770e+01	-2.80126e+01	-3.79459e+01		         0.20500	1.30000e+01	
2.23936   	-4.02060e+01	-2.86407e+01	-3.81027e+01		         0.20667	1.50000e+01	
2.25742   	-4.02961e+01	-2.76939e+01	-3.92909e+01		         0.20833	1.80000e+01	
2.27548   	-3.97281e+01	-2.83864e+01	-3.80452e+01		         0.21000	2.00000e+01	
2.29354   	-3.91035e+01	-2.73333e+01	-3.67619e+01		         0.21167	2.20000e+01	
2.31159   	-3.86624e+01	-2.54992e+01	-3.59345e+01		         0.21333	2.50000e+01	
2.32965   	-4.01497e+01	-2.59678e+01	-3.41258e+01		         0.21500	2.80000e+01	
2.34771   	-4.30013e+01	-2.46150e+01	-3.27740e+01		         0.21667	3.10000e+01	
2.36577   	-4.60332e+01	-2.55173e+01	-3.09780e+01		         0.21833	3.40000e+01	
2.38401   	-4.74238e+01	-2.25254e+01	-2.94097e+01		         0.22000	3.70000e+01	
2.40189   	-4.62019e+01	-2.17142e+01	-2.62971e+01		         0.22167	4.10000e+01	
2.41994   	-4.09031e+01	-2.03285e+01	-2.72588e+01		         0.22333	4.40000e+01	
2.43800   	-3.68332e+01	-1.85954e+01	-2.88113e+01		         0.22500	4.80000e+01	
2.45606   	-3.39680e+01	-1.51745e+01	-2.91544e+01		         0.22667	5.10000e+01	
2.47412   	-3.20259e+01	-1.28959e+01	-2.96846e+01		         0.22833	5.40000e+01	
2.49218   	-3.12078e+01	-1.48095e+01	-2.93985e+01		         0.23000	5.70000e+01	
2.51023   	-3.05784e+01	-1.43373e+01	-3.07423e+01		         0.23167	6.00000e+01	
2.52829   	-2.99473e+01	-1.17985e+01	-2.99025e+01		         0.23333	6.20000e+01	
2.54635   	-2.99888e+01	-1.34465e+01	-2.99608e+01		         0.23500	6.50000e+01	
2.56441   	-2.99523e+01	-1.57113e+01	-2.91683e+01		         0.23667	6.70000e+01	
2.58246   	-2.99215e+01	-1.73036e+01	-2.89704e+01		         0.23833	6.90000e+01	
2.60052   	-3.04946e+01	-1.73062e+01	-2.92249e+01		         0.24000	7.10000e+01	
2.61859   	-3.04371e+01	-1.69736e+01	-2.91632e+01		         0.24167	7.20000e+01	
2.63664   	-2.97662e+01	-1.68601e+01	-2.89112e+01		         0.24333	7.50000e+01	
2.65470   	-2.80100e+01	-2.02711e+01	-2.88890e+01		         0.24500	7.70000e+01	
2.67276   	-2.70979e+01	-1.93242e+01	-3.05319e+01		         0.24667	8.00000e+01	
2.69081   	-2.65094e+01	-1.98405e+01	-3.07651e+01		         0.24833	8.20000e+01	
2.70887   	-2.80797e+01	-1.91053e+01	-3.06717e+01		         0.25000	8.50000e+01	
2.72693   	-2.89975e+01	-2.43224e+01	-2.74208e+01		         0.25167	8.80000e+01	
2.74499   	-2.46179e+01	-2.68218e+01	-3.13306e+01		         0.25333	9.10000e+01	
2.76305   	-2.69911e+01	-2.55036e+01	-3.29407e+01		         0.25500	9.30000e+01	
2.78110   	-3.04924e+01	-2.74642e+01	-3.54939e+01		         0.25667	9.60000e+01	
2.79916   	-3.14186e+01	-2.82577e+01	-3.50469e+01		         0.25833	9.90000e+01	
2.81722   	-3.18460e+01	-2.70838e+01	-3.54381e+01		         0.26000	1.02000e+02	
					         0.26167	1.04000e+02	
					         0.26333	1.06000e+02	
					         0.26500	1.07000e+02	
					         0.26667	1.08000e+02	
					         0.26833	1.09000e+02	
					         0.27000	1.09000e+02	
					         0.27167	1.09000e+02	
					         0.27333	1.09000e+02	
					         0.27500	1.08000e+02	
					         0.27667	1.07000e+02	
					         0.27833	1.05000e+02	
					         0.28000	1.04000e+02	
					         0.28167	1.02000e+02	
					         0.28333	9.90000e+01	
					         0.28500	9.70000e+01	
					         0.28667	9.40000e+01	
					         0.28833	9.10000e+01	
					         0.29000	8.80000e+01	
					         0.29167	8.50000e+01	
					         0.29333	8.10000e+01	
					         0.29500	7.70000e+01	
					         0.29667	7.30000e+01	
					         0.29833	6.80000e+01	
					         0.30000	6.30000e+01	
					         0.30167	5.70000e+01	
					         0.30333	5.10000e+01	
					         0.30500	4.50000e+01	
					         0.30667	3.80000e+01	
					         0.30833	3.20000e+01	
					         0.31000	2.50000e+01	
					         0.31167	1.80000e+01	
					         0.31333	1.00000e+01	
					         0.31500	3.00000e+00	
					         0.31667	-4.00000e+00	
					         0.31833	-1.20000e+01	
					         0.32000	-1.90000e+01	
					         0.32167	-2.70000e+01	
					         0.32333	-3.40000e+01	
					         0.32500	-4.10000e+01	
					         0.32667	-4.80000e+01	
					         0.32833	-5.40000e+01	
					         0.33000	-6.00000e+01	
					         0.33167	-6.60000e+01	
					         0.33333	-7.10000e+01	
					         0.33500	-7.60000e+01	
					         0.33667	-8.00000e+01	
					         0.33833	-8.40000e+01	
					         0.34000	-8.70000e+01	
					         0.34167	-9.00000e+01	
					         0.34333	-9.20000e+01	
					         0.34500	-9.30000e+01	
					         0.34667	-9.50000e+01	
					         0.34833	-9.60000e+01	
					         0.35000	-9.70000e+01	
					         0.35167	-9.70000e+01	
					         0.35333	-9.80000e+01	
					         0.35500	-9.80000e+01	
					         0.35667	-9.80000e+01	
					         0.35833	-9.80000e+01	
					         0.36000	-9.80000e+01	
					         0.36167	-9.80000e+01	
					         0.36333	-9.80000e+01	
					         0.36500	-9.70000e+01	
					         0.36667	-9.70000e+01	
					         0.36833	-9.60000e+01	
					         0.37000	-9.60000e+01	
					         0.37167	-9.50000e+01	
					         0.37333	-9.50000e+01	
					         0.37500	-9.40000e+01	
					         0.37667	-9.30000e+01	
					         0.37833	-9.30000e+01	
					         0.38000	-9.20000e+01	
					         0.38167	-9.10000e+01	
					         0.38333	-9.00000e+01	
					         0.38500	-8.80000e+01	
					         0.38667	-8.70000e+01	
					         0.38833	-8.50000e+01	
					         0.39000	-8.40000e+01	
					         0.39167	-8.20000e+01	
					         0.39333	-8.00000e+01	
					         0.39500	-7.80000e+01	
					         0.39667	-7.60000e+01	
					         0.39833	-7.30000e+01	
					         0.40000	-7.20000e+01	
					         0.40167	-7.00000e+01	
					         0.40333	-6.80000e+01	
					         0.40500	-6.70000e+01	
					         0.40667	-6.60000e+01	
					         0.40833	-6.50000e+01	
					         0.41000	-6.40000e+01	
					         0.41167	-6.30000e+01	
					         0.41333	-6.30000e+01	
					         0.41500	-6.20000e+01	
					         0.41667	-6.10000e+01	
					         0.41833	-6.00000e+01	
					         0.42000	-5.90000e+01	
					         0.42167	-5.80000e+01	
					         0.42333	-5.60000e+01	
					         0.42500	-5.40000e+01	
					         0.42667	-5.30000e+01	
					         0.42833	-5.10000e+01	
					         0.43000	-4.90000e+01	
					         0.43167	-4.70000e+01	
					         0.43333	-4.60000e+01	
					         0.43500	-4.40000e+01	
					         0.43667	-4.30000e+01	
					         0.43833	-4.20000e+01	
					         0.44000	-4.10000e+01	
					         0.44167	-4.00000e+01	
					         0.44333	-3.90000e+01	
					         0.44500	-3.80000e+01	
					         0.44667	-3.70000e+01	
					         0.44833	-3.60000e+01	
					         0.45000	-3.50000e+01	
					         0.45167	-3.40000e+01	
					         0.45333	-3.20000e+01	
					         0.45500	-3.10000e+01	
					         0.45667	-2.90000e+01	
					         0.45833	-2.80000e+01	
					         0.46000	-2.70000e+01	
					         0.46167	-2.60000e+01	
					         0.46333	-2.50000e+01	
					         0.46500	-2.50000e+01	
					         0.46667	-2.50000e+01	
					         0.46833	-2.50000e+01	
					         0.47000	-2.50000e+01	
					         0.47167	-2.60000e+01	
					         0.47333	-2.60000e+01	
					         0.47500	-2.60000e+01	
					         0.47667	-2.60000e+01	
					         0.47833	-2.60000e+01	
					         0.48000	-2.60000e+01	
					         0.48167	-2.60000e+01	
					         0.48333	-2.50000e+01	
					         0.48500	-2.40000e+01	
					         0.48667	-2.40000e+01	
					         0.48833	-2.30000e+01	
					         0.49000	-2.20000e+01	
					         0.49167	-2.20000e+01	
					         0.49333	-2.10000e+01	
					         0.49500	-2.10000e+01	
					         0.49667	-2.10000e+01	
					         0.49833	-2.00000e+01	
					         0.50000	-2.00000e+01	
					         0.50167	-2.00000e+01	
					         0.50333	-1.90000e+01	
					         0.50500	-1.80000e+01	
					         0.50667	-1.80000e+01	
					         0.50833	-1.70000e+01	
					         0.51000	-1.60000e+01	
					         0.51167	-1.50000e+01	
					         0.51333	-1.40000e+01	
					         0.51500	-1.40000e+01	
					         0.51667	-1.30000e+01	
					         0.51833	-1.40000e+01	
					         0.52000	-1.40000e+01	
					         0.52167	-1.40000e+01	
					         0.52333	-1.50000e+01	
					         0.52500	-1.60000e+01	
					         0.52667	-1.60000e+01	
					         0.52833	-1.70000e+01	
					         0.53000	-1.70000e+01	
					         0.53167	-1.70000e+01	
					         0.53333	-1.70000e+01	
					         0.53500	-1.70000e+01	
					         0.53667	-1.60000e+01	
					         0.53833	-1.60000e+01	
					         0.54000	-1.40000e+01	
					         0.54167	-1.30000e+01	
					         0.54333	-1.20000e+01	
					         0.54500	-1.10000e+01	
					         0.54667	-1.00000e+01	
					         0.54833	-9.00000e+00	
					         0.55000	-9.00000e+00	
					         0.55167	-8.00000e+00	
					         0.55333	-8.00000e+00	
					         0.55500	-8.00000e+00	
					         0.55667	-9.00000e+00	
					         0.55833	-9.00000e+00	
					         0.56000	-1.00000e+01	
					         0.56167	-1.10000e+01	
					         0.56333	-1.20000e+01	
					         0.56500	-1.20000e+01	
					         0.56667	-1.30000e+01	
					         0.56833	-1.30000e+01	
					         0.57000	-1.30000e+01	
					         0.57167	-1.20000e+01	
					         0.57333	-1.20000e+01	
					         0.57500	-1.10000e+01	
					         0.57667	-1.00000e+01	
					         0.57833	-8.00000e+00	
					         0.58000	-7.00000e+00	
					         0.58167	-6.00000e+00	
					         0.58333	-5.00000e+00	
					         0.58500	-4.00000e+00	
					         0.58667	-4.00000e+00	
					         0.58833	-4.00000e+00	
					         0.59000	-4.00000e+00	
					         0.59167	-4.00000e+00	
					         0.59333	-5.00000e+00	
					         0.59500	-6.00000e+00	
					         0.59667	-7.00000e+00	
					         0.59833	-8.00000e+00	
					         0.60000	-9.00000e+00	
					         0.60167	-1.00000e+01	
					         0.60333	-1.00000e+01	
					         0.60500	-1.10000e+01	
					         0.60667	-1.20000e+01	
					         0.60833	-1.20000e+01	
					         0.61000	-1.20000e+01	
					         0.61167	-1.10000e+01	
					         0.61333	-1.10000e+01	
					         0.61500	-1.10000e+01	
					         0.61667	-1.00000e+01	
					         0.61833	-9.00000e+00	
					         0.62000	-8.00000e+00	
					         0.62167	-8.00000e+00	
					         0.62333	-7.00000e+00	
					         0.62500	-7.00000e+00	
					         0.62667	-7.00000e+00	
					         0.62833	-6.00000e+00	
					         0.63000	-6.00000e+00	
					         0.63167	-6.00000e+00	
					         0.63333	-6.00000e+00	
					         0.63500	-6.00000e+00	
					         0.63667	-7.00000e+00	
					         0.63833	-7.00000e+00	
					         0.64000	-8.00000e+00	
					         0.64167	-8.00000e+00	
					         0.64333	-8.00000e+00	
					         0.64500	-9.00000e+00	
					         0.64667	-9.00000e+00	
					         0.64833	-9.00000e+00	
					         0.65000	-9.00000e+00	
					         0.65167	-9.00000e+00	
					         0.65333	-8.00000e+00	
					         0.65500	-8.00000e+00	
					         0.65667	-7.00000e+00	
					         0.65833	-6.00000e+00	
					         0.66000	-5.00000e+00	
					         0.66167	-5.00000e+00	
					         0.66333	-4.00000e+00	
					         0.66500	-3.00000e+00	
					         0.66667	-3.00000e+00	
					         0.66833	-3.00000e+00	
					         0.67000	-3.00000e+00	
					         0.67167	-3.00000e+00	
					         0.67333	-3.00000e+00	
					         0.67500	-3.00000e+00	
					         0.67667	-4.00000e+00	
					         0.67833	-4.00000e+00	
					         0.68000	-5.00000e+00	
					         0.68167	-5.00000e+00	
					         0.68333	-6.00000e+00	
					         0.68500	-6.00000e+00	
					         0.68667	-7.00000e+00	
					         0.68833	-7.00000e+00	
					         0.69000	-7.00000e+00	
					         0.69167	-8.00000e+00	
					         0.69333	-8.00000e+00	
					         0.69500	-7.00000e+00	
					         0.69667	-7.00000e+00	
					         0.69833	-7.00000e+00	
					         0.70000	-6.00000e+00	
					         0.70167	-5.00000e+00	
					         0.70333	-4.00000e+00	
					         0.70500	-2.00000e+00	
					         0.70667	-1.00000e+00	
					         0.70833	0.00000e+00	
					         0.71000	1.00000e+00	
					         0.71167	1.00000e+00	
					         0.71333	2.00000e+00	
					         0.71500	2.00000e+00	
					         0.71667	2.00000e+00	
					         0.71833	1.00000e+00	
					         0.72000	1.00000e+00	
					         0.72167	0.00000e+00	
					         0.72333	-1.00000e+00	
					         0.72500	-2.00000e+00	
					         0.72667	-3.00000e+00	
					         0.72833	-3.00000e+00	
					         0.73000	-4.00000e+00	
					         0.73167	-4.00000e+00	
					         0.73333	-4.00000e+00	
					         0.73500	-4.00000e+00	
					         0.73667	-3.00000e+00	
					         0.73833	-1.00000e+00	
					         0.74000	0.00000e+00	
					         0.74167	2.00000e+00	
					         0.74333	4.00000e+00	
					         0.74500	6.00000e+00	
					         0.74667	7.00000e+00	
					         0.74833	9.00000e+00	
					         0.75000	1.10000e+01	
					         0.75167	1.30000e+01	
					         0.75333	1.40000e+01	
					         0.75500	1.50000e+01	
					         0.75667	1.70000e+01	
					         0.75833	1.70000e+01	
					         0.76000	1.80000e+01	
					         0.76167	1.80000e+01	
					         0.76333	1.90000e+01	
					         0.76500	1.90000e+01	
					         0.76667	1.90000e+01	
					         0.76833	1.90000e+01	
					         0.77000	1.90000e+01	
					         0.77167	1.90000e+01	
					         0.77333	1.90000e+01	
					         0.77500	1.90000e+01	
					         0.77667	1.80000e+01	
					         0.77833	1.80000e+01	
					         0.78000	1.70000e+01	
					         0.78167	1.60000e+01	
					         0.78333	1.50000e+01	
					         0.78500	1.30000e+01	
					         0.78667	1.20000e+01	
					         0.78833	1.00000e+01	
					         0.79000	8.00000e+00	
					         0.79167	6.00000e+00	
					         0.79333	4.00000e+00	
					         0.79500	2.00000e+00	
					         0.79667	1.00000e+00	
					         0.79833	0.00000e+00	
					         0.80000	-1.00000e+00	
					         0.80167	-2.00000e+00	
					         0.80333	-2.00000e+00	
					         0.80500	-2.00000e+00	
					         0.80667	-3.00000e+00	
					         0.80833	-2.00000e+00	
					         0.81000	-2.00000e+00	
					         0.81167	-2.00000e+00	
					         0.81333	-2.00000e+00	
					         0.81500	-2.00000e+00	
					         0.81667	-3.00000e+00	
					         0.81833	-4.00000e+00	
					         0.82000	-5.00000e+00	
					         0.82167	-5.00000e+00	
					         0.82333	-6.00000e+00	
					         0.82500	-6.00000e+00	
					         0.82667	-6.00000e+00	
					         0.82833	-6.00000e+00	
					         0.83000	-6.00000e+00	
					         0.83167	-6.00000e+00	
					         0.83333	-5.00000e+00	
					         0.83500	-5.00000e+00	
					         0.83667	-4.00000e+00	
					         0.83833	-2.00000e+00	
					         0.84000	-1.00000e+00	
					         0.84167	0.00000e+00	
					         0.84333	0.00000e+00	
					         0.84500	0.00000e+00	
					         0.84667	0.00000e+00	
					         0.84833	-1.00000e+00	
					         0.85000	-2.00000e+00	
					         0.85167	-3.00000e+00	
					         0.85333	-4.00000e+00	
					         0.85500	-6.00000e+00	
					         0.85667	-7.00000e+00	
					         0.85833	-9.00000e+00	
					         0.86000	-1.10000e+01	
					         0.86167	-1.30000e+01	
					         0.86333	-1.50000e+01	
					         0.86500	-1.60000e+01	
					         0.86667	-1.80000e+01	
					         0.86833	-1.90000e+01	
					         0.87000	-2.00000e+01	
					         0.87167	-2.10000e+01	
					         0.87333	-2.10000e+01	
					         0.87500	-2.10000e+01	
					         0.87667	-2.10000e+01	
					         0.87833	-2.10000e+01	
					         0.88000	-2.00000e+01	
					         0.88167	-1.90000e+01	
					         0.88333	-1.90000e+01	
					         0.88500	-1.80000e+01	
					         0.88667	-1.70000e+01	
					         0.88833	-1.60000e+01	
					         0.89000	-1.60000e+01	
					         0.89167	-1.50000e+01	
					         0.89333	-1.40000e+01	
					         0.89500	-1.30000e+01	
					         0.89667	-1.30000e+01	
					         0.89833	-1.20000e+01	
					         0.90000	-1.20000e+01	
					         0.90167	-1.20000e+01	
					         0.90333	-1.20000e+01	
					         0.90500	-1.20000e+01	
					         0.90667	-1.20000e+01	
					         0.90833	-1.30000e+01	
					         0.91000	-1.40000e+01	
					         0.91167	-1.60000e+01	
					         0.91333	-1.70000e+01	
					         0.91500	-1.90000e+01	
					         0.91667	-2.00000e+01	
					         0.91833	-2.00000e+01	
					         0.92000	-1.90000e+01	
					         0.92167	-1.70000e+01	
					         0.92333	-1.40000e+01	
					         0.92500	-9.00000e+00	
					         0.92667	-1.00000e+00	
					         0.92833	8.00000e+00	
					         0.93000	2.00000e+01	
					         0.93167	3.40000e+01	
					         0.93333	5.00000e+01	
					         0.93500	6.80000e+01	
					         0.93667	8.90000e+01	
					         0.93833	1.11000e+02	
					         0.94000	1.36000e+02	
					         0.94167	1.62000e+02	
					         0.94333	1.90000e+02	
					         0.94500	2.18000e+02	
					         0.94667	2.47000e+02	
					         0.94833	2.76000e+02	
					         0.95000	3.04000e+02	
					         0.95167	3.31000e+02	
					         0.95333	3.56000e+02	
					         0.95500	3.78000e+02	
					         0.95667	3.96000e+02	
					         0.95833	4.10000e+02	
					         0.96000	4.18000e+02	
					         0.96167	4.20000e+02	
					         0.96333	4.17000e+02	
					         0.96500	4.07000e+02	
					         0.96667	3.92000e+02	
					         0.96833	3.71000e+02	
					         0.97000	3.45000e+02	
					         0.97167	3.14000e+02	
					         0.97333	2.81000e+02	
					         0.97500	2.45000e+02	
					         0.97667	2.08000e+02	
					         0.97833	1.71000e+02	
					         0.98000	1.34000e+02	
					         0.98167	9.90000e+01	
					         0.98333	6.60000e+01	
					         0.98500	3.60000e+01	
					         0.98667	9.00000e+00	
					         0.98833	-1.60000e+01	
					         0.99000	-3.70000e+01	
					         0.99167	-5.50000e+01	
					         0.99333	-7.00000e+01	
					         0.99500	-8.30000e+01	
					         0.99667	-9.30000e+01	
					         0.99833	-1.02000e+02	
					         1.00000	-1.08000e+02	
					         1.00167	-1.13000e+02	
					         1.00333	-1.17000e+02	
					         1.00500	-1.20000e+02	
					         1.00667	-1.22000e+02	
					         1.00833	-1.23000e+02	
					         1.01000	-1.24000e+02	
					         1.01167	-1.24000e+02	
					         1.01333	-1.23000e+02	
					         1.01500	-1.22000e+02	
					         1.01667	-1.21000e+02	
					         1.01833	-1.19000e+02	
					         1.02000	-1.17000e+02	
					         1.02167	-1.15000e+02	
					         1.02333	-1.13000e+02	
					         1.02500	-1.11000e+02	
					         1.02667	-1.09000e+02	
					         1.02833	-1.07000e+02	
					         1.03000	-1.05000e+02	
					         1.03167	-1.04000e+02	
					         1.03333	-1.02000e+02	
					         1.03500	-1.00000e+02	
					         1.03667	-9.80000e+01	
					         1.03833	-9.70000e+01	
					         1.04000	-9.50000e+01	
					         1.04167	-9.30000e+01	
					         1.04333	-9.10000e+01	
					         1.04500	-8.90000e+01	
					         1.04667	-8.70000e+01	
					         1.04833	-8.50000e+01	
					         1.05000	-8.20000e+01	
					         1.05167	-8.00000e+01	
					         1.05333	-7.80000e+01	
					         1.05500	-7.60000e+01	
					         1.05667	-7.40000e+01	
					         1.05833	-7.20000e+01	
					         1.06000	-7.00000e+01	
					         1.06167	-6.80000e+01	
					         1.06333	-6.60000e+01	
					         1.06500	-6.40000e+01	
					         1.06667	-6.20000e+01	
					         1.06833	-6.00000e+01	
					         1.07000	-5.90000e+01	
					         1.07167	-5.70000e+01	
					         1.07333	-5.50000e+01	
					         1.07500	-5.30000e+01	
					         1.07667	-5.10000e+01	
					         1.07833	-5.00000e+01	
					         1.08000	-4.80000e+01	
					         1.08167	-4.70000e+01	
					         1.08333	-4.50000e+01	
					         1.08500	-4.30000e+01	
					         1.08667	-4.10000e+01	
					         1.08833	-3.90000e+01	
					         1.09000	-3.80000e+01	
					         1.09167	-3.60000e+01	
					         1.09333	-3.40000e+01	
					         1.09500	-3.20000e+01	
					         1.09667	-3.10000e+01	
					         1.09833	-2.90000e+01	
					         1.10000	-2.70000e+01	
					         1.10167	-2.60000e+01	
					         1.10333	-2.40000e+01	
					         1.10500	-2.30000e+01	
					         1.10667	-2.10000e+01	
					         1.10833	-2.00000e+01	
					         1.11000	-1.90000e+01	
					         1.11167	-1.80000e+01	
					         1.11333	-1.60000e+01	
					         1.11500	-1.50000e+01	
					         1.11667	-1.30000e+01	
					         1.11833	-1.10000e+01	
					         1.12000	-1.00000e+01	
					         1.12167	-8.00000e+00	
					         1.12333	-6.00000e+00	
					         1.12500	-5.00000e+00	
					         1.12667	-3.00000e+00	
					         1.12833	-2.00000e+00	
					         1.13000	0.00000e+00	
					         1.13167	1.00000e+00	
					         1.13333	3.00000e+00	
					         1.13500	4.00000e+00	
					         1.13667	5.00000e+00	
					         1.13833	7.00000e+00	
					         1.14000	8.00000e+00	
					         1.14167	1.00000e+01	
					         1.14333	1.20000e+01	
					         1.14500	1.40000e+01	
					         1.14667	1.70000e+01	
					         1.14833	1.90000e+01	
					         1.15000	2.20000e+01	
					         1.15167	2.50000e+01	
					         1.15333	2.80000e+01	
					         1.15500	3.10000e+01	
					         1.15667	3.40000e+01	
					         1.15833	3.80000e+01	
					         1.16000	4.10000e+01	
					         1.16167	4.40000e+01	
					         1.16333	4.70000e+01	
					         1.16500	5.00000e+01	
					         1.16667	5.30000e+01	
					         1.16833	5.50000e+01	
					         1.17000	5.80000e+01	
					         1.17167	6.10000e+01	
					         1.17333	6.40000e+01	
					         1.17500	6.60000e+01	
					         1.17667	6.80000e+01	
					         1.17833	7.00000e+01	
					         1.18000	7.20000e+01	
					         1.18167	7.30000e+01	
					         1.18333	7.50000e+01	
					         1.18500	7.70000e+01	
					         1.18667	7.90000e+01	
					         1.18833	8.10000e+01	
					         1.19000	8.30000e+01	
					         1.19167	8.50000e+01	
					         1.19333	8.70000e+01	
					         1.19500	8.90000e+01	
					         1.19667	9.20000e+01	
					         1.19833	9.40000e+01	
					         1.20000	9.60000e+01	
					         1.20167	9.80000e+01	
					         1.20333	9.90000e+01	
					         1.20500	1.01000e+02	
					         1.20667	1.01000e+02	
					         1.20833	1.02000e+02	
					         1.21000	1.01000e+02	
					         1.21167	1.01000e+02	
					         1.21333	1.00000e+02	
					         1.21500	9.80000e+01	
					         1.21667	9.70000e+01	
					         1.21833	9.50000e+01	
					         1.22000	9.30000e+01	
					         1.22167	9.00000e+01	
					         1.22333	8.70000e+01	
					         1.22500	8.30000e+01	
					         1.22667	7.90000e+01	
					         1.22833	7.50000e+01	
					         1.23000	7.00000e+01	
					         1.23167	6.50000e+01	
					         1.23333	6.00000e+01	
					         1.23500	5.40000e+01	
					         1.23667	4.80000e+01	
					         1.23833	4.10000e+01	
					         1.24000	3.50000e+01	
					         1.24167	2.80000e+01	
					         1.24333	2.10000e+01	
					         1.24500	1.40000e+01	
					         1.24667	7.00000e+00	
					         1.24833	0.00000e+00	
					         1.25000	-7.00000e+00	
					         1.25167	-1.30000e+01	
					         1.25333	-1.90000e+01	
					         1.25500	-2.50000e+01	
					         1.25667	-3.10000e+01	
					         1.25833	-3.70000e+01	
					         1.26000	-4.20000e+01	
					         1.26167	-4.70000e+01	
					         1.26333	-5.20000e+01	
					         1.26500	-5.70000e+01	
					         1.26667	-6.10000e+01	
					         1.26833	-6.50000e+01	
					         1.27000	-7.00000e+01	
					         1.27167	-7.40000e+01	
					         1.27333	-7.80000e+01	
					         1.27500	-8.20000e+01	
					         1.27667	-8.60000e+01	
					         1.27833	-9.00000e+01	
					         1.28000	-9.30000e+01	
					         1.28167	-9.60000e+01	
					         1.28333	-9.80000e+01	
					         1.28500	-1.00000e+02	
					         1.28667	-1.02000e+02	
					         1.28833	-1.03000e+02	
					         1.29000	-1.03000e+02	
					         1.29167	-1.03000e+02	
					         1.29333	-1.04000e+02	
					         1.29500	-1.03000e+02	
					         1.29667	-1.03000e+02	
					         1.29833	-1.02000e+02	
					         1.30000	-1.01000e+02	
					         1.30167	-1.00000e+02	
					         1.30333	-9.90000e+01	
					         1.30500	-9.80000e+01	
					         1.30667	-9.60000e+01	
					         1.30833	-9.50000e+01	
					         1.31000	-9.40000e+01	
					         1.31167	-9.20000e+01	
					         1.31333	-9.10000e+01	
					         1.31500	-8.90000e+01	
					         1.31667	-8.80000e+01	
					         1.31833	-8.70000e+01	
					         1.32000	-8.50000e+01	
					         1.32167	-8.40000e+01	
					         1.32333	-8.30000e+01	
					         1.32500	-8.10000e+01	
					         1.32667	-8.00000e+01	
					         1.32833	-7.80000e+01	
					         1.33000	-7.70000e+01	
					         1.33167	-7.50000e+01	
					         1.33333	-7.30000e+01	
					         1.33500	-7.10000e+01	
					         1.33667	-6.90000e+01	
					         1.33833	-6.70000e+01	
					         1.34000	-6.50000e+01	
					         1.34167	-6.30000e+01	
					         1.34333	-6.10000e+01	
					         1.34500	-5.90000e+01	
					         1.34667	-5.80000e+01	
					         1.34833	-5.60000e+01	
					         1.35000	-5.50000e+01	
					         1.35167	-5.40000e+01	
					         1.35333	-5.30000e+01	
					         1.35500	-5.20000e+01	
					         1.35667	-5.10000e+01	
					         1.35833	-5.00000e+01	
					         1.36000	-4.90000e+01	
					         1.36167	-4.80000e+01	
					         1.36333	-4.70000e+01	
					         1.36500	-4.60000e+01	
					         1.36667	-4.50000e+01	
					         1.36833	-4.30000e+01	
					         1.37000	-4.20000e+01	
					         1.37167	-4.10000e+01	
					         1.37333	-4.00000e+01	
					         1.37500	-3.90000e+01	
					         1.37667	-3.80000e+01	
					         1.37833	-3.70000e+01	
					         1.38000	-3.60000e+01	
					         1.38167	-3.50000e+01	
					         1.38333	-3.40000e+01	
					         1.38500	-3.40000e+01	
					         1.38667	-3.30000e+01	
					         1.38833	-3.30000e+01	
					         1.39000	-3.20000e+01	
					         1.39167	-3.20000e+01	
					         1.39333	-3.10000e+01	
					         1.39500	-3.00000e+01	
					         1.39667	-2.90000e+01	
					         1.39833	-2.80000e+01	
					         1.40000	-2.70000e+01	
					         1.40167	-2.60000e+01	
					         1.40333	-2.50000e+01	
					         1.40500	-2.50000e+01	
					         1.40667	-2.40000e+01	
					         1.40833	-2.30000e+01	
					         1.41000	-2.20000e+01	
					         1.41167	-2.10000e+01	
					         1.41333	-2.10000e+01	
					         1.41500	-2.00000e+01	
					         1.41667	-1.90000e+01	
					         1.41833	-1.90000e+01	
					         1.42000	-1.90000e+01	
					         1.42167	-1.80000e+01	
					         1.42333	-1.80000e+01	
					         1.42500	-1.70000e+01	
					         1.42667	-1.70000e+01	
					         1.42833	-1.70000e+01	
					         1.43000	-1.60000e+01	
					         1.43167	-1.60000e+01	
					         1.43333	-1.60000e+01	
					         1.43500	-1.50000e+01	
					         1.43667	-1.50000e+01	
					         1.43833	-1.50000e+01	
					         1.44000	-1.40000e+01	
					         1.44167	-1.40000e+01	
					         1.44333	-1.30000e+01	
					         1.44500	-1.30000e+01	
					         1.44667	-1.20000e+01	
					         1.44833	-1.10000e+01	
					         1.45000	-1.10000e+01	
					         1.45167	-1.00000e+01	
					         1.45333	-1.00000e+01	
					         1.45500	-9.00000e+00	
					         1.45667	-9.00000e+00	
					         1.45833	-8.00000e+00	
					         1.46000	-8.00000e+00	
					         1.46167	-8.00000e+00	
					         1.46333	-8.00000e+00	
					         1.46500	-8.00000e+00	
					         1.46667	-8.00000e+00	
					         1.46833	-8.00000e+00	
					         1.47000	-8.00000e+00	
					         1.47167	-8.00000e+00	
					         1.47333	-9.00000e+00	
					         1.47500	-9.00000e+00	
					         1.47667	-1.00000e+01	
					         1.47833	-1.10000e+01	
					         1.48000	-1.10000e+01	
					         1.48167	-1.20000e+01	
					         1.48333	-1.20000e+01	
					         1.48500	-1.20000e+01	
					         1.48667	-1.20000e+01	
					         1.48833	-1.10000e+01	
					         1.49000	-1.10000e+01	
					         1.49167	-1.00000e+01	
					         1.49333	-9.00000e+00	
					         1.49500	-7.00000e+00	
					         1.49667	-6.00000e+00	
					         1.49833	-5.00000e+00	
					         1.50000	-3.00000e+00	
					         1.50167	-2.00000e+00	
					         1.50333	-1.00000e+00	
					         1.50500	0.00000e+00	
					         1.50667	0.00000e+00	
					         1.50833	0.00000e+00	
					         1.51000	1.00000e+00	
					         1.51167	0.00000e+00	
					         1.51333	0.00000e+00	
					         1.51500	0.00000e+00	
					         1.51667	-1.00000e+00	
					         1.51833	-1.00000e+00	
					         1.52000	-2.00000e+00	
					         1.52167	-3.00000e+00	
					         1.52333	-3.00000e+00	
					         1.52500	-4.00000e+00	
					         1.52667	-5.00000e+00	
					         1.52833	-5.00000e+00	
					         1.53000	-6.00000e+00	
					         1.53167	-6.00000e+00	
					         1.53333	-7.00000e+00	
					         1.53500	-7.00000e+00	
					         1.53667	-7.00000e+00	
					         1.53833	-6.00000e+00	
					         1.54000	-6.00000e+00	
					         1.54167	-5.00000e+00	
					         1.54333	-5.00000e+00	
					         1.54500	-4.00000e+00	
					         1.54667	-3.00000e+00	
					         1.54833	-3.00000e+00	
					         1.55000	-2.00000e+00	
					         1.55167	-2.00000e+00	
					         1.55333	-2.00000e+00	
					         1.55500	-2.00000e+00	
					         1.55667	-3.00000e+00	
					         1.55833	-3.00000e+00	
					         1.56000	-4.00000e+00	
					         1.56167	-5.00000e+00	
					         1.56333	-6.00000e+00	
					         1.56500	-7.00000e+00	
					         1.56667	-8.00000e+00	
					         1.56833	-9.00000e+00	
					         1.57000	-9.00000e+00	
					         1.57167	-9.00000e+00	
					         1.57333	-9.00000e+00	
					         1.57500	-9.00000e+00	
					         1.57667	-8.00000e+00	
					         1.57833	-8.00000e+00	
					         1.58000	-7.00000e+00	
					         1.58167	-6.00000e+00	
					         1.58333	-5.00000e+00	
					         1.58500	-4.00000e+00	
					         1.58667	-4.00000e+00	
					         1.58833	-3.00000e+00	
					         1.59000	-3.00000e+00	
					         1.59167	-3.00000e+00	
					         1.59333	-3.00000e+00	
					         1.59500	-3.00000e+00	
					         1.59667	-3.00000e+00	
					         1.59833	-4.00000e+00	
					         1.60000	-4.00000e+00	
					         1.60167	-5.00000e+00	
					         1.60333	-5.00000e+00	
					         1.60500	-6.00000e+00	
					         1.60667	-7.00000e+00	
					         1.60833	-7.00000e+00	
					         1.61000	-7.00000e+00	
					         1.61167	-8.00000e+00	
					         1.61333	-8.00000e+00	
					         1.61500	-8.00000e+00	
					         1.61667	-8.00000e+00	
					         1.61833	-8.00000e+00	
					         1.62000	-8.00000e+00	
					         1.62167	-8.00000e+00	
					         1.62333	-8.00000e+00	
					         1.62500	-8.00000e+00	
					         1.62667	-8.00000e+00	
					         1.62833	-8.00000e+00	
					         1.63000	-8.00000e+00	
					         1.63167	-8.00000e+00	
					         1.63333	-8.00000e+00	
					         1.63500	-8.00000e+00	
					         1.63667	-7.00000e+00	
					         1.63833	-6.00000e+00	
					         1.64000	-5.00000e+00	
					         1.64167	-4.00000e+00	
					         1.64333	-3.00000e+00	
					         1.64500	-1.00000e+00	
					         1.64667	1.00000e+00	
					         1.64833	3.00000e+00	
					         1.65000	4.00000e+00	
					         1.65167	6.00000e+00	
					         1.65333	8.00000e+00	
					         1.65500	1.00000e+01	
					         1.65667	1.10000e+01	
					         1.65833	1.30000e+01	
					         1.66000	1.40000e+01	
					         1.66167	1.50000e+01	
					         1.66333	1.50000e+01	
					         1.66500	1.60000e+01	
					         1.66667	1.60000e+01	
					         1.66833	1.60000e+01	
					         1.67000	1.60000e+01	
					         1.67167	1.70000e+01	
					         1.67333	1.70000e+01	
					         1.67500	1.70000e+01	
					         1.67667	1.70000e+01	
					         1.67833	1.60000e+01	
					         1.68000	1.50000e+01	
					         1.68167	1.50000e+01	
					         1.68333	1.40000e+01	
					         1.68500	1.30000e+01	
					         1.68667	1.20000e+01	
					         1.68833	1.20000e+01	
					         1.69000	1.10000e+01	
					         1.69167	9.00000e+00	
					         1.69333	8.00000e+00	
					         1.69500	7.00000e+00	
					         1.69667	6.00000e+00	
					         1.69833	5.00000e+00	
					         1.70000	4.00000e+00	
					         1.70167	4.00000e+00	
					         1.70333	3.00000e+00	
					         1.70500	3.00000e+00	
					         1.70667	2.00000e+00	
					         1.70833	1.00000e+00	
					         1.71000	0.00000e+00	
					         1.71167	0.00000e+00	
					         1.71333	0.00000e+00	
					         1.71500	-1.00000e+00	
					         1.71667	-1.00000e+00	
					         1.71833	-2.00000e+00	
					         1.72000	-2.00000e+00	
					         1.72167	-3.00000e+00	
					         1.72333	-3.00000e+00	
					         1.72500	-4.00000e+00	
					         1.72667	-4.00000e+00	
					         1.72833	-4.00000e+00	
					         1.73000	-5.00000e+00	
					         1.73167	-5.00000e+00	
					         1.73333	-6.00000e+00	
					         1.73500	-6.00000e+00	
					         1.73667	-6.00000e+00	
					         1.73833	-7.00000e+00	
					         1.74000	-7.00000e+00	
					         1.74167	-7.00000e+00	
					         1.74333	-7.00000e+00	
					         1.74500	-8.00000e+00	
					         1.74667	-8.00000e+00	
					         1.74833	-7.00000e+00	
					         1.75000	-7.00000e+00	
					         1.75167	-7.00000e+00	
					         1.75333	-7.00000e+00	
					         1.75500	-7.00000e+00	
					         1.75667	-6.00000e+00	
					         1.75833	-7.00000e+00	
					         1.76000	-7.00000e+00	
					         1.76167	-7.00000e+00	
					         1.76333	-8.00000e+00	
					         1.76500	-9.00000e+00	
					         1.76667	-1.10000e+01	
					         1.76833	-1.20000e+01	
					         1.77000	-1.40000e+01	
					         1.77167	-1.60000e+01	
					         1.77333	-1.80000e+01	
					         1.77500	-1.90000e+01	
					         1.77667	-2.00000e+01	
					         1.77833	-2.10000e+01	
					         1.78000	-2.20000e+01	
					         1.78167	-2.10000e+01	
					         1.78333	-2.10000e+01	
					         1.78500	-2.00000e+01	
					         1.78667	-1.90000e+01	
					         1.78833	-1.70000e+01	
					         1.79000	-1.60000e+01	
					         1.79167	-1.40000e+01	
					         1.79333	-1.30000e+01	
					         1.79500	-1.20000e+01	
					         1.79667	-1.10000e+01	
					         1.79833	-1.10000e+01	
					         1.80000	-1.10000e+01	
					         1.80167	-1.10000e+01	
					         1.80333	-1.10000e+01	
					         1.80500	-1.20000e+01	
					         1.80667	-1.20000e+01	
					         1.80833	-1.30000e+01	
					         1.81000	-1.40000e+01	
					         1.81167	-1.50000e+01	
					         1.81333	-1.60000e+01	
					         1.81500	-1.70000e+01	
					         1.81667	-1.80000e+01	
					         1.81833	-1.90000e+01	
					         1.82000	-2.00000e+01	
					         1.82167	-2.00000e+01	
					         1.82333	-1.90000e+01	
					         1.82500	-1.70000e+01	
					         1.82667	-1.30000e+01	
					         1.82833	-8.00000e+00	
					         1.83000	-1.00000e+00	
					         1.83167	8.00000e+00	
					         1.83333	1.90000e+01	
					         1.83500	3.20000e+01	
					         1.83667	4.70000e+01	
					         1.83833	6.40000e+01	
					         1.84000	8.30000e+01	
					         1.84167	1.04000e+02	
					         1.84333	1.26000e+02	
					         1.84500	1.49000e+02	
					         1.84667	1.74000e+02	
					         1.84833	2.01000e+02	
					         1.85000	2.28000e+02	
					         1.85167	2.55000e+02	
					         1.85333	2.83000e+02	
					         1.85500	3.10000e+02	
					         1.85667	3.36000e+02	
					         1.85833	3.60000e+02	
					         1.86000	3.81000e+02	
					         1.86167	3.98000e+02	
					         1.86333	4.11000e+02	
					         1.86500	4.18000e+02	
					         1.86667	4.20000e+02	
					         1.86833	4.16000e+02	
					         1.87000	4.06000e+02	
					         1.87167	3.89000e+02	
					         1.87333	3.67000e+02	
					         1.87500	3.39000e+02	
					         1.87667	3.07000e+02	
					         1.87833	2.73000e+02	
					         1.88000	2.36000e+02	
					         1.88167	1.98000e+02	
					         1.88333	1.60000e+02	
					         1.88500	1.23000e+02	
					         1.88667	8.70000e+01	
					         1.88833	5.30000e+01	
					         1.89000	2.20000e+01	
					         1.89167	-5.00000e+00	
					         1.89333	-2.80000e+01	
					         1.89500	-4.80000e+01	
					         1.89667	-6.50000e+01	
					         1.89833	-7.90000e+01	
					         1.90000	-9.00000e+01	
					         1.90167	-9.80000e+01	
					         1.90333	-1.04000e+02	
					         1.90500	-1.09000e+02	
					         1.90667	-1.12000e+02	
					         1.90833	-1.14000e+02	
					         1.91000	-1.15000e+02	
					         1.91167	-1.16000e+02	
					         1.91333	-1.16000e+02	
					         1.91500	-1.16000e+02	
					         1.91667	-1.15000e+02	
					         1.91833	-1.14000e+02	
					         1.92000	-1.13000e+02	
					         1.92167	-1.11000e+02	
					         1.92333	-1.10000e+02	
					         1.92500	-1.08000e+02	
					         1.92667	-1.06000e+02	
					         1.92833	-1.04000e+02	
					         1.93000	-1.02000e+02	
					         1.93167	-1.00000e+02	
					         1.93333	-9.80000e+01	
					         1.93500	-9.60000e+01	
					         1.93667	-9.40000e+01	
					         1.93833	-9.30000e+01	
					         1.94000	-9.10000e+01	
					         1.94167	-9.00000e+01	
					         1.94333	-8.80000e+01	
					         1.94500	-8.70000e+01	
					         1.94667	-8.60000e+01	
					         1.94833	-8.50000e+01	
					         1.95000	-8.40000e+01	
					         1.95167	-8.20000e+01	
					         1.95333	-8.10000e+01	
					         1.95500	-7.90000e+01	
					         1.95667	-7.80000e+01	
					         1.95833	-7.60000e+01	
					         1.96000	-7.50000e+01	
					         1.96167	-7.30000e+01	
					         1.96333	-7.10000e+01	
					         1.96500	-6.90000e+01	
					         1.96667	-6.70000e+01	
					         1.96833	-6.60000e+01	
					         1.97000	-6.40000e+01	
					         1.97167	-6.20000e+01	
					         1.97333	-6.00000e+01	
					         1.97500	-5.80000e+01	
					         1.97667	-5.60000e+01	
					         1.97833	-5.40000e+01	
					         1.98000	-5.20000e+01	
					         1.98167	-5.00000e+01	
					         1.98333	-4.80000e+01	
					         1.98500	-4.60000e+01	
					         1.98667	-4.50000e+01	
					         1.98833	-4.30000e+01	
					         1.99000	-4.10000e+01	
					         1.99167	-3.90000e+01	
					         1.99333	-3.60000e+01	
					         1.99500	-3.40000e+01	
					         1.99667	-3.30000e+01	
					         1.99833	-3.10000e+01	
					         2.00000	-2.90000e+01	
					         2.00167	-2.70000e+01	
					         2.00333	-2.50000e+01	
					         2.00500	-2.40000e+01	
					         2.00667	-2.20000e+01	
					         2.00833	-2.10000e+01	
					         2.01000	-2.00000e+01	
					         2.01167	-1.90000e+01	
					         2.01333	-1.80000e+01	
					         2.01500	-1.70000e+01	
					         2.01667	-1.60000e+01	
					         2.01833	-1.40000e+01	
					         2.02000	-1.30000e+01	
					         2.02167	-1.10000e+01	
					         2.02333	-9.00000e+00	
					         2.02500	-6.00000e+00	
					         2.02667	-4.00000e+00	
					         2.02833	-1.00000e+00	
					         2.03000	1.00000e+00	
					         2.03167	3.00000e+00	
					         2.03333	6.00000e+00	
					         2.03500	7.00000e+00	
					         2.03667	9.00000e+00	
					         2.03833	1.10000e+01	
					         2.04000	1.20000e+01	
					         2.04167	1.30000e+01	
					         2.04333	1.40000e+01	
					         2.04500	1.60000e+01	
					         2.04667	1.70000e+01	
					         2.04833	1.90000e+01	
					         2.05000	2.10000e+01	
					         2.05167	2.30000e+01	
					         2.05333	2.60000e+01	
					         2.05500	2.80000e+01	
					         2.05667	3.10000e+01	
					         2.05833	3.30000e+01	
					         2.06000	3.60000e+01	
					         2.06167	3.90000e+01	
					         2.06333	4.20000e+01	
					         2.06500	4.40000e+01	
					         2.06667	4.70000e+01	
					         2.06833	5.00000e+01	
					         2.07000	5.30000e+01	
					         2.07167	5.60000e+01	
					         2.07333	5.90000e+01	
					         2.07500	6.20000e+01	
					         2.07667	6.50000e+01	
					         2.07833	6.80000e+01	
					         2.08000	7.10000e+01	
					         2.08167	7.40000e+01	
					         2.08333	7.70000e+01	
					         2.08500	8.00000e+01	
					         2.08667	8.20000e+01	
					         2.08833	8.40000e+01	
					         2.09000	8.70000e+01	
					         2.09167	8.90000e+01	
					         2.09333	9.10000e+01	
					         2.09500	9.20000e+01	
					         2.09667	9.40000e+01	
					         2.09833	9.60000e+01	
					         2.10000	9.80000e+01	
					         2.10167	9.90000e+01	
					         2.10333	1.01000e+02	
					         2.10500	1.02000e+02	
					         2.10667	1.03000e+02	
					         2.10833	1.04000e+02	
					         2.11000	1.04000e+02	
					         2.11167	1.04000e+02	
					         2.11333	1.04000e+02	
					         2.11500	1.03000e+02	
					         2.11667	1.02000e+02	
					         2.11833	1.01000e+02	
					         2.12000	9.90000e+01	
					         2.12167	9.70000e+01	
					         2.12333	9.50000e+01	
					         2.12500	9.20000e+01	
					         2.12667	9.00000e+01	
					         2.12833	8.60000e+01	
					         2.13000	8.20000e+01	
					         2.13167	7.80000e+01	
					         2.13333	7.40000e+01	
					         2.13500	6.90000e+01	
					         2.13667	6.50000e+01	
					         2.13833	5.90000e+01	
					         2.14000	5.40000e+01	
					         2.14167	4.80000e+01	
					         2.14333	4.20000e+01	
					         2.14500	3.60000e+01	
					         2.14667	2.90000e+01	
					         2.14833	2.20000e+01	
					         2.15000	1.50000e+01	
					         2.15167	8.00000e+00	
					         2.15333	2.00000e+00	
					         2.15500	-5.00000e+00	
					         2.15667	-1.20000e+01	
					         2.15833	-1.90000e+01	
					         2.16000	-2.60000e+01	
					         2.16167	-3.30000e+01	
					         2.16333	-3.90000e+01	
					         2.16500	-4.50000e+01	
					         2.16667	-5.10000e+01	
					         2.16833	-5.60000e+01	
					         2.17000	-6.10000e+01	
					         2.17167	-6.60000e+01	
					         2.17333	-7.00000e+01	
					         2.17500	-7.40000e+01	
					         2.17667	-7.80000e+01	
					         2.17833	-8.10000e+01	
					         2.18000	-8.40000e+01	
					         2.18167	-8.70000e+01	
					         2.18333	-8.90000e+01	
					         2.18500	-9.10000e+01	
					         2.18667	-9.30000e+01	
					         2.18833	-9.50000e+01	
					         2.19000	-9.70000e+01	
					         2.19167	-9.80000e+01	
					         2.19333	-9.80000e+01	
					         2.19500	-9.90000e+01	
					         2.19667	-9.90000e+01	
					         2.19833	-9.90000e+01	
					         2.20000	-9.80000e+01	
					         2.20167	-9.80000e+01	
					         2.20333	-9.70000e+01	
					         2.20500	-9.60000e+01	
					         2.20667	-9.50000e+01	
					         2.20833	-9.40000e+01	
					         2.21000	-9.30000e+01	
					         2.21167	-9.20000e+01	
					         2.21333	-9.00000e+01	
					         2.21500	-8.90000e+01	
					         2.21667	-8.90000e+01	
					         2.21833	-8.80000e+01	
					         2.22000	-8.70000e+01	
					         2.22167	-8.50000e+01	
					         2.22333	-8.40000e+01	
					         2.22500	-8.20000e+01	
					         2.22667	-8.00000e+01	
					         2.22833	-7.80000e+01	
					         2.23000	-7.60000e+01	
					         2.23167	-7.50000e+01	
					         2.23333	-7.30000e+01	
					         2.23500	-7.10000e+01	
					         2.23667	-6.90000e+01	
					         2.23833	-6.80000e+01	
					         2.24000	-6.60000e+01	
					         2.24167	-6.50000e+01	
					         2.24333	-6.40000e+01	
					         2.24500	-6.30000e+01	
					         2.24667	-6.20000e+01	
					         2.24833	-6.10000e+01	
					         2.25000	-6.00000e+01	
					         2.25167	-5.80000e+01	
					         2.25333	-5.70000e+01	
					         2.25500	-5.60000e+01	
					         2.25667	-5.40000e+01	
					         2.25833	-5.20000e+01	
					         2.26000	-5.10000e+01	
					         2.26167	-4.90000e+01	
					         2.26333	-4.80000e+01	
					         2.26500	-4.60000e+01	
					         2.26667	-4.50000e+01	
					         2.26833	-4.40000e+01	
					         2.27000	-4.30000e+01	
					         2.27167	-4.20000e+01	
					         2.27333	-4.00000e+01	
					         2.27500	-3.90000e+01	
					         2.27667	-3.80000e+01	
					         2.27833	-3.70000e+01	
					         2.28000	-3.60000e+01	
					         2.28167	-3.50000e+01	
					         2.28333	-3.30000e+01	
					         2.28500	-3.20000e+01	
					         2.28667	-3.10000e+01	
					         2.28833	-3.00000e+01	
					         2.29000	-2.90000e+01	
					         2.29167	-2.90000e+01	
					         2.29333	-2.90000e+01	
					         2.29500	-2.80000e+01	
					         2.29667	-2.80000e+01	
					         2.29833	-2.80000e+01	
					         2.30000	-2.80000e+01	
					         2.30167	-2.70000e+01	
					         2.30333	-2.70000e+01	
					         2.30500	-2.60000e+01	
					         2.30667	-2.60000e+01	
					         2.30833	-2.50000e+01	
					         2.31000	-2.40000e+01	
					         2.31167	-2.20000e+01	
					         2.31333	-2.10000e+01	
					         2.31500	-2.00000e+01	
					         2.31667	-1.90000e+01	
					         2.31833	-1.80000e+01	
					         2.32000	-1.70000e+01	
					         2.32167	-1.70000e+01	
					         2.32333	-1.70000e+01	
					         2.32500	-1.70000e+01	
					         2.32667	-1.70000e+01	
					         2.32833	-1.70000e+01	
					         2.33000	-1.70000e+01	
					         2.33167	-1.70000e+01	
					         2.33333	-1.80000e+01	
					         2.33500	-1.80000e+01	
					         2.33667	-1.80000e+01	
					         2.33833	-1.80000e+01	
					         2.34000	-1.80000e+01	
					         2.34167	-1.80000e+01	
					         2.34333	-1.80000e+01	
					         2.34500	-1.80000e+01	
					         2.34667	-1.80000e+01	
					         2.34833	-1.80000e+01	
					         2.35000	-1.70000e+01	
					         2.35167	-1.70000e+01	
					         2.35333	-1.60000e+01	
					         2.35500	-1.50000e+01	
					         2.35667	-1.40000e+01	
					         2.35833	-1.30000e+01	
					         2.36000	-1.20000e+01	
					         2.36167	-1.10000e+01	
					         2.36333	-1.00000e+01	
					         2.36500	-9.00000e+00	
					         2.36667	-8.00000e+00	
					         2.36833	-7.00000e+00	
					         2.37000	-6.00000e+00	
					         2.37167	-5.00000e+00	
					         2.37333	-5.00000e+00	
					         2.37500	-5.00000e+00	
					         2.37667	-5.00000e+00	
					         2.37833	-5.00000e+00	
					         2.38000	-6.00000e+00	
					         2.38167	-6.00000e+00	
					         2.38333	-6.00000e+00	
					         2.38500	-6.00000e+00	
					         2.38667	-6.00000e+00	
					         2.38833	-6.00000e+00	
					         2.39000	-6.00000e+00	
					         2.39167	-6.00000e+00	
					         2.39333	-5.00000e+00	
					         2.39500	-5.00000e+00	
					         2.39667	-4.00000e+00	
					         2.39833	-4.00000e+00	
					         2.40000	-3.00000e+00	
					         2.40167	-3.00000e+00	
					         2.40333	-3.00000e+00	
					         2.40500	-3.00000e+00	
					         2.40667	-3.00000e+00	
					         2.40833	-3.00000e+00	
					         2.41000	-4.00000e+00	
					         2.41167	-4.00000e+00	
					         2.41333	-5.00000e+00	
					         2.41500	-5.00000e+00	
					         2.41667	-6.00000e+00	
					         2.41833	-7.00000e+00	
					         2.42000	-7.00000e+00	
					         2.42167	-8.00000e+00	
					         2.42333	-8.00000e+00	
					         2.42500	-8.00000e+00	
					         2.42667	-8.00000e+00	
					         2.42833	-8.00000e+00	
					         2.43000	-9.00000e+00	
					         2.43167	-9.00000e+00	
					         2.43333	-9.00000e+00	
					         2.43500	-9.00000e+00	
					         2.43667	-9.00000e+00	
					         2.43833	-9.00000e+00	
					         2.44000	-9.00000e+00	
					         2.44167	-9.00000e+00	
					         2.44333	-9.00000e+00	
					         2.44500	-9.00000e+00	
					         2.44667	-1.00000e+01	
					         2.44833	-1.00000e+01	
					         2.45000	-1.00000e+01	
					         2.45167	-9.00000e+00	
					         2.45333	-9.00000e+00	
					         2.45500	-9.00000e+00	
					         2.45667	-8.00000e+00	
					         2.45833	-7.00000e+00	
					         2.46000	-7.00000e+00	
					         2.46167	-6.00000e+00	
					         2.46333	-5.00000e+00	
					         2.46500	-4.00000e+00	
					         2.46667	-3.00000e+00	
					         2.46833	-2.00000e+00	
					         2.47000	-1.00000e+00	
					         2.47167	-1.00000e+00	
					         2.47333	0.00000e+00	
					         2.47500	0.00000e+00	
					         2.47667	0.00000e+00	
					         2.47833	0.00000e+00	
					         2.48000	-1.00000e+00	
					         2.48167	-1.00000e+00	
					         2.48333	-2.00000e+00	
					         2.48500	-2.00000e+00	
					         2.48667	-2.00000e+00	
					         2.48833	-2.00000e+00	
					         2.49000	-2.00000e+00	
					         2.49167	-2.00000e+00	
					         2.49333	-3.00000e+00	
					         2.49500	-3.00000e+00	
					         2.49667	-3.00000e+00	
					         2.49833	-4.00000e+00	
					         2.50000	-4.00000e+00	
					         2.50167	-5.00000e+00	
					         2.50333	-5.00000e+00	
					         2.50500	-5.00000e+00	
					         2.50667	-6.00000e+00	
					         2.50833	-6.00000e+00	
					         2.51000	-6.00000e+00	
					         2.51167	-6.00000e+00	
					         2.51333	-6.00000e+00	
					         2.51500	-5.00000e+00	
					         2.51667	-4.00000e+00	
					         2.51833	-3.00000e+00	
					         2.52000	-3.00000e+00	
					         2.52167	-2.00000e+00	
					         2.52333	-1.00000e+00	
					         2.52500	0.00000e+00	
					         2.52667	0.00000e+00	
					         2.52833	1.00000e+00	
					         2.53000	1.00000e+00	
					         2.53167	1.00000e+00	
					         2.53333	1.00000e+00	
					         2.53500	0.00000e+00	
					         2.53667	0.00000e+00	
					         2.53833	-1.00000e+00	
					         2.54000	-3.00000e+00	
					         2.54167	-4.00000e+00	
					         2.54333	-5.00000e+00	
					         2.54500	-6.00000e+00	
					         2.54667	-7.00000e+00	
					         2.54833	-8.00000e+00	
					         2.55000	-8.00000e+00	
					         2.55167	-9.00000e+00	
					         2.55333	-9.00000e+00	
					         2.55500	-9.00000e+00	
					         2.55667	-9.00000e+00	
					         2.55833	-8.00000e+00	
					         2.56000	-7.00000e+00	
					         2.56167	-7.00000e+00	
					         2.56333	-5.00000e+00	
					         2.56500	-4.00000e+00	
					         2.56667	-3.00000e+00	
					         2.56833	-2.00000e+00	
					         2.57000	-1.00000e+00	
					         2.57167	0.00000e+00	
					         2.57333	1.00000e+00	
					         2.57500	2.00000e+00	
					         2.57667	3.00000e+00	
					         2.57833	4.00000e+00	
					         2.58000	6.00000e+00	
					         2.58167	7.00000e+00	
					         2.58333	8.00000e+00	
					         2.58500	1.00000e+01	
					         2.58667	1.10000e+01	
					         2.58833	1.20000e+01	
					         2.59000	1.30000e+01	
					         2.59167	1.40000e+01	
					         2.59333	1.50000e+01	
					         2.59500	1.60000e+01	
					         2.59667	1.60000e+01	
					         2.59833	1.70000e+01	
					         2.60000	1.70000e+01	
					         2.60167	1.70000e+01	
					         2.60333	1.70000e+01	
					         2.60500	1.60000e+01	
					         2.60667	1.60000e+01	
					         2.60833	1.50000e+01	
					         2.61000	1.50000e+01	
					         2.61167	1.40000e+01	
					         2.61333	1.30000e+01	
					         2.61500	1.30000e+01	
					         2.61667	1.20000e+01	
					         2.61833	1.20000e+01	
					         2.62000	1.10000e+01	
					         2.62167	1.10000e+01	
					         2.62333	1.00000e+01	
					         2.62500	1.00000e+01	
					         2.62667	9.00000e+00	
					         2.62833	9.00000e+00	
					         2.63000	8.00000e+00	
					         2.63167	8.00000e+00	
					         2.63333	7.00000e+00	
					         2.63500	6.00000e+00	
					         2.63667	6.00000e+00	
					         2.63833	5.00000e+00	
					         2.64000	4.00000e+00	
					         2.64167	3.00000e+00	
					         2.64333	2.00000e+00	
					         2.64500	1.00000e+00	
					         2.64667	-1.00000e+00	
					         2.64833	-2.00000e+00	
					         2.65000	-3.00000e+00	
					         2.65167	-5.00000e+00	
					         2.65333	-6.00000e+00	
					         2.65500	-7.00000e+00	
					         2.65667	-8.00000e+00	
					         2.65833	-8.00000e+00	
					         2.66000	-8.00000e+00	
					         2.66167	-9.00000e+00	
					         2.66333	-9.00000e+00	
					         2.66500	-8.00000e+00	
					         2.66667	-8.00000e+00	
					         2.66833	-7.00000e+00	
					         2.67000	-6.00000e+00	
					         2.67167	-4.00000e+00	
					         2.67333	-3.00000e+00	
					         2.67500	-2.00000e+00	
					         2.67667	-1.00000e+00	
					         2.67833	-1.00000e+00	
					         2.68000	0.00000e+00	
					         2.68167	1.00000e+00	
					         2.68333	1.00000e+00	
					         2.68500	1.00000e+00	
					         2.68667	1.00000e+00	
					         2.68833	0.00000e+00	
					         2.69000	0.00000e+00	
					         2.69167	-1.00000e+00	
					         2.69333	-2.00000e+00	
					         2.69500	-3.00000e+00	
					         2.69667	-4.00000e+00	
					         2.69833	-6.00000e+00	
					         2.70000	-7.00000e+00	
					         2.70167	-9.00000e+00	
					         2.70333	-1.00000e+01	
					         2.70500	-1.20000e+01	
					         2.70667	-1.30000e+01	
					         2.70833	-1.30000e+01	
					         2.71000	-1.40000e+01	
					         2.71167	-1.50000e+01	
					         2.71333	-1.50000e+01	
					         2.71500	-1.60000e+01	
					         2.71667	-1.60000e+01	
					         2.71833	-1.50000e+01	
					         2.72000	-1.50000e+01	
					         2.72167	-1.50000e+01	
					         2.72333	-1.40000e+01	
					         2.72500	-1.40000e+01	
					         2.72667	-1.30000e+01	
					         2.72833	-1.30000e+01	
					         2.73000	-1.20000e+01	
					         2.73167	-1.20000e+01	
					         2.73333	-1.20000e+01	
					         2.73500	-1.20000e+01	
					         2.73667	-1.20000e+01	
					         2.73833	-1.20000e+01	
					         2.74000	-1.20000e+01	
					         2.74167	-1.20000e+01	
					         2.74333	-1.20000e+01	
					         2.74500	-1.20000e+01	
					         2.74667	-1.30000e+01	
					         2.74833	-1.50000e+01	
					         2.75000	-1.60000e+01	
					         2.75167	-1.80000e+01	
					         2.75333	-2.00000e+01	
					         2.75500	-2.20000e+01	
					         2.75667	-2.30000e+01	
					         2.75833	-2.30000e+01	
					         2.76000	-2.20000e+01	
					         2.76167	-2.00000e+01	
					         2.76333	-1.60000e+01	
					         2.76500	-1.00000e+01	
					         2.76667	-2.00000e+00	
					         2.76833	9.00000e+00	
					         2.77000	2.20000e+01	
					         2.77167	3.80000e+01	
					         2.77333	5.50000e+01	
					         2.77500	7.50000e+01	
					         2.77667	9.60000e+01	
					         2.77833	1.20000e+02	
					         2.78000	1.45000e+02	
					         2.78167	1.71000e+02	
					         2.78333	1.99000e+02	
					         2.78500	2.28000e+02	
					         2.78667	2.58000e+02	
					         2.78833	2.87000e+02	
					         2.79000	3.16000e+02	
					         2.79167	3.43000e+02	
					         2.79333	3.68000e+02	
					         2.79500	3.90000e+02	
					         2.79667	4.08000e+02	
					         2.79833	4.22000e+02	
					         2.80000	4.30000e+02	
					         2.80167	4.33000e+02	
					         2.80333	4.30000e+02	
					         2.80500	4.20000e+02	
					         2.80667	4.04000e+02	
					         2.80833	3.83000e+02	
					         2.81000	3.56000e+02	
					         2.81167	3.24000e+02	
					         2.81333	2.90000e+02	
					         2.81500	2.52000e+02	
					         2.81667	2.14000e+02	
					         2.81833	1.75000e+02	
					         2.82000	1.37000e+02	
					         2.82167	1.00000e+02	
					         2.82333	6.50000e+01	
					         2.82500	3.20000e+01	
					         2.82667	3.00000e+00	
					         2.82833	-2.20000e+01	
					         2.83000	-4.40000e+01	
					         2.83167	-6.30000e+01	
					         2.83333	-7.90000e+01	
					         2.83500	-9.10000e+01	
