Grayscale intensity, in dB

Time (s) :	Trace 1 : 	Trace 2 : 	Trace 3 : 		Ecg : 		
0.00050   	-2.29655e+01	-4.01648e+01	-3.93262e+01		         0.00000	-5.40000e+01	
0.01855   	-2.25421e+01	-4.07868e+01	-3.84071e+01		         0.00167	-6.60000e+01	
0.03661   	-2.54048e+01	-3.81378e+01	-3.85516e+01		         0.00333	-7.70000e+01	
0.05467   	-2.55952e+01	-3.67012e+01	-3.75890e+01		         0.00500	-8.70000e+01	
0.07273   	-2.55141e+01	-3.65105e+01	-3.85564e+01		         0.00667	-9.50000e+01	
0.09079   	-2.43579e+01	-3.50067e+01	-3.55478e+01		         0.00833	-1.00000e+02	
0.10884   	-2.38641e+01	-3.44677e+01	-3.49920e+01		         0.01000	-1.03000e+02	
0.12690   	-2.39039e+01	-3.42420e+01	-3.47160e+01		         0.01167	-1.03000e+02	
0.14496   	-2.32971e+01	-3.46912e+01	-3.48534e+01		         0.01333	-1.01000e+02	
0.16302   	-2.29162e+01	-3.70266e+01	-3.16727e+01		         0.01500	-9.60000e+01	
0.18108   	-2.33740e+01	-3.52664e+01	-3.43384e+01		         0.01667	-8.90000e+01	
0.19913   	-2.33390e+01	-3.74903e+01	-3.07544e+01		         0.01833	-8.10000e+01	
0.21720   	-2.39993e+01	-3.87400e+01	-3.12477e+01		         0.02000	-7.10000e+01	
0.23525   	-2.56231e+01	-4.21898e+01	-2.94792e+01		         0.02167	-6.10000e+01	
0.25331   	-2.67244e+01	-4.50762e+01	-3.14515e+01		         0.02333	-5.10000e+01	
0.27137   	-2.72913e+01	-4.74332e+01	-2.96246e+01		         0.02500	-4.10000e+01	
0.28943   	-2.77321e+01	-4.83610e+01	-3.14011e+01		         0.02667	-3.20000e+01	
0.30748   	-2.80876e+01	-5.04790e+01	-3.08302e+01		         0.02833	-2.30000e+01	
0.32554   	-2.81513e+01	-5.13752e+01	-3.03164e+01		         0.03000	-1.50000e+01	
0.34360   	-2.83305e+01	-5.37472e+01	-3.02827e+01		         0.03167	-8.00000e+00	
0.36167   	-2.80605e+01	-5.30723e+01	-2.98933e+01		         0.03333	-2.00000e+00	
0.37972   	-2.75065e+01	-5.30792e+01	-2.65115e+01		         0.03500	3.00000e+00	
0.39778   	-2.78769e+01	-5.06132e+01	-2.59742e+01		         0.03667	6.00000e+00	
0.41583   	-2.78781e+01	-5.15686e+01	-2.74750e+01		         0.03833	9.00000e+00	
0.43389   	-2.66499e+01	-5.07222e+01	-2.79321e+01		         0.04000	1.10000e+01	
0.45195   	-2.62583e+01	-5.13321e+01	-2.84011e+01		         0.04167	1.20000e+01	
0.47001   	-2.64035e+01	-5.20989e+01	-2.90540e+01		         0.04333	1.30000e+01	
0.48807   	-2.66514e+01	-5.02170e+01	-2.75075e+01		         0.04500	1.30000e+01	
0.50612   	-2.57754e+01	-4.60443e+01	-2.89817e+01		         0.04667	1.30000e+01	
0.52418   	-2.54171e+01	-4.15272e+01	-3.03337e+01		         0.04833	1.30000e+01	
0.54224   	-2.47448e+01	-3.99912e+01	-3.16885e+01		         0.05000	1.30000e+01	
0.56030   	-2.36321e+01	-3.48292e+01	-3.07303e+01		         0.05167	1.20000e+01	
0.57836   	-2.35541e+01	-3.26809e+01	-3.28901e+01		         0.05333	1.20000e+01	
0.59642   	-2.35573e+01	-3.42636e+01	-3.16343e+01		         0.05500	1.20000e+01	
0.61447   	-2.35393e+01	-3.46327e+01	-3.13957e+01		         0.05667	1.10000e+01	
0.63253   	-2.32903e+01	-3.52056e+01	-3.04681e+01		         0.05833	1.10000e+01	
0.65059   	-2.35754e+01	-3.59282e+01	-3.16794e+01		         0.06000	1.10000e+01	
0.66866   	-2.24385e+01	-3.56116e+01	-3.11898e+01		         0.06167	1.10000e+01	
0.68671   	-1.74889e+01	-3.72219e+01	-3.20327e+01		         0.06333	1.10000e+01	
0.70476   	-1.68283e+01	-3.84223e+01	-3.49649e+01		         0.06500	1.10000e+01	
0.72282   	-1.74761e+01	-3.86728e+01	-3.45012e+01		         0.06667	1.00000e+01	
0.74088   	-1.78270e+01	-3.93685e+01	-3.62521e+01		         0.06833	1.00000e+01	
0.75902   	-1.78271e+01	-3.91365e+01	-3.39518e+01		         0.07000	9.00000e+00	
0.77699   	-1.80489e+01	-3.97865e+01	-3.56054e+01		         0.07167	9.00000e+00	
0.79505   	-2.00388e+01	-3.99185e+01	-3.56020e+01		         0.07333	8.00000e+00	
0.81311   	-2.47243e+01	-3.98052e+01	-3.51866e+01		         0.07500	8.00000e+00	
0.83117   	-2.61562e+01	-3.79286e+01	-3.52675e+01		         0.07667	7.00000e+00	
0.84923   	-2.53313e+01	-3.63608e+01	-3.62851e+01		         0.07833	6.00000e+00	
0.86729   	-2.33217e+01	-3.62941e+01	-3.64806e+01		         0.08000	6.00000e+00	
0.88535   	-2.19029e+01	-3.55596e+01	-3.13460e+01		         0.08167	5.00000e+00	
0.90340   	-2.18380e+01	-3.57123e+01	-3.16206e+01		         0.08333	4.00000e+00	
0.92146   	-2.11758e+01	-3.40422e+01	-3.41726e+01		         0.08500	4.00000e+00	
0.93952   	-2.09216e+01	-3.54276e+01	-3.31761e+01		         0.08667	4.00000e+00	
0.95757   	-2.18367e+01	-3.55205e+01	-3.38905e+01		         0.08833	4.00000e+00	
0.97563   	-2.18115e+01	-3.44304e+01	-3.34429e+01		         0.09000	4.00000e+00	
0.99369   	-2.30215e+01	-3.79080e+01	-3.16759e+01		         0.09167	5.00000e+00	
1.01175   	-2.47513e+01	-3.72346e+01	-3.01021e+01		         0.09333	5.00000e+00	
1.02981   	-2.53407e+01	-3.87964e+01	-3.13376e+01		         0.09500	6.00000e+00	
1.04787   	-2.58158e+01	-3.94424e+01	-3.37256e+01		         0.09667	7.00000e+00	
1.06593   	-2.67116e+01	-4.35762e+01	-3.31128e+01		         0.09833	8.00000e+00	
1.08398   	-2.74270e+01	-4.50365e+01	-3.17636e+01		         0.10000	9.00000e+00	
1.10204   	-2.74803e+01	-4.37639e+01	-3.25474e+01		         0.10167	9.00000e+00	
1.12010   	-2.77825e+01	-4.52553e+01	-3.05265e+01		         0.10333	1.00000e+01	
1.13816   	-2.78847e+01	-4.48083e+01	-2.96011e+01		         0.10500	1.10000e+01	
1.15622   	-2.84204e+01	-4.62303e+01	-2.86658e+01		         0.10667	1.10000e+01	
1.17427   	-2.90296e+01	-4.43328e+01	-2.82173e+01		         0.10833	1.10000e+01	
1.19233   	-2.79585e+01	-4.32414e+01	-2.91797e+01		         0.11000	1.10000e+01	
1.21039   	-2.62685e+01	-4.35568e+01	-2.81883e+01		         0.11167	1.10000e+01	
1.22845   	-2.39846e+01	-4.55629e+01	-2.87231e+01		         0.11333	1.10000e+01	
1.24651   	-2.44554e+01	-4.58763e+01	-2.89370e+01		         0.11500	1.10000e+01	
1.26457   	-2.41632e+01	-4.51620e+01	-2.96908e+01		         0.11667	1.10000e+01	
1.28262   	-2.45447e+01	-4.40362e+01	-3.01290e+01		         0.11833	1.10000e+01	
1.30069   	-2.45794e+01	-4.09728e+01	-2.81035e+01		         0.12000	1.20000e+01	
1.31874   	-2.54564e+01	-3.90852e+01	-3.11047e+01		         0.12167	1.30000e+01	
1.33680   	-2.47021e+01	-3.49998e+01	-3.23236e+01		         0.12333	1.40000e+01	
1.35485   	-2.45900e+01	-3.37502e+01	-3.35913e+01		         0.12500	1.40000e+01	
1.37330   	-2.42221e+01	-3.56565e+01	-3.32762e+01		         0.12667	1.50000e+01	
1.39097   	-2.41402e+01	-3.55334e+01	-3.41224e+01		         0.12833	1.60000e+01	
1.40904   	-2.42085e+01	-3.57600e+01	-3.27809e+01		         0.13000	1.70000e+01	
1.42709   	-2.43621e+01	-3.58647e+01	-3.20320e+01		         0.13167	1.80000e+01	
1.44515   	-2.42655e+01	-3.61855e+01	-3.24307e+01		         0.13333	1.90000e+01	
1.46320   	-2.26572e+01	-3.58707e+01	-3.33981e+01		         0.13500	1.90000e+01	
1.48127   	-1.83576e+01	-3.63182e+01	-3.36004e+01		         0.13667	2.00000e+01	
1.49932   	-1.72921e+01	-3.81645e+01	-3.45163e+01		         0.13833	2.10000e+01	
1.51738   	-1.82365e+01	-3.83268e+01	-3.51691e+01		         0.14000	2.10000e+01	
1.53544   	-1.91828e+01	-3.96181e+01	-3.62731e+01		         0.14167	2.10000e+01	
1.55349   	-1.97289e+01	-3.93067e+01	-3.59384e+01		         0.14333	2.20000e+01	
1.57155   	-2.18348e+01	-3.93793e+01	-3.63670e+01		         0.14500	2.20000e+01	
1.58961   	-2.26459e+01	-3.97484e+01	-3.56838e+01		         0.14667	2.30000e+01	
1.60767   	-2.54460e+01	-3.97938e+01	-3.52088e+01		         0.14833	2.30000e+01	
1.62574   	-2.83276e+01	-3.81035e+01	-3.66689e+01		         0.15000	2.30000e+01	
1.64379   	-2.76797e+01	-3.63983e+01	-3.80358e+01		         0.15167	2.40000e+01	
1.66185   	-2.62221e+01	-3.53140e+01	-3.57092e+01		         0.15333	2.40000e+01	
1.67990   	-2.49084e+01	-3.53585e+01	-3.27722e+01		         0.15500	2.40000e+01	
1.69796   	-2.43240e+01	-3.46043e+01	-3.45682e+01		         0.15667	2.40000e+01	
1.71602   	-2.40097e+01	-3.43034e+01	-3.39903e+01		         0.15833	2.50000e+01	
1.73408   	-2.44153e+01	-3.43636e+01	-3.49147e+01		         0.16000	2.50000e+01	
1.75213   	-2.46307e+01	-3.61833e+01	-3.38094e+01		         0.16167	2.50000e+01	
1.77020   	-2.48898e+01	-3.50541e+01	-3.03347e+01		         0.16333	2.50000e+01	
1.78859   	-2.44445e+01	-3.57402e+01	-3.06060e+01		         0.16500	2.60000e+01	
1.80631   	-2.61619e+01	-3.70737e+01	-3.18028e+01		         0.16667	2.70000e+01	
1.82437   	-2.70045e+01	-3.91850e+01	-3.08965e+01		         0.16833	2.70000e+01	
1.84243   	-2.73615e+01	-4.07985e+01	-3.32648e+01		         0.17000	2.80000e+01	
1.86049   	-2.81615e+01	-4.34633e+01	-3.30710e+01		         0.17167	2.90000e+01	
1.87854   	-2.84436e+01	-4.34724e+01	-3.43768e+01		         0.17333	3.00000e+01	
1.89660   	-2.80715e+01	-4.34556e+01	-3.39986e+01		         0.17500	3.10000e+01	
1.91466   	-2.81618e+01	-4.47623e+01	-3.23784e+01		         0.17667	3.20000e+01	
1.93272   	-2.79240e+01	-4.50658e+01	-3.21325e+01		         0.17833	3.30000e+01	
1.95077   	-2.75083e+01	-4.54112e+01	-3.17845e+01		         0.18000	3.40000e+01	
1.96883   	-2.74463e+01	-4.29553e+01	-3.13386e+01		         0.18167	3.50000e+01	
1.98689   	-2.67701e+01	-4.06450e+01	-3.18711e+01		         0.18333	3.60000e+01	
2.00495   	-2.49954e+01	-4.12869e+01	-3.10206e+01		         0.18500	3.60000e+01	
2.02301   	-2.33002e+01	-4.27951e+01	-3.30449e+01		         0.18667	3.60000e+01	
2.04107   	-2.32212e+01	-4.35176e+01	-3.04568e+01		         0.18833	3.60000e+01	
2.05912   	-2.38661e+01	-4.29093e+01	-3.14363e+01		         0.19000	3.70000e+01	
2.07718   	-2.41072e+01	-4.13054e+01	-3.03777e+01		         0.19167	3.70000e+01	
2.09524   	-2.41467e+01	-3.72228e+01	-2.96710e+01		         0.19333	3.60000e+01	
2.11330   	-2.44860e+01	-3.23969e+01	-3.41979e+01		         0.19500	3.60000e+01	
2.13136   	-2.37446e+01	-3.13905e+01	-3.19082e+01		         0.19667	3.60000e+01	
2.14941   	-2.36285e+01	-3.23531e+01	-3.24345e+01		         0.19833	3.50000e+01	
2.16747   	-2.43247e+01	-3.44823e+01	-3.39977e+01		         0.20000	3.40000e+01	
2.18553   	-2.41388e+01	-3.53113e+01	-3.65962e+01		         0.20167	3.30000e+01	
2.20360   	-2.43707e+01	-3.56107e+01	-3.56432e+01		         0.20333	3.20000e+01	
2.22165   	-2.44554e+01	-3.60578e+01	-3.39190e+01		         0.20500	3.10000e+01	
2.23971   	-2.44115e+01	-3.60595e+01	-3.29767e+01		         0.20667	3.00000e+01	
2.25776   	-2.27153e+01	-3.55280e+01	-3.39331e+01		         0.20833	2.80000e+01	
2.27582   	-1.67616e+01	-3.69509e+01	-3.58033e+01		         0.21000	2.70000e+01	
2.29388   	-1.61440e+01	-3.80045e+01	-3.85509e+01		         0.21167	2.60000e+01	
2.31194   	-1.73584e+01	-3.90434e+01	-3.84676e+01		         0.21333	2.50000e+01	
2.33000   	-1.81968e+01	-3.92554e+01	-3.73330e+01		         0.21500	2.30000e+01	
2.34805   	-1.68684e+01	-4.07187e+01	-3.80385e+01		         0.21667	2.20000e+01	
2.36611   	-1.68971e+01	-4.03514e+01	-3.72141e+01		         0.21833	2.10000e+01	
2.38417   	-1.73595e+01	-3.95387e+01	-3.80459e+01		         0.22000	2.10000e+01	
2.40223   	-2.07721e+01	-3.96475e+01	-4.01071e+01		         0.22167	2.00000e+01	
2.42029   	-2.69871e+01	-3.90860e+01	-3.92582e+01		         0.22333	1.90000e+01	
					         0.22500	1.80000e+01	
					         0.22667	1.70000e+01	
					         0.22833	1.60000e+01	
					         0.23000	1.50000e+01	
					         0.23167	1.40000e+01	
					         0.23333	1.30000e+01	
					         0.23500	1.20000e+01	
					         0.23667	1.00000e+01	
					         0.23833	9.00000e+00	
					         0.24000	8.00000e+00	
					         0.24167	7.00000e+00	
					         0.24333	5.00000e+00	
					         0.24500	4.00000e+00	
					         0.24667	3.00000e+00	
					         0.24833	2.00000e+00	
					         0.25000	1.00000e+00	
					         0.25167	0.00000e+00	
					         0.25333	-1.00000e+00	
					         0.25500	-3.00000e+00	
					         0.25667	-4.00000e+00	
					         0.25833	-6.00000e+00	
					         0.26000	-7.00000e+00	
					         0.26167	-9.00000e+00	
					         0.26333	-1.00000e+01	
					         0.26500	-1.20000e+01	
					         0.26667	-1.40000e+01	
					         0.26833	-1.60000e+01	
					         0.27000	-1.70000e+01	
					         0.27167	-1.80000e+01	
					         0.27333	-2.00000e+01	
					         0.27500	-2.10000e+01	
					         0.27667	-2.10000e+01	
					         0.27833	-2.20000e+01	
					         0.28000	-2.20000e+01	
					         0.28167	-2.20000e+01	
					         0.28333	-2.10000e+01	
					         0.28500	-2.10000e+01	
					         0.28667	-2.00000e+01	
					         0.28833	-1.90000e+01	
					         0.29000	-1.80000e+01	
					         0.29167	-1.70000e+01	
					         0.29333	-1.60000e+01	
					         0.29500	-1.50000e+01	
					         0.29667	-1.30000e+01	
					         0.29833	-1.20000e+01	
					         0.30000	-1.10000e+01	
					         0.30167	-1.00000e+01	
					         0.30333	-9.00000e+00	
					         0.30500	-8.00000e+00	
					         0.30667	-8.00000e+00	
					         0.30833	-7.00000e+00	
					         0.31000	-6.00000e+00	
					         0.31167	-5.00000e+00	
					         0.31333	-4.00000e+00	
					         0.31500	-3.00000e+00	
					         0.31667	-2.00000e+00	
					         0.31833	-2.00000e+00	
					         0.32000	-1.00000e+00	
					         0.32167	-1.00000e+00	
					         0.32333	0.00000e+00	
					         0.32500	0.00000e+00	
					         0.32667	0.00000e+00	
					         0.32833	0.00000e+00	
					         0.33000	0.00000e+00	
					         0.33167	0.00000e+00	
					         0.33333	0.00000e+00	
					         0.33500	1.00000e+00	
					         0.33667	1.00000e+00	
					         0.33833	1.00000e+00	
					         0.34000	1.00000e+00	
					         0.34167	1.00000e+00	
					         0.34333	2.00000e+00	
					         0.34500	3.00000e+00	
					         0.34667	3.00000e+00	
					         0.34833	4.00000e+00	
					         0.35000	5.00000e+00	
					         0.35167	6.00000e+00	
					         0.35333	6.00000e+00	
					         0.35500	7.00000e+00	
					         0.35667	7.00000e+00	
					         0.35833	8.00000e+00	
					         0.36000	8.00000e+00	
					         0.36167	8.00000e+00	
					         0.36333	8.00000e+00	
					         0.36500	8.00000e+00	
					         0.36667	7.00000e+00	
					         0.36833	7.00000e+00	
					         0.37000	7.00000e+00	
					         0.37167	7.00000e+00	
					         0.37333	7.00000e+00	
					         0.37500	7.00000e+00	
					         0.37667	7.00000e+00	
					         0.37833	7.00000e+00	
					         0.38000	7.00000e+00	
					         0.38167	8.00000e+00	
					         0.38333	8.00000e+00	
					         0.38500	9.00000e+00	
					         0.38667	9.00000e+00	
					         0.38833	9.00000e+00	
					         0.39000	1.00000e+01	
					         0.39167	1.00000e+01	
					         0.39333	1.10000e+01	
					         0.39500	1.10000e+01	
					         0.39667	1.10000e+01	
					         0.39833	1.20000e+01	
					         0.40000	1.20000e+01	
					         0.40167	1.20000e+01	
					         0.40333	1.20000e+01	
					         0.40500	1.30000e+01	
					         0.40667	1.30000e+01	
					         0.40833	1.30000e+01	
					         0.41000	1.30000e+01	
					         0.41167	1.30000e+01	
					         0.41333	1.30000e+01	
					         0.41500	1.40000e+01	
					         0.41667	1.40000e+01	
					         0.41833	1.40000e+01	
					         0.42000	1.40000e+01	
					         0.42167	1.40000e+01	
					         0.42333	1.50000e+01	
					         0.42500	1.50000e+01	
					         0.42667	1.60000e+01	
					         0.42833	1.70000e+01	
					         0.43000	1.70000e+01	
					         0.43167	1.80000e+01	
					         0.43333	1.80000e+01	
					         0.43500	1.80000e+01	
					         0.43667	1.90000e+01	
					         0.43833	1.90000e+01	
					         0.44000	1.90000e+01	
					         0.44167	1.80000e+01	
					         0.44333	1.80000e+01	
					         0.44500	1.70000e+01	
					         0.44667	1.70000e+01	
					         0.44833	1.60000e+01	
					         0.45000	1.60000e+01	
					         0.45167	1.50000e+01	
					         0.45333	1.50000e+01	
					         0.45500	1.50000e+01	
					         0.45667	1.50000e+01	
					         0.45833	1.50000e+01	
					         0.46000	1.50000e+01	
					         0.46167	1.60000e+01	
					         0.46333	1.60000e+01	
					         0.46500	1.70000e+01	
					         0.46667	1.80000e+01	
					         0.46833	1.90000e+01	
					         0.47000	1.90000e+01	
					         0.47167	2.00000e+01	
					         0.47333	2.10000e+01	
					         0.47500	2.10000e+01	
					         0.47667	2.10000e+01	
					         0.47833	2.10000e+01	
					         0.48000	2.20000e+01	
					         0.48167	2.20000e+01	
					         0.48333	2.10000e+01	
					         0.48500	2.10000e+01	
					         0.48667	2.10000e+01	
					         0.48833	2.00000e+01	
					         0.49000	2.00000e+01	
					         0.49167	1.90000e+01	
					         0.49333	1.90000e+01	
					         0.49500	1.90000e+01	
					         0.49667	1.80000e+01	
					         0.49833	1.80000e+01	
					         0.50000	1.80000e+01	
					         0.50167	1.80000e+01	
					         0.50333	1.70000e+01	
					         0.50500	1.70000e+01	
					         0.50667	1.70000e+01	
					         0.50833	1.70000e+01	
					         0.51000	1.60000e+01	
					         0.51167	1.60000e+01	
					         0.51333	1.60000e+01	
					         0.51500	1.60000e+01	
					         0.51667	1.60000e+01	
					         0.51833	1.60000e+01	
					         0.52000	1.60000e+01	
					         0.52167	1.60000e+01	
					         0.52333	1.60000e+01	
					         0.52500	1.50000e+01	
					         0.52667	1.50000e+01	
					         0.52833	1.50000e+01	
					         0.53000	1.50000e+01	
					         0.53167	1.60000e+01	
					         0.53333	1.60000e+01	
					         0.53500	1.60000e+01	
					         0.53667	1.60000e+01	
					         0.53833	1.60000e+01	
					         0.54000	1.60000e+01	
					         0.54167	1.70000e+01	
					         0.54333	1.70000e+01	
					         0.54500	1.80000e+01	
					         0.54667	1.80000e+01	
					         0.54833	1.80000e+01	
					         0.55000	1.80000e+01	
					         0.55167	1.90000e+01	
					         0.55333	1.80000e+01	
					         0.55500	1.80000e+01	
					         0.55667	1.80000e+01	
					         0.55833	1.80000e+01	
					         0.56000	1.70000e+01	
					         0.56167	1.70000e+01	
					         0.56333	1.60000e+01	
					         0.56500	1.50000e+01	
					         0.56667	1.40000e+01	
					         0.56833	1.30000e+01	
					         0.57000	1.20000e+01	
					         0.57167	1.20000e+01	
					         0.57333	1.20000e+01	
					         0.57500	1.20000e+01	
					         0.57667	1.10000e+01	
					         0.57833	1.10000e+01	
					         0.58000	1.10000e+01	
					         0.58167	1.20000e+01	
					         0.58333	1.20000e+01	
					         0.58500	1.20000e+01	
					         0.58667	1.20000e+01	
					         0.58833	1.20000e+01	
					         0.59000	1.20000e+01	
					         0.59167	1.20000e+01	
					         0.59333	1.10000e+01	
					         0.59500	1.10000e+01	
					         0.59667	1.00000e+01	
					         0.59833	9.00000e+00	
					         0.60000	9.00000e+00	
					         0.60167	8.00000e+00	
					         0.60333	7.00000e+00	
					         0.60500	7.00000e+00	
					         0.60667	6.00000e+00	
					         0.60833	5.00000e+00	
					         0.61000	5.00000e+00	
					         0.61167	4.00000e+00	
					         0.61333	4.00000e+00	
					         0.61500	3.00000e+00	
					         0.61667	2.00000e+00	
					         0.61833	2.00000e+00	
					         0.62000	1.00000e+00	
					         0.62167	1.00000e+00	
					         0.62333	1.00000e+00	
					         0.62500	1.00000e+00	
					         0.62667	1.00000e+00	
					         0.62833	1.00000e+00	
					         0.63000	1.00000e+00	
					         0.63167	2.00000e+00	
					         0.63333	2.00000e+00	
					         0.63500	2.00000e+00	
					         0.63667	2.00000e+00	
					         0.63833	3.00000e+00	
					         0.64000	3.00000e+00	
					         0.64167	3.00000e+00	
					         0.64333	3.00000e+00	
					         0.64500	3.00000e+00	
					         0.64667	3.00000e+00	
					         0.64833	3.00000e+00	
					         0.65000	4.00000e+00	
					         0.65167	4.00000e+00	
					         0.65333	5.00000e+00	
					         0.65500	6.00000e+00	
					         0.65667	7.00000e+00	
					         0.65833	9.00000e+00	
					         0.66000	1.00000e+01	
					         0.66167	1.20000e+01	
					         0.66333	1.30000e+01	
					         0.66500	1.50000e+01	
					         0.66667	1.70000e+01	
					         0.66833	1.80000e+01	
					         0.67000	2.00000e+01	
					         0.67167	2.10000e+01	
					         0.67333	2.20000e+01	
					         0.67500	2.20000e+01	
					         0.67667	2.30000e+01	
					         0.67833	2.30000e+01	
					         0.68000	2.20000e+01	
					         0.68167	2.20000e+01	
					         0.68333	2.10000e+01	
					         0.68500	2.00000e+01	
					         0.68667	1.90000e+01	
					         0.68833	1.70000e+01	
					         0.69000	1.60000e+01	
					         0.69167	1.50000e+01	
					         0.69333	1.40000e+01	
					         0.69500	1.30000e+01	
					         0.69667	1.20000e+01	
					         0.69833	1.20000e+01	
					         0.70000	1.10000e+01	
					         0.70167	1.10000e+01	
					         0.70333	1.10000e+01	
					         0.70500	1.10000e+01	
					         0.70667	1.10000e+01	
					         0.70833	1.10000e+01	
					         0.71000	1.00000e+01	
					         0.71167	1.00000e+01	
					         0.71333	1.00000e+01	
					         0.71500	9.00000e+00	
					         0.71667	9.00000e+00	
					         0.71833	9.00000e+00	
					         0.72000	8.00000e+00	
					         0.72167	8.00000e+00	
					         0.72333	7.00000e+00	
					         0.72500	7.00000e+00	
					         0.72667	7.00000e+00	
					         0.72833	8.00000e+00	
					         0.73000	8.00000e+00	
					         0.73167	9.00000e+00	
					         0.73333	1.00000e+01	
					         0.73500	1.10000e+01	
					         0.73667	1.20000e+01	
					         0.73833	1.30000e+01	
					         0.74000	1.40000e+01	
					         0.74167	1.50000e+01	
					         0.74333	1.60000e+01	
					         0.74500	1.60000e+01	
					         0.74667	1.70000e+01	
					         0.74833	1.70000e+01	
					         0.75000	1.70000e+01	
					         0.75167	1.80000e+01	
					         0.75333	1.90000e+01	
					         0.75500	1.90000e+01	
					         0.75667	2.10000e+01	
					         0.75833	2.20000e+01	
					         0.76000	2.30000e+01	
					         0.76167	2.50000e+01	
					         0.76333	2.70000e+01	
					         0.76500	2.90000e+01	
					         0.76667	3.10000e+01	
					         0.76833	3.20000e+01	
					         0.77000	3.30000e+01	
					         0.77167	3.30000e+01	
					         0.77333	3.20000e+01	
					         0.77500	2.90000e+01	
					         0.77667	2.40000e+01	
					         0.77833	1.80000e+01	
					         0.78000	1.00000e+01	
					         0.78167	0.00000e+00	
					         0.78333	-1.10000e+01	
					         0.78500	-2.30000e+01	
					         0.78667	-3.60000e+01	
					         0.78833	-4.80000e+01	
					         0.79000	-6.00000e+01	
					         0.79167	-7.10000e+01	
					         0.79333	-8.10000e+01	
					         0.79500	-8.80000e+01	
					         0.79667	-9.30000e+01	
					         0.79833	-9.60000e+01	
					         0.80000	-9.50000e+01	
					         0.80167	-9.30000e+01	
					         0.80333	-8.80000e+01	
					         0.80500	-8.10000e+01	
					         0.80667	-7.20000e+01	
					         0.80833	-6.30000e+01	
					         0.81000	-5.30000e+01	
					         0.81167	-4.30000e+01	
					         0.81333	-3.40000e+01	
					         0.81500	-2.40000e+01	
					         0.81667	-1.60000e+01	
					         0.81833	-8.00000e+00	
					         0.82000	-1.00000e+00	
					         0.82167	4.00000e+00	
					         0.82333	9.00000e+00	
					         0.82500	1.30000e+01	
					         0.82667	1.60000e+01	
					         0.82833	1.80000e+01	
					         0.83000	1.90000e+01	
					         0.83167	1.90000e+01	
					         0.83333	2.00000e+01	
					         0.83500	1.90000e+01	
					         0.83667	1.90000e+01	
					         0.83833	1.90000e+01	
					         0.84000	1.80000e+01	
					         0.84167	1.70000e+01	
					         0.84333	1.70000e+01	
					         0.84500	1.60000e+01	
					         0.84667	1.50000e+01	
					         0.84833	1.50000e+01	
					         0.85000	1.40000e+01	
					         0.85167	1.40000e+01	
					         0.85333	1.40000e+01	
					         0.85500	1.40000e+01	
					         0.85667	1.40000e+01	
					         0.85833	1.50000e+01	
					         0.86000	1.50000e+01	
					         0.86167	1.60000e+01	
					         0.86333	1.60000e+01	
					         0.86500	1.70000e+01	
					         0.86667	1.70000e+01	
					         0.86833	1.70000e+01	
					         0.87000	1.80000e+01	
					         0.87167	1.80000e+01	
					         0.87333	1.80000e+01	
					         0.87500	1.70000e+01	
					         0.87667	1.70000e+01	
					         0.87833	1.60000e+01	
					         0.88000	1.60000e+01	
					         0.88167	1.50000e+01	
					         0.88333	1.40000e+01	
					         0.88500	1.40000e+01	
					         0.88667	1.30000e+01	
					         0.88833	1.30000e+01	
					         0.89000	1.40000e+01	
					         0.89167	1.40000e+01	
					         0.89333	1.40000e+01	
					         0.89500	1.50000e+01	
					         0.89667	1.60000e+01	
					         0.89833	1.70000e+01	
					         0.90000	1.80000e+01	
					         0.90167	1.80000e+01	
					         0.90333	1.90000e+01	
					         0.90500	1.90000e+01	
					         0.90667	1.80000e+01	
					         0.90833	1.80000e+01	
					         0.91000	1.70000e+01	
					         0.91167	1.70000e+01	
					         0.91333	1.60000e+01	
					         0.91500	1.50000e+01	
					         0.91667	1.50000e+01	
					         0.91833	1.40000e+01	
					         0.92000	1.40000e+01	
					         0.92167	1.30000e+01	
					         0.92333	1.30000e+01	
					         0.92500	1.30000e+01	
					         0.92667	1.40000e+01	
					         0.92833	1.40000e+01	
					         0.93000	1.50000e+01	
					         0.93167	1.50000e+01	
					         0.93333	1.60000e+01	
					         0.93500	1.60000e+01	
					         0.93667	1.70000e+01	
					         0.93833	1.70000e+01	
					         0.94000	1.80000e+01	
					         0.94167	1.90000e+01	
					         0.94333	2.00000e+01	
					         0.94500	2.10000e+01	
					         0.94667	2.30000e+01	
					         0.94833	2.40000e+01	
					         0.95000	2.50000e+01	
					         0.95167	2.70000e+01	
					         0.95333	2.80000e+01	
					         0.95500	3.00000e+01	
					         0.95667	3.10000e+01	
					         0.95833	3.20000e+01	
					         0.96000	3.30000e+01	
					         0.96167	3.30000e+01	
					         0.96333	3.40000e+01	
					         0.96500	3.40000e+01	
					         0.96667	3.40000e+01	
					         0.96833	3.40000e+01	
					         0.97000	3.40000e+01	
					         0.97167	3.30000e+01	
					         0.97333	3.30000e+01	
					         0.97500	3.20000e+01	
					         0.97667	3.20000e+01	
					         0.97833	3.10000e+01	
					         0.98000	3.10000e+01	
					         0.98167	3.10000e+01	
					         0.98333	3.10000e+01	
					         0.98500	3.10000e+01	
					         0.98667	3.10000e+01	
					         0.98833	3.20000e+01	
					         0.99000	3.20000e+01	
					         0.99167	3.20000e+01	
					         0.99333	3.30000e+01	
					         0.99500	3.30000e+01	
					         0.99667	3.40000e+01	
					         0.99833	3.40000e+01	
					         1.00000	3.40000e+01	
					         1.00167	3.40000e+01	
					         1.00333	3.40000e+01	
					         1.00500	3.40000e+01	
					         1.00667	3.30000e+01	
					         1.00833	3.30000e+01	
					         1.01000	3.30000e+01	
					         1.01167	3.30000e+01	
					         1.01333	3.20000e+01	
					         1.01500	3.20000e+01	
					         1.01667	3.20000e+01	
					         1.01833	3.10000e+01	
					         1.02000	3.10000e+01	
					         1.02167	3.00000e+01	
					         1.02333	3.00000e+01	
					         1.02500	2.90000e+01	
					         1.02667	2.80000e+01	
					         1.02833	2.70000e+01	
					         1.03000	2.50000e+01	
					         1.03167	2.40000e+01	
					         1.03333	2.20000e+01	
					         1.03500	2.00000e+01	
					         1.03667	1.70000e+01	
					         1.03833	1.50000e+01	
					         1.04000	1.20000e+01	
					         1.04167	1.00000e+01	
					         1.04333	7.00000e+00	
					         1.04500	4.00000e+00	
					         1.04667	1.00000e+00	
					         1.04833	-2.00000e+00	
					         1.05000	-5.00000e+00	
					         1.05167	-8.00000e+00	
					         1.05333	-1.10000e+01	
					         1.05500	-1.40000e+01	
					         1.05667	-1.70000e+01	
					         1.05833	-2.00000e+01	
					         1.06000	-2.30000e+01	
					         1.06167	-2.50000e+01	
					         1.06333	-2.80000e+01	
					         1.06500	-3.00000e+01	
					         1.06667	-3.10000e+01	
					         1.06833	-3.30000e+01	
					         1.07000	-3.40000e+01	
					         1.07167	-3.40000e+01	
					         1.07333	-3.50000e+01	
					         1.07500	-3.50000e+01	
					         1.07667	-3.50000e+01	
					         1.07833	-3.40000e+01	
					         1.08000	-3.40000e+01	
					         1.08167	-3.30000e+01	
					         1.08333	-3.20000e+01	
					         1.08500	-3.20000e+01	
					         1.08667	-3.20000e+01	
					         1.08833	-3.20000e+01	
					         1.09000	-3.10000e+01	
					         1.09167	-3.10000e+01	
					         1.09333	-3.10000e+01	
					         1.09500	-3.00000e+01	
					         1.09667	-3.00000e+01	
					         1.09833	-3.00000e+01	
					         1.10000	-3.00000e+01	
					         1.10167	-2.90000e+01	
					         1.10333	-2.90000e+01	
					         1.10500	-2.80000e+01	
					         1.10667	-2.80000e+01	
					         1.10833	-2.80000e+01	
					         1.11000	-2.70000e+01	
					         1.11167	-2.70000e+01	
					         1.11333	-2.70000e+01	
					         1.11500	-2.70000e+01	
					         1.11667	-2.60000e+01	
					         1.11833	-2.60000e+01	
					         1.12000	-2.50000e+01	
					         1.12167	-2.50000e+01	
					         1.12333	-2.40000e+01	
					         1.12500	-2.30000e+01	
					         1.12667	-2.20000e+01	
					         1.12833	-2.10000e+01	
					         1.13000	-1.90000e+01	
					         1.13167	-1.80000e+01	
					         1.13333	-1.70000e+01	
					         1.13500	-1.60000e+01	
					         1.13667	-1.60000e+01	
					         1.13833	-1.50000e+01	
					         1.14000	-1.50000e+01	
					         1.14167	-1.50000e+01	
					         1.14333	-1.50000e+01	
					         1.14500	-1.60000e+01	
					         1.14667	-1.60000e+01	
					         1.14833	-1.60000e+01	
					         1.15000	-1.70000e+01	
					         1.15167	-1.70000e+01	
					         1.15333	-1.70000e+01	
					         1.15500	-1.70000e+01	
					         1.15667	-1.70000e+01	
					         1.15833	-1.60000e+01	
					         1.16000	-1.60000e+01	
					         1.16167	-1.50000e+01	
					         1.16333	-1.50000e+01	
					         1.16500	-1.50000e+01	
					         1.16667	-1.40000e+01	
					         1.16833	-1.40000e+01	
					         1.17000	-1.40000e+01	
					         1.17167	-1.30000e+01	
					         1.17333	-1.30000e+01	
					         1.17500	-1.30000e+01	
					         1.17667	-1.30000e+01	
					         1.17833	-1.40000e+01	
					         1.18000	-1.40000e+01	
					         1.18167	-1.40000e+01	
					         1.18333	-1.40000e+01	
					         1.18500	-1.40000e+01	
					         1.18667	-1.50000e+01	
					         1.18833	-1.40000e+01	
					         1.19000	-1.40000e+01	
					         1.19167	-1.40000e+01	
					         1.19333	-1.40000e+01	
					         1.19500	-1.40000e+01	
					         1.19667	-1.30000e+01	
					         1.19833	-1.30000e+01	
					         1.20000	-1.20000e+01	
					         1.20167	-1.20000e+01	
					         1.20333	-1.10000e+01	
					         1.20500	-1.10000e+01	
					         1.20667	-1.00000e+01	
					         1.20833	-1.00000e+01	
					         1.21000	-9.00000e+00	
					         1.21167	-9.00000e+00	
					         1.21333	-9.00000e+00	
					         1.21500	-8.00000e+00	
					         1.21667	-8.00000e+00	
					         1.21833	-7.00000e+00	
					         1.22000	-7.00000e+00	
					         1.22167	-6.00000e+00	
					         1.22333	-5.00000e+00	
					         1.22500	-5.00000e+00	
					         1.22667	-4.00000e+00	
					         1.22833	-3.00000e+00	
					         1.23000	-2.00000e+00	
					         1.23167	-1.00000e+00	
					         1.23333	0.00000e+00	
					         1.23500	1.00000e+00	
					         1.23667	2.00000e+00	
					         1.23833	3.00000e+00	
					         1.24000	4.00000e+00	
					         1.24167	5.00000e+00	
					         1.24333	6.00000e+00	
					         1.24500	7.00000e+00	
					         1.24667	8.00000e+00	
					         1.24833	8.00000e+00	
					         1.25000	9.00000e+00	
					         1.25167	9.00000e+00	
					         1.25333	9.00000e+00	
					         1.25500	1.00000e+01	
					         1.25667	1.00000e+01	
					         1.25833	1.00000e+01	
					         1.26000	1.00000e+01	
					         1.26167	9.00000e+00	
					         1.26333	9.00000e+00	
					         1.26500	9.00000e+00	
					         1.26667	8.00000e+00	
					         1.26833	8.00000e+00	
					         1.27000	8.00000e+00	
					         1.27167	7.00000e+00	
					         1.27333	7.00000e+00	
					         1.27500	7.00000e+00	
					         1.27667	6.00000e+00	
					         1.27833	6.00000e+00	
					         1.28000	6.00000e+00	
					         1.28167	6.00000e+00	
					         1.28333	6.00000e+00	
					         1.28500	6.00000e+00	
					         1.28667	6.00000e+00	
					         1.28833	7.00000e+00	
					         1.29000	7.00000e+00	
					         1.29167	7.00000e+00	
					         1.29333	7.00000e+00	
					         1.29500	7.00000e+00	
					         1.29667	7.00000e+00	
					         1.29833	7.00000e+00	
					         1.30000	7.00000e+00	
					         1.30167	7.00000e+00	
					         1.30333	7.00000e+00	
					         1.30500	6.00000e+00	
					         1.30667	6.00000e+00	
					         1.30833	6.00000e+00	
					         1.31000	6.00000e+00	
					         1.31167	5.00000e+00	
					         1.31333	5.00000e+00	
					         1.31500	5.00000e+00	
					         1.31667	5.00000e+00	
					         1.31833	5.00000e+00	
					         1.32000	4.00000e+00	
					         1.32167	4.00000e+00	
					         1.32333	4.00000e+00	
					         1.32500	4.00000e+00	
					         1.32667	4.00000e+00	
					         1.32833	4.00000e+00	
					         1.33000	4.00000e+00	
					         1.33167	4.00000e+00	
					         1.33333	5.00000e+00	
					         1.33500	5.00000e+00	
					         1.33667	6.00000e+00	
					         1.33833	7.00000e+00	
					         1.34000	7.00000e+00	
					         1.34167	8.00000e+00	
					         1.34333	8.00000e+00	
					         1.34500	9.00000e+00	
					         1.34667	9.00000e+00	
					         1.34833	9.00000e+00	
					         1.35000	8.00000e+00	
					         1.35167	8.00000e+00	
					         1.35333	8.00000e+00	
					         1.35500	7.00000e+00	
					         1.35667	7.00000e+00	
					         1.35833	6.00000e+00	
					         1.36000	6.00000e+00	
					         1.36167	5.00000e+00	
					         1.36333	4.00000e+00	
					         1.36500	4.00000e+00	
					         1.36667	3.00000e+00	
					         1.36833	3.00000e+00	
					         1.37000	2.00000e+00	
					         1.37167	1.00000e+00	
					         1.37333	0.00000e+00	
					         1.37500	-1.00000e+00	
					         1.37667	-1.00000e+00	
					         1.37833	-2.00000e+00	
					         1.38000	-3.00000e+00	
					         1.38167	-3.00000e+00	
					         1.38333	-4.00000e+00	
					         1.38500	-4.00000e+00	
					         1.38667	-4.00000e+00	
					         1.38833	-5.00000e+00	
					         1.39000	-4.00000e+00	
					         1.39167	-4.00000e+00	
					         1.39333	-4.00000e+00	
					         1.39500	-3.00000e+00	
					         1.39667	-3.00000e+00	
					         1.39833	-2.00000e+00	
					         1.40000	-1.00000e+00	
					         1.40167	-1.00000e+00	
					         1.40333	-1.00000e+00	
					         1.40500	-1.00000e+00	
					         1.40667	-1.00000e+00	
					         1.40833	-1.00000e+00	
					         1.41000	-1.00000e+00	
					         1.41167	-2.00000e+00	
					         1.41333	-3.00000e+00	
					         1.41500	-4.00000e+00	
					         1.41667	-5.00000e+00	
					         1.41833	-6.00000e+00	
					         1.42000	-7.00000e+00	
					         1.42167	-7.00000e+00	
					         1.42333	-8.00000e+00	
					         1.42500	-8.00000e+00	
					         1.42667	-8.00000e+00	
					         1.42833	-8.00000e+00	
					         1.43000	-7.00000e+00	
					         1.43167	-7.00000e+00	
					         1.43333	-6.00000e+00	
					         1.43500	-6.00000e+00	
					         1.43667	-5.00000e+00	
					         1.43833	-4.00000e+00	
					         1.44000	-3.00000e+00	
					         1.44167	-2.00000e+00	
					         1.44333	-1.00000e+00	
					         1.44500	0.00000e+00	
					         1.44667	1.00000e+00	
					         1.44833	2.00000e+00	
					         1.45000	3.00000e+00	
					         1.45167	5.00000e+00	
					         1.45333	6.00000e+00	
					         1.45500	8.00000e+00	
					         1.45667	1.00000e+01	
					         1.45833	1.10000e+01	
					         1.46000	1.30000e+01	
					         1.46167	1.40000e+01	
					         1.46333	1.50000e+01	
					         1.46500	1.60000e+01	
					         1.46667	1.70000e+01	
					         1.46833	1.70000e+01	
					         1.47000	1.70000e+01	
					         1.47167	1.70000e+01	
					         1.47333	1.60000e+01	
					         1.47500	1.50000e+01	
					         1.47667	1.50000e+01	
					         1.47833	1.40000e+01	
					         1.48000	1.30000e+01	
					         1.48167	1.30000e+01	
					         1.48333	1.20000e+01	
					         1.48500	1.10000e+01	
					         1.48667	1.10000e+01	
					         1.48833	1.10000e+01	
					         1.49000	1.00000e+01	
					         1.49167	1.00000e+01	
					         1.49333	9.00000e+00	
					         1.49500	9.00000e+00	
					         1.49667	8.00000e+00	
					         1.49833	8.00000e+00	
					         1.50000	7.00000e+00	
					         1.50167	7.00000e+00	
					         1.50333	6.00000e+00	
					         1.50500	6.00000e+00	
					         1.50667	5.00000e+00	
					         1.50833	5.00000e+00	
					         1.51000	4.00000e+00	
					         1.51167	4.00000e+00	
					         1.51333	3.00000e+00	
					         1.51500	3.00000e+00	
					         1.51667	3.00000e+00	
					         1.51833	3.00000e+00	
					         1.52000	3.00000e+00	
					         1.52167	3.00000e+00	
					         1.52333	3.00000e+00	
					         1.52500	3.00000e+00	
					         1.52667	3.00000e+00	
					         1.52833	3.00000e+00	
					         1.53000	3.00000e+00	
					         1.53167	4.00000e+00	
					         1.53333	5.00000e+00	
					         1.53500	5.00000e+00	
					         1.53667	6.00000e+00	
					         1.53833	7.00000e+00	
					         1.54000	8.00000e+00	
					         1.54167	8.00000e+00	
					         1.54333	9.00000e+00	
					         1.54500	1.10000e+01	
					         1.54667	1.20000e+01	
					         1.54833	1.40000e+01	
					         1.55000	1.60000e+01	
					         1.55167	1.80000e+01	
					         1.55333	2.00000e+01	
					         1.55500	2.20000e+01	
					         1.55667	2.50000e+01	
					         1.55833	2.70000e+01	
					         1.56000	3.00000e+01	
					         1.56167	3.30000e+01	
					         1.56333	3.50000e+01	
					         1.56500	3.70000e+01	
					         1.56667	3.90000e+01	
					         1.56833	3.90000e+01	
					         1.57000	3.70000e+01	
					         1.57167	3.40000e+01	
					         1.57333	2.90000e+01	
					         1.57500	2.30000e+01	
					         1.57667	1.40000e+01	
					         1.57833	4.00000e+00	
					         1.58000	-8.00000e+00	
					         1.58167	-2.00000e+01	
					         1.58333	-3.30000e+01	
					         1.58500	-4.50000e+01	
					         1.58667	-5.70000e+01	
					         1.58833	-6.80000e+01	
					         1.59000	-7.70000e+01	
					         1.59167	-8.50000e+01	
					         1.59333	-9.00000e+01	
					         1.59500	-9.20000e+01	
					         1.59667	-9.20000e+01	
					         1.59833	-9.00000e+01	
					         1.60000	-8.60000e+01	
					         1.60167	-8.00000e+01	
					         1.60333	-7.30000e+01	
					         1.60500	-6.40000e+01	
					         1.60667	-5.60000e+01	
					         1.60833	-4.70000e+01	
					         1.61000	-3.90000e+01	
					         1.61167	-3.10000e+01	
					         1.61333	-2.30000e+01	
					         1.61500	-1.60000e+01	
					         1.61667	-1.00000e+01	
					         1.61833	-5.00000e+00	
					         1.62000	0.00000e+00	
					         1.62167	4.00000e+00	
					         1.62333	6.00000e+00	
					         1.62500	8.00000e+00	
					         1.62667	9.00000e+00	
					         1.62833	1.00000e+01	
					         1.63000	1.00000e+01	
					         1.63167	1.00000e+01	
					         1.63333	1.00000e+01	
					         1.63500	9.00000e+00	
					         1.63667	8.00000e+00	
					         1.63833	7.00000e+00	
					         1.64000	6.00000e+00	
					         1.64167	5.00000e+00	
					         1.64333	4.00000e+00	
					         1.64500	3.00000e+00	
					         1.64667	2.00000e+00	
					         1.64833	1.00000e+00	
					         1.65000	0.00000e+00	
					         1.65167	0.00000e+00	
					         1.65333	-1.00000e+00	
					         1.65500	-1.00000e+00	
					         1.65667	0.00000e+00	
					         1.65833	0.00000e+00	
					         1.66000	1.00000e+00	
					         1.66167	1.00000e+00	
					         1.66333	2.00000e+00	
					         1.66500	3.00000e+00	
					         1.66667	4.00000e+00	
					         1.66833	5.00000e+00	
					         1.67000	6.00000e+00	
					         1.67167	6.00000e+00	
					         1.67333	6.00000e+00	
					         1.67500	6.00000e+00	
					         1.67667	6.00000e+00	
					         1.67833	5.00000e+00	
					         1.68000	5.00000e+00	
					         1.68167	4.00000e+00	
					         1.68333	4.00000e+00	
					         1.68500	3.00000e+00	
					         1.68667	2.00000e+00	
					         1.68833	2.00000e+00	
					         1.69000	1.00000e+00	
					         1.69167	1.00000e+00	
					         1.69333	1.00000e+00	
					         1.69500	2.00000e+00	
					         1.69667	2.00000e+00	
					         1.69833	2.00000e+00	
					         1.70000	3.00000e+00	
					         1.70167	3.00000e+00	
					         1.70333	4.00000e+00	
					         1.70500	4.00000e+00	
					         1.70667	5.00000e+00	
					         1.70833	6.00000e+00	
					         1.71000	6.00000e+00	
					         1.71167	7.00000e+00	
					         1.71333	7.00000e+00	
					         1.71500	8.00000e+00	
					         1.71667	8.00000e+00	
					         1.71833	8.00000e+00	
					         1.72000	8.00000e+00	
					         1.72167	9.00000e+00	
					         1.72333	9.00000e+00	
					         1.72500	9.00000e+00	
					         1.72667	1.00000e+01	
					         1.72833	1.00000e+01	
					         1.73000	1.10000e+01	
					         1.73167	1.10000e+01	
					         1.73333	1.20000e+01	
					         1.73500	1.20000e+01	
					         1.73667	1.30000e+01	
					         1.73833	1.30000e+01	
					         1.74000	1.40000e+01	
					         1.74167	1.40000e+01	
					         1.74333	1.50000e+01	
					         1.74500	1.60000e+01	
					         1.74667	1.60000e+01	
					         1.74833	1.70000e+01	
					         1.75000	1.70000e+01	
					         1.75167	1.80000e+01	
					         1.75333	1.80000e+01	
					         1.75500	1.80000e+01	
					         1.75667	1.80000e+01	
					         1.75833	1.90000e+01	
					         1.76000	1.90000e+01	
					         1.76167	1.90000e+01	
					         1.76333	1.90000e+01	
					         1.76500	1.90000e+01	
					         1.76667	1.90000e+01	
					         1.76833	1.80000e+01	
					         1.77000	1.80000e+01	
					         1.77167	1.80000e+01	
					         1.77333	1.80000e+01	
					         1.77500	1.80000e+01	
					         1.77667	1.80000e+01	
					         1.77833	1.80000e+01	
					         1.78000	1.90000e+01	
					         1.78167	1.90000e+01	
					         1.78333	1.90000e+01	
					         1.78500	1.90000e+01	
					         1.78667	2.00000e+01	
					         1.78833	2.00000e+01	
					         1.79000	2.10000e+01	
					         1.79167	2.20000e+01	
					         1.79333	2.20000e+01	
					         1.79500	2.30000e+01	
					         1.79667	2.40000e+01	
					         1.79833	2.40000e+01	
					         1.80000	2.50000e+01	
					         1.80167	2.50000e+01	
					         1.80333	2.50000e+01	
					         1.80500	2.50000e+01	
					         1.80667	2.50000e+01	
					         1.80833	2.40000e+01	
					         1.81000	2.30000e+01	
					         1.81167	2.20000e+01	
					         1.81333	2.10000e+01	
					         1.81500	2.00000e+01	
					         1.81667	1.80000e+01	
					         1.81833	1.70000e+01	
					         1.82000	1.50000e+01	
					         1.82167	1.40000e+01	
					         1.82333	1.20000e+01	
					         1.82500	1.10000e+01	
					         1.82667	9.00000e+00	
					         1.82833	8.00000e+00	
					         1.83000	6.00000e+00	
					         1.83167	5.00000e+00	
					         1.83333	3.00000e+00	
					         1.83500	1.00000e+00	
					         1.83667	-1.00000e+00	
					         1.83833	-3.00000e+00	
					         1.84000	-5.00000e+00	
					         1.84167	-8.00000e+00	
					         1.84333	-1.00000e+01	
					         1.84500	-1.20000e+01	
					         1.84667	-1.40000e+01	
					         1.84833	-1.70000e+01	
					         1.85000	-1.90000e+01	
					         1.85167	-2.10000e+01	
					         1.85333	-2.20000e+01	
					         1.85500	-2.40000e+01	
					         1.85667	-2.50000e+01	
					         1.85833	-2.60000e+01	
					         1.86000	-2.70000e+01	
					         1.86167	-2.80000e+01	
					         1.86333	-2.90000e+01	
					         1.86500	-2.90000e+01	
					         1.86667	-3.00000e+01	
					         1.86833	-3.00000e+01	
					         1.87000	-3.00000e+01	
					         1.87167	-3.00000e+01	
					         1.87333	-3.00000e+01	
					         1.87500	-3.00000e+01	
					         1.87667	-2.90000e+01	
					         1.87833	-2.90000e+01	
					         1.88000	-2.80000e+01	
					         1.88167	-2.80000e+01	
					         1.88333	-2.70000e+01	
					         1.88500	-2.70000e+01	
					         1.88667	-2.60000e+01	
					         1.88833	-2.60000e+01	
					         1.89000	-2.60000e+01	
					         1.89167	-2.50000e+01	
					         1.89333	-2.50000e+01	
					         1.89500	-2.40000e+01	
					         1.89667	-2.40000e+01	
					         1.89833	-2.30000e+01	
					         1.90000	-2.30000e+01	
					         1.90167	-2.30000e+01	
					         1.90333	-2.20000e+01	
					         1.90500	-2.20000e+01	
					         1.90667	-2.10000e+01	
					         1.90833	-2.00000e+01	
					         1.91000	-2.00000e+01	
					         1.91167	-1.90000e+01	
					         1.91333	-1.80000e+01	
					         1.91500	-1.70000e+01	
					         1.91667	-1.70000e+01	
					         1.91833	-1.60000e+01	
					         1.92000	-1.50000e+01	
					         1.92167	-1.50000e+01	
					         1.92333	-1.40000e+01	
					         1.92500	-1.30000e+01	
					         1.92667	-1.30000e+01	
					         1.92833	-1.20000e+01	
					         1.93000	-1.20000e+01	
					         1.93167	-1.10000e+01	
					         1.93333	-1.10000e+01	
					         1.93500	-1.00000e+01	
					         1.93667	-9.00000e+00	
					         1.93833	-8.00000e+00	
					         1.94000	-8.00000e+00	
					         1.94167	-7.00000e+00	
					         1.94333	-6.00000e+00	
					         1.94500	-6.00000e+00	
					         1.94667	-5.00000e+00	
					         1.94833	-5.00000e+00	
					         1.95000	-5.00000e+00	
					         1.95167	-5.00000e+00	
					         1.95333	-5.00000e+00	
					         1.95500	-4.00000e+00	
					         1.95667	-4.00000e+00	
					         1.95833	-4.00000e+00	
					         1.96000	-4.00000e+00	
					         1.96167	-4.00000e+00	
					         1.96333	-4.00000e+00	
					         1.96500	-4.00000e+00	
					         1.96667	-4.00000e+00	
					         1.96833	-3.00000e+00	
					         1.97000	-3.00000e+00	
					         1.97167	-3.00000e+00	
					         1.97333	-4.00000e+00	
					         1.97500	-4.00000e+00	
					         1.97667	-5.00000e+00	
					         1.97833	-5.00000e+00	
					         1.98000	-6.00000e+00	
					         1.98167	-7.00000e+00	
					         1.98333	-7.00000e+00	
					         1.98500	-8.00000e+00	
					         1.98667	-8.00000e+00	
					         1.98833	-9.00000e+00	
					         1.99000	-9.00000e+00	
					         1.99167	-1.00000e+01	
					         1.99333	-1.00000e+01	
					         1.99500	-1.00000e+01	
					         1.99667	-1.00000e+01	
					         1.99833	-1.00000e+01	
					         2.00000	-1.00000e+01	
					         2.00167	-1.00000e+01	
					         2.00333	-1.00000e+01	
					         2.00500	-9.00000e+00	
					         2.00667	-9.00000e+00	
					         2.00833	-8.00000e+00	
					         2.01000	-7.00000e+00	
					         2.01167	-7.00000e+00	
					         2.01333	-6.00000e+00	
					         2.01500	-5.00000e+00	
					         2.01667	-4.00000e+00	
					         2.01833	-3.00000e+00	
					         2.02000	-2.00000e+00	
					         2.02167	-1.00000e+00	
					         2.02333	-1.00000e+00	
					         2.02500	0.00000e+00	
					         2.02667	0.00000e+00	
					         2.02833	0.00000e+00	
					         2.03000	0.00000e+00	
					         2.03167	0.00000e+00	
					         2.03333	0.00000e+00	
					         2.03500	0.00000e+00	
					         2.03667	0.00000e+00	
					         2.03833	0.00000e+00	
					         2.04000	0.00000e+00	
					         2.04167	0.00000e+00	
					         2.04333	0.00000e+00	
					         2.04500	-1.00000e+00	
					         2.04667	-1.00000e+00	
					         2.04833	-1.00000e+00	
					         2.05000	-2.00000e+00	
					         2.05167	-2.00000e+00	
					         2.05333	-2.00000e+00	
					         2.05500	-3.00000e+00	
					         2.05667	-3.00000e+00	
					         2.05833	-4.00000e+00	
					         2.06000	-4.00000e+00	
					         2.06167	-5.00000e+00	
					         2.06333	-5.00000e+00	
					         2.06500	-5.00000e+00	
					         2.06667	-6.00000e+00	
					         2.06833	-6.00000e+00	
					         2.07000	-6.00000e+00	
					         2.07167	-6.00000e+00	
					         2.07333	-6.00000e+00	
					         2.07500	-6.00000e+00	
					         2.07667	-6.00000e+00	
					         2.07833	-6.00000e+00	
					         2.08000	-6.00000e+00	
					         2.08167	-5.00000e+00	
					         2.08333	-5.00000e+00	
					         2.08500	-5.00000e+00	
					         2.08667	-5.00000e+00	
					         2.08833	-4.00000e+00	
					         2.09000	-4.00000e+00	
					         2.09167	-4.00000e+00	
					         2.09333	-4.00000e+00	
					         2.09500	-4.00000e+00	
					         2.09667	-5.00000e+00	
					         2.09833	-5.00000e+00	
					         2.10000	-6.00000e+00	
					         2.10167	-6.00000e+00	
					         2.10333	-7.00000e+00	
					         2.10500	-8.00000e+00	
					         2.10667	-8.00000e+00	
					         2.10833	-9.00000e+00	
					         2.11000	-9.00000e+00	
					         2.11167	-9.00000e+00	
					         2.11333	-9.00000e+00	
					         2.11500	-9.00000e+00	
					         2.11667	-8.00000e+00	
					         2.11833	-8.00000e+00	
					         2.12000	-7.00000e+00	
					         2.12167	-7.00000e+00	
					         2.12333	-6.00000e+00	
					         2.12500	-6.00000e+00	
					         2.12667	-5.00000e+00	
					         2.12833	-5.00000e+00	
					         2.13000	-4.00000e+00	
					         2.13167	-4.00000e+00	
					         2.13333	-4.00000e+00	
					         2.13500	-4.00000e+00	
					         2.13667	-4.00000e+00	
					         2.13833	-4.00000e+00	
					         2.14000	-4.00000e+00	
					         2.14167	-4.00000e+00	
					         2.14333	-5.00000e+00	
					         2.14500	-5.00000e+00	
					         2.14667	-6.00000e+00	
					         2.14833	-7.00000e+00	
					         2.15000	-7.00000e+00	
					         2.15167	-8.00000e+00	
					         2.15333	-9.00000e+00	
					         2.15500	-1.00000e+01	
					         2.15667	-1.10000e+01	
					         2.15833	-1.20000e+01	
					         2.16000	-1.30000e+01	
					         2.16167	-1.30000e+01	
					         2.16333	-1.40000e+01	
					         2.16500	-1.40000e+01	
					         2.16667	-1.50000e+01	
					         2.16833	-1.50000e+01	
					         2.17000	-1.50000e+01	
					         2.17167	-1.50000e+01	
					         2.17333	-1.50000e+01	
					         2.17500	-1.50000e+01	
					         2.17667	-1.50000e+01	
					         2.17833	-1.40000e+01	
					         2.18000	-1.40000e+01	
					         2.18167	-1.30000e+01	
					         2.18333	-1.30000e+01	
					         2.18500	-1.30000e+01	
					         2.18667	-1.20000e+01	
					         2.18833	-1.20000e+01	
					         2.19000	-1.10000e+01	
					         2.19167	-1.00000e+01	
					         2.19333	-1.00000e+01	
					         2.19500	-9.00000e+00	
					         2.19667	-9.00000e+00	
					         2.19833	-8.00000e+00	
					         2.20000	-8.00000e+00	
					         2.20167	-8.00000e+00	
					         2.20333	-8.00000e+00	
					         2.20500	-8.00000e+00	
					         2.20667	-8.00000e+00	
					         2.20833	-8.00000e+00	
					         2.21000	-8.00000e+00	
					         2.21167	-9.00000e+00	
					         2.21333	-9.00000e+00	
					         2.21500	-1.00000e+01	
					         2.21667	-1.00000e+01	
					         2.21833	-1.00000e+01	
					         2.22000	-1.10000e+01	
					         2.22167	-1.10000e+01	
					         2.22333	-1.10000e+01	
					         2.22500	-1.10000e+01	
					         2.22667	-1.10000e+01	
					         2.22833	-1.20000e+01	
					         2.23000	-1.20000e+01	
					         2.23167	-1.20000e+01	
					         2.23333	-1.10000e+01	
					         2.23500	-1.10000e+01	
					         2.23667	-1.10000e+01	
					         2.23833	-1.00000e+01	
					         2.24000	-1.00000e+01	
					         2.24167	-9.00000e+00	
					         2.24333	-9.00000e+00	
					         2.24500	-9.00000e+00	
					         2.24667	-8.00000e+00	
					         2.24833	-8.00000e+00	
					         2.25000	-7.00000e+00	
					         2.25167	-6.00000e+00	
					         2.25333	-5.00000e+00	
					         2.25500	-3.00000e+00	
					         2.25667	-2.00000e+00	
					         2.25833	0.00000e+00	
					         2.26000	1.00000e+00	
					         2.26167	3.00000e+00	
					         2.26333	4.00000e+00	
					         2.26500	6.00000e+00	
					         2.26667	7.00000e+00	
					         2.26833	9.00000e+00	
					         2.27000	1.00000e+01	
					         2.27167	1.10000e+01	
					         2.27333	1.20000e+01	
					         2.27500	1.20000e+01	
					         2.27667	1.30000e+01	
					         2.27833	1.30000e+01	
					         2.28000	1.30000e+01	
					         2.28167	1.20000e+01	
					         2.28333	1.20000e+01	
					         2.28500	1.20000e+01	
					         2.28667	1.20000e+01	
					         2.28833	1.20000e+01	
					         2.29000	1.20000e+01	
					         2.29167	1.20000e+01	
					         2.29333	1.30000e+01	
					         2.29500	1.30000e+01	
					         2.29667	1.40000e+01	
					         2.29833	1.50000e+01	
					         2.30000	1.60000e+01	
					         2.30167	1.80000e+01	
					         2.30333	1.90000e+01	
					         2.30500	2.00000e+01	
					         2.30667	2.20000e+01	
					         2.30833	2.30000e+01	
					         2.31000	2.40000e+01	
					         2.31167	2.50000e+01	
					         2.31333	2.50000e+01	
					         2.31500	2.60000e+01	
					         2.31667	2.60000e+01	
					         2.31833	2.60000e+01	
					         2.32000	2.60000e+01	
					         2.32167	2.50000e+01	
					         2.32333	2.50000e+01	
					         2.32500	2.40000e+01	
					         2.32667	2.40000e+01	
					         2.32833	2.40000e+01	
					         2.33000	2.40000e+01	
					         2.33167	2.40000e+01	
					         2.33333	2.40000e+01	
					         2.33500	2.50000e+01	
					         2.33667	2.60000e+01	
					         2.33833	2.70000e+01	
					         2.34000	2.80000e+01	
					         2.34167	3.00000e+01	
					         2.34333	3.10000e+01	
					         2.34500	3.20000e+01	
					         2.34667	3.30000e+01	
					         2.34833	3.50000e+01	
					         2.35000	3.60000e+01	
					         2.35167	3.70000e+01	
					         2.35333	3.80000e+01	
					         2.35500	3.90000e+01	
					         2.35667	4.10000e+01	
					         2.35833	4.20000e+01	
					         2.36000	4.40000e+01	
					         2.36167	4.50000e+01	
					         2.36333	4.60000e+01	
					         2.36500	4.80000e+01	
					         2.36667	4.90000e+01	
					         2.36833	5.10000e+01	
					         2.37000	5.10000e+01	
					         2.37167	5.20000e+01	
					         2.37333	5.10000e+01	
					         2.37500	4.80000e+01	
					         2.37667	4.40000e+01	
					         2.37833	3.80000e+01	
					         2.38000	3.10000e+01	
					         2.38167	2.10000e+01	
					         2.38333	1.00000e+01	
					         2.38500	-2.00000e+00	
					         2.38667	-1.40000e+01	
					         2.38833	-2.70000e+01	
					         2.39000	-3.90000e+01	
					         2.39167	-5.10000e+01	
					         2.39333	-6.10000e+01	
					         2.39500	-6.90000e+01	
					         2.39667	-7.60000e+01	
					         2.39833	-8.00000e+01	
					         2.40000	-8.10000e+01	
					         2.40167	-8.00000e+01	
					         2.40333	-7.60000e+01	
					         2.40500	-7.10000e+01	
					         2.40667	-6.40000e+01	
					         2.40833	-5.60000e+01	
					         2.41000	-4.80000e+01	
					         2.41167	-3.90000e+01	
					         2.41333	-3.00000e+01	
					         2.41500	-2.20000e+01	
					         2.41667	-1.30000e+01	
					         2.41833	-6.00000e+00	
					         2.42000	1.00000e+00	
					         2.42167	7.00000e+00	
					         2.42333	1.20000e+01	
					         2.42500	1.60000e+01	
					         2.42667	1.90000e+01	
					         2.42833	2.10000e+01	
					         2.43000	2.30000e+01	
					         2.43167	2.40000e+01	
					         2.43333	2.40000e+01	
					         2.43500	2.40000e+01	
					         2.43667	2.40000e+01	
					         2.43833	2.30000e+01	
