Grayscale intensity, in dB

Time (s) :	Trace 1 : 	Trace 2 : 	Trace 3 : 		Ecg : 		
0.00019   	-2.60717e+01	-3.83111e+01	-3.36670e+01		         0.00000	1.21000e+02	
0.01975   	-2.62386e+01	-3.91161e+01	-3.25346e+01		         0.00167	1.04000e+02	
0.03961   	-2.68444e+01	-3.82273e+01	-3.15390e+01		         0.00333	8.30000e+01	
0.05946   	-2.79496e+01	-3.80106e+01	-3.60528e+01		         0.00500	5.70000e+01	
0.07931   	-2.95569e+01	-3.65159e+01	-3.67508e+01		         0.00667	2.70000e+01	
0.09916   	-3.11995e+01	-3.80767e+01	-3.50021e+01		         0.00833	-5.00000e+00	
0.11901   	-3.18641e+01	-3.82308e+01	-3.48324e+01		         0.01000	-3.80000e+01	
0.13887   	-3.07691e+01	-3.73246e+01	-3.50379e+01		         0.01167	-7.10000e+01	
0.15872   	-2.87446e+01	-3.68360e+01	-3.67136e+01		         0.01333	-1.04000e+02	
0.17857   	-2.86873e+01	-3.83196e+01	-3.54804e+01		         0.01500	-1.33000e+02	
0.19842   	-3.04349e+01	-4.16189e+01	-3.65401e+01		         0.01667	-1.59000e+02	
0.21828   	-3.09871e+01	-4.13572e+01	-3.67323e+01		         0.01833	-1.80000e+02	
0.23813   	-3.15343e+01	-4.50745e+01	-3.65157e+01		         0.02000	-1.95000e+02	
0.25798   	-3.11071e+01	-4.65763e+01	-3.60430e+01		         0.02167	-2.06000e+02	
0.27783   	-3.05873e+01	-4.80735e+01	-3.47602e+01		         0.02333	-2.11000e+02	
0.29768   	-3.05802e+01	-4.95357e+01	-3.35760e+01		         0.02500	-2.10000e+02	
0.31754   	-3.03606e+01	-4.90123e+01	-3.43698e+01		         0.02667	-2.05000e+02	
0.33739   	-2.96447e+01	-4.93311e+01	-3.39904e+01		         0.02833	-1.95000e+02	
0.35724   	-2.96122e+01	-4.86979e+01	-3.29707e+01		         0.03000	-1.82000e+02	
0.37710   	-3.22773e+01	-5.12572e+01	-3.21562e+01		         0.03167	-1.66000e+02	
0.39695   	-3.36047e+01	-5.10178e+01	-3.24851e+01		         0.03333	-1.49000e+02	
0.41680   	-3.35246e+01	-5.01012e+01	-3.23842e+01		         0.03500	-1.30000e+02	
0.43665   	-3.08961e+01	-5.00853e+01	-3.12069e+01		         0.03667	-1.11000e+02	
0.45650   	-3.21043e+01	-4.85794e+01	-3.27458e+01		         0.03833	-9.30000e+01	
0.47636   	-3.52169e+01	-5.05710e+01	-3.18408e+01		         0.04000	-7.60000e+01	
0.49621   	-3.52367e+01	-4.95676e+01	-3.37220e+01		         0.04167	-6.00000e+01	
0.51606   	-3.46716e+01	-4.99520e+01	-3.23801e+01		         0.04333	-4.50000e+01	
0.53591   	-3.29549e+01	-4.89273e+01	-3.45480e+01		         0.04500	-3.30000e+01	
0.55577   	-3.33826e+01	-4.90907e+01	-3.52306e+01		         0.04667	-2.20000e+01	
0.57562   	-3.31502e+01	-4.72157e+01	-3.33681e+01		         0.04833	-1.30000e+01	
0.59547   	-3.20312e+01	-4.75762e+01	-3.32590e+01		         0.05000	-6.00000e+00	
0.61532   	-3.16707e+01	-4.62106e+01	-3.32830e+01		         0.05167	0.00000e+00	
0.63518   	-3.19240e+01	-4.63518e+01	-3.31032e+01		         0.05333	4.00000e+00	
0.65503   	-3.23543e+01	-4.69140e+01	-3.24577e+01		         0.05500	7.00000e+00	
0.67488   	-3.21971e+01	-4.64935e+01	-3.07662e+01		         0.05667	9.00000e+00	
0.69473   	-3.18872e+01	-4.67742e+01	-3.16665e+01		         0.05833	1.10000e+01	
0.71486   	-3.14063e+01	-4.61164e+01	-3.23250e+01		         0.06000	1.20000e+01	
0.73444   	-3.09997e+01	-4.48967e+01	-3.29914e+01		         0.06167	1.40000e+01	
0.75429   	-3.09610e+01	-4.41079e+01	-3.28464e+01		         0.06333	1.50000e+01	
0.77414   	-3.16155e+01	-4.49534e+01	-3.31704e+01		         0.06500	1.70000e+01	
0.79399   	-3.24842e+01	-4.52236e+01	-3.36649e+01		         0.06667	1.90000e+01	
0.81385   	-3.21081e+01	-4.69981e+01	-3.32250e+01		         0.06833	2.00000e+01	
0.83370   	-3.21970e+01	-4.78685e+01	-3.30239e+01		         0.07000	2.20000e+01	
0.85355   	-3.31986e+01	-4.96859e+01	-3.18718e+01		         0.07167	2.40000e+01	
0.87340   	-3.37185e+01	-4.93647e+01	-3.27367e+01		         0.07333	2.70000e+01	
0.89326   	-3.34676e+01	-4.92421e+01	-3.36843e+01		         0.07500	2.90000e+01	
0.91332   	-3.36808e+01	-4.83838e+01	-3.52034e+01		         0.07667	3.30000e+01	
0.93296   	-3.42172e+01	-4.85961e+01	-3.36373e+01		         0.07833	3.60000e+01	
0.95281   	-3.35918e+01	-4.46922e+01	-3.47357e+01		         0.08000	3.90000e+01	
0.97266   	-3.46401e+01	-4.52271e+01	-3.38837e+01		         0.08167	4.10000e+01	
0.99252   	-3.44144e+01	-4.30863e+01	-3.47233e+01		         0.08333	4.30000e+01	
1.01237   	-3.45103e+01	-4.07463e+01	-3.70820e+01		         0.08500	4.50000e+01	
1.03223   	-3.46577e+01	-3.91595e+01	-3.49591e+01		         0.08667	4.50000e+01	
1.05208   	-3.46902e+01	-4.03976e+01	-3.49504e+01		         0.08833	4.50000e+01	
1.07193   	-3.28972e+01	-3.87101e+01	-3.49049e+01		         0.09000	4.40000e+01	
1.09178   	-3.11161e+01	-3.95555e+01	-3.59265e+01		         0.09167	4.20000e+01	
1.11163   	-3.14725e+01	-3.95897e+01	-3.49993e+01		         0.09333	4.00000e+01	
1.13148   	-3.15359e+01	-4.12255e+01	-3.44551e+01		         0.09500	3.70000e+01	
1.15134   	-3.14211e+01	-4.16048e+01	-3.41037e+01		         0.09667	3.40000e+01	
1.17119   	-3.10490e+01	-4.35436e+01	-3.45668e+01		         0.09833	3.00000e+01	
1.19104   	-3.05825e+01	-4.45952e+01	-3.44329e+01		         0.10000	2.60000e+01	
1.21089   	-3.00199e+01	-4.57167e+01	-3.39496e+01		         0.10167	2.10000e+01	
1.23075   	-2.83920e+01	-4.71288e+01	-3.21884e+01		         0.10333	1.70000e+01	
1.25060   	-2.78618e+01	-4.74451e+01	-3.14581e+01		         0.10500	1.20000e+01	
1.27045   	-2.86710e+01	-4.75860e+01	-3.21314e+01		         0.10667	9.00000e+00	
1.29030   	-2.97297e+01	-4.82601e+01	-3.00653e+01		         0.10833	6.00000e+00	
1.31015   	-2.97675e+01	-4.90695e+01	-2.88316e+01		         0.11000	3.00000e+00	
1.33001   	-3.07206e+01	-4.79691e+01	-3.02092e+01		         0.11167	1.00000e+00	
1.34986   	-3.16736e+01	-4.96089e+01	-3.15671e+01		         0.11333	-1.00000e+00	
1.36971   	-3.11000e+01	-4.78038e+01	-3.04347e+01		         0.11500	-2.00000e+00	
1.38957   	-3.34127e+01	-4.49592e+01	-3.28203e+01		         0.11667	-3.00000e+00	
1.40942   	-3.47901e+01	-4.57758e+01	-3.19096e+01		         0.11833	-4.00000e+00	
1.42927   	-3.52159e+01	-4.54765e+01	-3.40585e+01		         0.12000	-4.00000e+00	
1.44912   	-3.48889e+01	-4.54248e+01	-3.32237e+01		         0.12167	-3.00000e+00	
1.46897   	-3.29767e+01	-4.48498e+01	-3.30640e+01		         0.12333	-2.00000e+00	
1.48882   	-3.23572e+01	-4.53999e+01	-3.17006e+01		         0.12500	0.00000e+00	
1.50868   	-3.24527e+01	-4.68034e+01	-3.15481e+01		         0.12667	1.00000e+00	
1.52853   	-3.17814e+01	-4.64356e+01	-3.03739e+01		         0.12833	3.00000e+00	
1.54838   	-3.10973e+01	-4.46618e+01	-3.01139e+01		         0.13000	6.00000e+00	
1.56824   	-3.10671e+01	-4.38225e+01	-2.96383e+01		         0.13167	8.00000e+00	
1.58809   	-3.09931e+01	-4.40956e+01	-2.93589e+01		         0.13333	1.00000e+01	
1.60794   	-3.08005e+01	-4.41088e+01	-2.95927e+01		         0.13500	1.20000e+01	
1.62779   	-3.01984e+01	-4.48602e+01	-2.98576e+01		         0.13667	1.30000e+01	
1.64765   	-2.95269e+01	-4.54542e+01	-3.02360e+01		         0.13833	1.50000e+01	
1.66750   	-2.92980e+01	-4.44249e+01	-3.07800e+01		         0.14000	1.50000e+01	
1.68735   	-2.91669e+01	-4.37363e+01	-3.09334e+01		         0.14167	1.60000e+01	
1.70720   	-3.05212e+01	-4.64190e+01	-3.08040e+01		         0.14333	1.60000e+01	
1.72705   	-3.29894e+01	-4.76604e+01	-3.05821e+01		         0.14500	1.70000e+01	
1.74691   	-3.37534e+01	-4.67854e+01	-3.04533e+01		         0.14667	1.70000e+01	
1.76676   	-3.48839e+01	-4.77274e+01	-3.10614e+01		         0.14833	1.80000e+01	
1.78661   	-3.44864e+01	-4.80300e+01	-3.09551e+01		         0.15000	1.90000e+01	
1.80646   	-3.47787e+01	-4.97457e+01	-3.12178e+01		         0.15167	2.00000e+01	
1.82631   	-3.41764e+01	-4.87335e+01	-2.98210e+01		         0.15333	2.10000e+01	
1.84617   	-3.42362e+01	-5.04127e+01	-2.89100e+01		         0.15500	2.30000e+01	
1.86602   	-3.38307e+01	-4.57648e+01	-3.01640e+01		         0.15667	2.40000e+01	
1.88587   	-3.38315e+01	-4.48241e+01	-3.57528e+01		         0.15833	2.60000e+01	
1.90573   	-3.38364e+01	-4.32607e+01	-3.25808e+01		         0.16000	2.90000e+01	
1.92558   	-3.42295e+01	-4.20442e+01	-3.27491e+01		         0.16167	3.10000e+01	
1.94543   	-3.41748e+01	-4.05593e+01	-3.68370e+01		         0.16333	3.40000e+01	
1.96528   	-3.39444e+01	-3.95165e+01	-3.90840e+01		         0.16500	3.60000e+01	
1.98514   	-3.43176e+01	-3.97966e+01	-3.64662e+01		         0.16667	3.80000e+01	
2.00499   	-3.47985e+01	-4.22401e+01	-3.54403e+01		         0.16833	4.00000e+01	
2.02484   	-3.36293e+01	-4.05635e+01	-3.41271e+01		         0.17000	4.20000e+01	
2.04469   	-3.33147e+01	-4.12560e+01	-3.37073e+01		         0.17167	4.30000e+01	
2.06454   	-3.32028e+01	-4.31439e+01	-3.22966e+01		         0.17333	4.30000e+01	
2.08440   	-3.28743e+01	-4.59087e+01	-3.20938e+01		         0.17500	4.30000e+01	
2.10425   	-3.19143e+01	-4.88532e+01	-3.15678e+01		         0.17667	4.20000e+01	
2.12410   	-3.00726e+01	-5.02195e+01	-3.02475e+01		         0.17833	4.10000e+01	
2.14395   	-2.98331e+01	-5.04044e+01	-3.02049e+01		         0.18000	3.90000e+01	
2.16381   	-2.98896e+01	-5.06687e+01	-3.06966e+01		         0.18167	3.60000e+01	
2.18366   	-3.03485e+01	-5.25199e+01	-3.13192e+01		         0.18333	3.40000e+01	
2.20351   	-3.08595e+01	-5.10718e+01	-3.09948e+01		         0.18500	3.10000e+01	
2.22336   	-3.05587e+01	-5.20792e+01	-3.13910e+01		         0.18667	2.80000e+01	
2.24321   	-3.09868e+01	-5.39608e+01	-3.14557e+01		         0.18833	2.50000e+01	
2.26307   	-3.29614e+01	-5.36982e+01	-3.03428e+01		         0.19000	2.30000e+01	
2.28292   	-3.35861e+01	-5.18470e+01	-2.90954e+01		         0.19167	2.10000e+01	
2.30277   	-3.24887e+01	-5.22848e+01	-3.05202e+01		         0.19333	1.90000e+01	
2.32262   	-3.46528e+01	-4.95702e+01	-3.10223e+01		         0.19500	1.80000e+01	
2.34248   	-3.57900e+01	-5.18066e+01	-3.20595e+01		         0.19667	1.80000e+01	
2.36233   	-3.76286e+01	-5.19062e+01	-3.38560e+01		         0.19833	1.80000e+01	
2.38218   	-3.68690e+01	-4.93802e+01	-3.25012e+01		         0.20000	1.90000e+01	
2.40203   	-3.53630e+01	-4.91362e+01	-3.12096e+01		         0.20167	2.00000e+01	
2.42188   	-3.45532e+01	-5.12371e+01	-2.95530e+01		         0.20333	2.20000e+01	
2.44174   	-3.51162e+01	-5.18266e+01	-2.88913e+01		         0.20500	2.30000e+01	
2.46159   	-3.42220e+01	-5.16275e+01	-2.87853e+01		         0.20667	2.50000e+01	
2.48144   	-3.40394e+01	-5.04211e+01	-2.91912e+01		         0.20833	2.80000e+01	
2.50130   	-3.39171e+01	-5.02264e+01	-2.86020e+01		         0.21000	3.00000e+01	
2.52115   	-3.37001e+01	-5.05287e+01	-2.83614e+01		         0.21167	3.30000e+01	
2.54100   	-3.26866e+01	-4.94911e+01	-2.83525e+01		         0.21333	3.50000e+01	
2.56086   	-3.19843e+01	-4.93367e+01	-2.86636e+01		         0.21500	3.80000e+01	
2.58071   	-3.13332e+01	-4.86235e+01	-2.94068e+01		         0.21667	4.20000e+01	
2.60056   	-3.07772e+01	-4.75407e+01	-2.99559e+01		         0.21833	4.50000e+01	
2.62041   	-3.05318e+01	-4.71812e+01	-3.00647e+01		         0.22000	4.80000e+01	
2.64026   	-3.05171e+01	-4.67131e+01	-2.96688e+01		         0.22167	5.10000e+01	
2.66011   	-3.28830e+01	-4.70965e+01	-2.93250e+01		         0.22333	5.30000e+01	
2.67997   	-3.55868e+01	-4.85704e+01	-2.92281e+01		         0.22500	5.50000e+01	
2.69982   	-3.70366e+01	-5.01587e+01	-2.97699e+01		         0.22667	5.70000e+01	
2.71967   	-3.64321e+01	-5.07387e+01	-2.93810e+01		         0.22833	5.80000e+01	
2.73964   	-3.61916e+01	-5.24577e+01	-2.80741e+01		         0.23000	5.80000e+01	
2.75938   	-3.62653e+01	-5.13726e+01	-2.91905e+01		         0.23167	5.80000e+01	
2.77923   	-3.58055e+01	-5.14705e+01	-2.83208e+01		         0.23333	5.70000e+01	
2.79908   	-3.64136e+01	-5.09577e+01	-2.51492e+01		         0.23500	5.50000e+01	
2.81893   	-3.60040e+01	-4.96015e+01	-3.12507e+01		         0.23667	5.30000e+01	
2.83878   	-3.55014e+01	-4.77379e+01	-3.20030e+01		         0.23833	5.10000e+01	
2.85864   	-3.50988e+01	-4.62704e+01	-3.27441e+01		         0.24000	4.90000e+01	
					         0.24167	4.70000e+01	
					         0.24333	4.50000e+01	
					         0.24500	4.40000e+01	
					         0.24667	4.30000e+01	
					         0.24833	4.20000e+01	
					         0.25000	4.20000e+01	
					         0.25167	4.20000e+01	
					         0.25333	4.30000e+01	
					         0.25500	4.30000e+01	
					         0.25667	4.40000e+01	
					         0.25833	4.40000e+01	
					         0.26000	4.30000e+01	
					         0.26167	4.30000e+01	
					         0.26333	4.20000e+01	
					         0.26500	4.10000e+01	
					         0.26667	3.90000e+01	
					         0.26833	3.80000e+01	
					         0.27000	3.60000e+01	
					         0.27167	3.50000e+01	
					         0.27333	3.40000e+01	
					         0.27500	3.30000e+01	
					         0.27667	3.30000e+01	
					         0.27833	3.30000e+01	
					         0.28000	3.20000e+01	
					         0.28167	3.20000e+01	
					         0.28333	3.20000e+01	
					         0.28500	3.20000e+01	
					         0.28667	3.10000e+01	
					         0.28833	3.00000e+01	
					         0.29000	2.80000e+01	
					         0.29167	2.60000e+01	
					         0.29333	2.40000e+01	
					         0.29500	2.10000e+01	
					         0.29667	1.80000e+01	
					         0.29833	1.60000e+01	
					         0.30000	1.30000e+01	
					         0.30167	1.00000e+01	
					         0.30333	7.00000e+00	
					         0.30500	5.00000e+00	
					         0.30667	3.00000e+00	
					         0.30833	2.00000e+00	
					         0.31000	1.00000e+00	
					         0.31167	0.00000e+00	
					         0.31333	-2.00000e+00	
					         0.31500	-3.00000e+00	
					         0.31667	-5.00000e+00	
					         0.31833	-7.00000e+00	
					         0.32000	-9.00000e+00	
					         0.32167	-1.10000e+01	
					         0.32333	-1.40000e+01	
					         0.32500	-1.70000e+01	
					         0.32667	-1.90000e+01	
					         0.32833	-2.20000e+01	
					         0.33000	-2.40000e+01	
					         0.33167	-2.60000e+01	
					         0.33333	-2.80000e+01	
					         0.33500	-2.90000e+01	
					         0.33667	-3.00000e+01	
					         0.33833	-3.10000e+01	
					         0.34000	-3.10000e+01	
					         0.34167	-3.10000e+01	
					         0.34333	-3.20000e+01	
					         0.34500	-3.20000e+01	
					         0.34667	-3.20000e+01	
					         0.34833	-3.30000e+01	
					         0.35000	-3.40000e+01	
					         0.35167	-3.50000e+01	
					         0.35333	-3.70000e+01	
					         0.35500	-3.80000e+01	
					         0.35667	-4.00000e+01	
					         0.35833	-4.10000e+01	
					         0.36000	-4.20000e+01	
					         0.36167	-4.30000e+01	
					         0.36333	-4.40000e+01	
					         0.36500	-4.40000e+01	
					         0.36667	-4.30000e+01	
					         0.36833	-4.30000e+01	
					         0.37000	-4.20000e+01	
					         0.37167	-4.10000e+01	
					         0.37333	-3.90000e+01	
					         0.37500	-3.80000e+01	
					         0.37667	-3.60000e+01	
					         0.37833	-3.50000e+01	
					         0.38000	-3.40000e+01	
					         0.38167	-3.30000e+01	
					         0.38333	-3.30000e+01	
					         0.38500	-3.30000e+01	
					         0.38667	-3.30000e+01	
					         0.38833	-3.40000e+01	
					         0.39000	-3.40000e+01	
					         0.39167	-3.30000e+01	
					         0.39333	-3.30000e+01	
					         0.39500	-3.20000e+01	
					         0.39667	-3.20000e+01	
					         0.39833	-3.10000e+01	
					         0.40000	-2.90000e+01	
					         0.40167	-2.70000e+01	
					         0.40333	-2.60000e+01	
					         0.40500	-2.40000e+01	
					         0.40667	-2.20000e+01	
					         0.40833	-2.00000e+01	
					         0.41000	-1.90000e+01	
					         0.41167	-1.80000e+01	
					         0.41333	-1.60000e+01	
					         0.41500	-1.50000e+01	
					         0.41667	-1.30000e+01	
					         0.41833	-1.10000e+01	
					         0.42000	-9.00000e+00	
					         0.42167	-7.00000e+00	
					         0.42333	-6.00000e+00	
					         0.42500	-4.00000e+00	
					         0.42667	-3.00000e+00	
					         0.42833	-3.00000e+00	
					         0.43000	-3.00000e+00	
					         0.43167	-3.00000e+00	
					         0.43333	-3.00000e+00	
					         0.43500	-4.00000e+00	
					         0.43667	-5.00000e+00	
					         0.43833	-7.00000e+00	
					         0.44000	-9.00000e+00	
					         0.44167	-1.00000e+01	
					         0.44333	-1.20000e+01	
					         0.44500	-1.30000e+01	
					         0.44667	-1.40000e+01	
					         0.44833	-1.40000e+01	
					         0.45000	-1.40000e+01	
					         0.45167	-1.40000e+01	
					         0.45333	-1.40000e+01	
					         0.45500	-1.30000e+01	
					         0.45667	-1.20000e+01	
					         0.45833	-1.00000e+01	
					         0.46000	-9.00000e+00	
					         0.46167	-8.00000e+00	
					         0.46333	-6.00000e+00	
					         0.46500	-5.00000e+00	
					         0.46667	-5.00000e+00	
					         0.46833	-4.00000e+00	
					         0.47000	-4.00000e+00	
					         0.47167	-3.00000e+00	
					         0.47333	-3.00000e+00	
					         0.47500	-4.00000e+00	
					         0.47667	-4.00000e+00	
					         0.47833	-5.00000e+00	
					         0.48000	-7.00000e+00	
					         0.48167	-8.00000e+00	
					         0.48333	-9.00000e+00	
					         0.48500	-1.00000e+01	
					         0.48667	-1.00000e+01	
					         0.48833	-1.10000e+01	
					         0.49000	-1.10000e+01	
					         0.49167	-1.10000e+01	
					         0.49333	-1.10000e+01	
					         0.49500	-1.10000e+01	
					         0.49667	-1.10000e+01	
					         0.49833	-1.10000e+01	
					         0.50000	-1.10000e+01	
					         0.50167	-1.10000e+01	
					         0.50333	-1.20000e+01	
					         0.50500	-1.20000e+01	
					         0.50667	-1.20000e+01	
					         0.50833	-1.30000e+01	
					         0.51000	-1.40000e+01	
					         0.51167	-1.40000e+01	
					         0.51333	-1.50000e+01	
					         0.51500	-1.50000e+01	
					         0.51667	-1.50000e+01	
					         0.51833	-1.50000e+01	
					         0.52000	-1.50000e+01	
					         0.52167	-1.50000e+01	
					         0.52333	-1.50000e+01	
					         0.52500	-1.50000e+01	
					         0.52667	-1.50000e+01	
					         0.52833	-1.50000e+01	
					         0.53000	-1.50000e+01	
					         0.53167	-1.40000e+01	
					         0.53333	-1.40000e+01	
					         0.53500	-1.30000e+01	
					         0.53667	-1.30000e+01	
					         0.53833	-1.20000e+01	
					         0.54000	-1.10000e+01	
					         0.54167	-9.00000e+00	
					         0.54333	-8.00000e+00	
					         0.54500	-7.00000e+00	
					         0.54667	-6.00000e+00	
					         0.54833	-5.00000e+00	
					         0.55000	-4.00000e+00	
					         0.55167	-3.00000e+00	
					         0.55333	-3.00000e+00	
					         0.55500	-3.00000e+00	
					         0.55667	-3.00000e+00	
					         0.55833	-4.00000e+00	
					         0.56000	-5.00000e+00	
					         0.56167	-6.00000e+00	
					         0.56333	-7.00000e+00	
					         0.56500	-8.00000e+00	
					         0.56667	-9.00000e+00	
					         0.56833	-9.00000e+00	
					         0.57000	-1.00000e+01	
					         0.57167	-1.00000e+01	
					         0.57333	-1.10000e+01	
					         0.57500	-1.20000e+01	
					         0.57667	-1.30000e+01	
					         0.57833	-1.40000e+01	
					         0.58000	-1.40000e+01	
					         0.58167	-1.40000e+01	
					         0.58333	-1.40000e+01	
					         0.58500	-1.40000e+01	
					         0.58667	-1.30000e+01	
					         0.58833	-1.30000e+01	
					         0.59000	-1.20000e+01	
					         0.59167	-1.20000e+01	
					         0.59333	-1.10000e+01	
					         0.59500	-1.10000e+01	
					         0.59667	-1.00000e+01	
					         0.59833	-1.00000e+01	
					         0.60000	-1.00000e+01	
					         0.60167	-1.10000e+01	
					         0.60333	-1.20000e+01	
					         0.60500	-1.30000e+01	
					         0.60667	-1.50000e+01	
					         0.60833	-1.60000e+01	
					         0.61000	-1.70000e+01	
					         0.61167	-1.70000e+01	
					         0.61333	-1.70000e+01	
					         0.61500	-1.70000e+01	
					         0.61667	-1.60000e+01	
					         0.61833	-1.50000e+01	
					         0.62000	-1.30000e+01	
					         0.62167	-1.10000e+01	
					         0.62333	-9.00000e+00	
					         0.62500	-7.00000e+00	
					         0.62667	-5.00000e+00	
					         0.62833	-3.00000e+00	
					         0.63000	-2.00000e+00	
					         0.63167	-1.00000e+00	
					         0.63333	-1.00000e+00	
					         0.63500	-2.00000e+00	
					         0.63667	-3.00000e+00	
					         0.63833	-4.00000e+00	
					         0.64000	-6.00000e+00	
					         0.64167	-9.00000e+00	
					         0.64333	-1.10000e+01	
					         0.64500	-1.40000e+01	
					         0.64667	-1.60000e+01	
					         0.64833	-1.80000e+01	
					         0.65000	-2.00000e+01	
					         0.65167	-2.20000e+01	
					         0.65333	-2.20000e+01	
					         0.65500	-2.30000e+01	
					         0.65667	-2.20000e+01	
					         0.65833	-2.10000e+01	
					         0.66000	-2.00000e+01	
					         0.66167	-1.80000e+01	
					         0.66333	-1.70000e+01	
					         0.66500	-1.50000e+01	
					         0.66667	-1.40000e+01	
					         0.66833	-1.30000e+01	
					         0.67000	-1.20000e+01	
					         0.67167	-1.10000e+01	
					         0.67333	-1.10000e+01	
					         0.67500	-1.00000e+01	
					         0.67667	-1.00000e+01	
					         0.67833	-1.00000e+01	
					         0.68000	-1.00000e+01	
					         0.68167	-9.00000e+00	
					         0.68333	-9.00000e+00	
					         0.68500	-8.00000e+00	
					         0.68667	-7.00000e+00	
					         0.68833	-6.00000e+00	
					         0.69000	-4.00000e+00	
					         0.69167	-2.00000e+00	
					         0.69333	0.00000e+00	
					         0.69500	1.00000e+00	
					         0.69667	3.00000e+00	
					         0.69833	4.00000e+00	
					         0.70000	6.00000e+00	
					         0.70167	8.00000e+00	
					         0.70333	9.00000e+00	
					         0.70500	1.00000e+01	
					         0.70667	1.10000e+01	
					         0.70833	1.10000e+01	
					         0.71000	1.10000e+01	
					         0.71167	1.10000e+01	
					         0.71333	1.00000e+01	
					         0.71500	8.00000e+00	
					         0.71667	7.00000e+00	
					         0.71833	5.00000e+00	
					         0.72000	3.00000e+00	
					         0.72167	1.00000e+00	
					         0.72333	-1.00000e+00	
					         0.72500	-3.00000e+00	
					         0.72667	-6.00000e+00	
					         0.72833	-8.00000e+00	
					         0.73000	-9.00000e+00	
					         0.73167	-1.10000e+01	
					         0.73333	-1.30000e+01	
					         0.73500	-1.40000e+01	
					         0.73667	-1.50000e+01	
					         0.73833	-1.60000e+01	
					         0.74000	-1.70000e+01	
					         0.74167	-1.70000e+01	
					         0.74333	-1.70000e+01	
					         0.74500	-1.70000e+01	
					         0.74667	-1.70000e+01	
					         0.74833	-1.70000e+01	
					         0.75000	-1.60000e+01	
					         0.75167	-1.60000e+01	
					         0.75333	-1.50000e+01	
					         0.75500	-1.50000e+01	
					         0.75667	-1.50000e+01	
					         0.75833	-1.50000e+01	
					         0.76000	-1.40000e+01	
					         0.76167	-1.40000e+01	
					         0.76333	-1.40000e+01	
					         0.76500	-1.40000e+01	
					         0.76667	-1.40000e+01	
					         0.76833	-1.30000e+01	
					         0.77000	-1.30000e+01	
					         0.77167	-1.20000e+01	
					         0.77333	-1.10000e+01	
					         0.77500	-1.00000e+01	
					         0.77667	-9.00000e+00	
					         0.77833	-8.00000e+00	
					         0.78000	-8.00000e+00	
					         0.78167	-8.00000e+00	
					         0.78333	-8.00000e+00	
					         0.78500	-9.00000e+00	
					         0.78667	-1.00000e+01	
					         0.78833	-1.00000e+01	
					         0.79000	-1.10000e+01	
					         0.79167	-1.10000e+01	
					         0.79333	-1.10000e+01	
					         0.79500	-1.20000e+01	
					         0.79667	-1.20000e+01	
					         0.79833	-1.30000e+01	
					         0.80000	-1.40000e+01	
					         0.80167	-1.40000e+01	
					         0.80333	-1.50000e+01	
					         0.80500	-1.60000e+01	
					         0.80667	-1.60000e+01	
					         0.80833	-1.70000e+01	
					         0.81000	-1.80000e+01	
					         0.81167	-1.80000e+01	
					         0.81333	-1.80000e+01	
					         0.81500	-1.80000e+01	
					         0.81667	-1.70000e+01	
					         0.81833	-1.60000e+01	
					         0.82000	-1.40000e+01	
					         0.82167	-1.30000e+01	
					         0.82333	-1.10000e+01	
					         0.82500	-1.00000e+01	
					         0.82667	-8.00000e+00	
					         0.82833	-7.00000e+00	
					         0.83000	-7.00000e+00	
					         0.83167	-6.00000e+00	
					         0.83333	-6.00000e+00	
					         0.83500	-6.00000e+00	
					         0.83667	-6.00000e+00	
					         0.83833	-7.00000e+00	
					         0.84000	-7.00000e+00	
					         0.84167	-8.00000e+00	
					         0.84333	-8.00000e+00	
					         0.84500	-8.00000e+00	
					         0.84667	-8.00000e+00	
					         0.84833	-8.00000e+00	
					         0.85000	-8.00000e+00	
					         0.85167	-8.00000e+00	
					         0.85333	-7.00000e+00	
					         0.85500	-7.00000e+00	
					         0.85667	-7.00000e+00	
					         0.85833	-7.00000e+00	
					         0.86000	-7.00000e+00	
					         0.86167	-7.00000e+00	
					         0.86333	-7.00000e+00	
					         0.86500	-8.00000e+00	
					         0.86667	-8.00000e+00	
					         0.86833	-9.00000e+00	
					         0.87000	-1.00000e+01	
					         0.87167	-1.10000e+01	
					         0.87333	-1.20000e+01	
					         0.87500	-1.20000e+01	
					         0.87667	-1.20000e+01	
					         0.87833	-1.10000e+01	
					         0.88000	-1.00000e+01	
					         0.88167	-8.00000e+00	
					         0.88333	-6.00000e+00	
					         0.88500	-4.00000e+00	
					         0.88667	-1.00000e+00	
					         0.88833	1.00000e+00	
					         0.89000	4.00000e+00	
					         0.89167	6.00000e+00	
					         0.89333	8.00000e+00	
					         0.89500	1.00000e+01	
					         0.89667	1.10000e+01	
					         0.89833	1.20000e+01	
					         0.90000	1.30000e+01	
					         0.90167	1.40000e+01	
					         0.90333	1.50000e+01	
					         0.90500	1.60000e+01	
					         0.90667	1.80000e+01	
					         0.90833	2.00000e+01	
					         0.91000	2.40000e+01	
					         0.91167	2.80000e+01	
					         0.91333	3.30000e+01	
					         0.91500	4.00000e+01	
					         0.91667	4.80000e+01	
					         0.91833	5.60000e+01	
					         0.92000	6.60000e+01	
					         0.92167	7.60000e+01	
					         0.92333	8.60000e+01	
					         0.92500	9.60000e+01	
					         0.92667	1.06000e+02	
					         0.92833	1.14000e+02	
					         0.93000	1.21000e+02	
					         0.93167	1.25000e+02	
					         0.93333	1.25000e+02	
					         0.93500	1.22000e+02	
					         0.93667	1.14000e+02	
					         0.93833	1.01000e+02	
					         0.94000	8.40000e+01	
					         0.94167	6.30000e+01	
					         0.94333	3.80000e+01	
					         0.94500	1.00000e+01	
					         0.94667	-1.90000e+01	
					         0.94833	-4.90000e+01	
					         0.95000	-7.90000e+01	
					         0.95167	-1.07000e+02	
					         0.95333	-1.33000e+02	
					         0.95500	-1.55000e+02	
					         0.95667	-1.72000e+02	
					         0.95833	-1.84000e+02	
					         0.96000	-1.92000e+02	
					         0.96167	-1.95000e+02	
					         0.96333	-1.93000e+02	
					         0.96500	-1.87000e+02	
					         0.96667	-1.77000e+02	
					         0.96833	-1.64000e+02	
					         0.97000	-1.49000e+02	
					         0.97167	-1.32000e+02	
					         0.97333	-1.15000e+02	
					         0.97500	-9.80000e+01	
					         0.97667	-8.10000e+01	
					         0.97833	-6.50000e+01	
					         0.98000	-5.00000e+01	
					         0.98167	-3.70000e+01	
					         0.98333	-2.50000e+01	
					         0.98500	-1.50000e+01	
					         0.98667	-6.00000e+00	
					         0.98833	1.00000e+00	
					         0.99000	7.00000e+00	
					         0.99167	1.20000e+01	
					         0.99333	1.60000e+01	
					         0.99500	2.00000e+01	
					         0.99667	2.30000e+01	
					         0.99833	2.50000e+01	
					         1.00000	2.70000e+01	
					         1.00167	2.90000e+01	
					         1.00333	3.00000e+01	
					         1.00500	3.10000e+01	
					         1.00667	3.10000e+01	
					         1.00833	3.00000e+01	
					         1.01000	2.90000e+01	
					         1.01167	2.80000e+01	
					         1.01333	2.60000e+01	
					         1.01500	2.40000e+01	
					         1.01667	2.20000e+01	
					         1.01833	2.00000e+01	
					         1.02000	1.80000e+01	
					         1.02167	1.60000e+01	
					         1.02333	1.40000e+01	
					         1.02500	1.20000e+01	
					         1.02667	1.10000e+01	
					         1.02833	1.00000e+01	
					         1.03000	1.00000e+01	
					         1.03167	1.00000e+01	
					         1.03333	1.00000e+01	
					         1.03500	1.10000e+01	
					         1.03667	1.10000e+01	
					         1.03833	1.20000e+01	
					         1.04000	1.20000e+01	
					         1.04167	1.20000e+01	
					         1.04333	1.20000e+01	
					         1.04500	1.20000e+01	
					         1.04667	1.10000e+01	
					         1.04833	1.10000e+01	
					         1.05000	1.00000e+01	
					         1.05167	1.00000e+01	
					         1.05333	1.00000e+01	
					         1.05500	1.00000e+01	
					         1.05667	1.00000e+01	
					         1.05833	1.00000e+01	
					         1.06000	1.10000e+01	
					         1.06167	1.10000e+01	
					         1.06333	1.30000e+01	
					         1.06500	1.40000e+01	
					         1.06667	1.60000e+01	
					         1.06833	1.70000e+01	
					         1.07000	1.90000e+01	
					         1.07167	2.10000e+01	
					         1.07333	2.20000e+01	
					         1.07500	2.30000e+01	
					         1.07667	2.40000e+01	
					         1.07833	2.40000e+01	
					         1.08000	2.40000e+01	
					         1.08167	2.40000e+01	
					         1.08333	2.30000e+01	
					         1.08500	2.20000e+01	
					         1.08667	2.00000e+01	
					         1.08833	1.90000e+01	
					         1.09000	1.80000e+01	
					         1.09167	1.60000e+01	
					         1.09333	1.60000e+01	
					         1.09500	1.50000e+01	
					         1.09667	1.50000e+01	
					         1.09833	1.60000e+01	
					         1.10000	1.70000e+01	
					         1.10167	1.80000e+01	
					         1.10333	2.00000e+01	
					         1.10500	2.20000e+01	
					         1.10667	2.30000e+01	
					         1.10833	2.40000e+01	
					         1.11000	2.50000e+01	
					         1.11167	2.50000e+01	
					         1.11333	2.40000e+01	
					         1.11500	2.30000e+01	
					         1.11667	2.10000e+01	
					         1.11833	2.00000e+01	
					         1.12000	1.80000e+01	
					         1.12167	1.60000e+01	
					         1.12333	1.50000e+01	
					         1.12500	1.50000e+01	
					         1.12667	1.50000e+01	
					         1.12833	1.60000e+01	
					         1.13000	1.70000e+01	
					         1.13167	1.90000e+01	
					         1.13333	2.20000e+01	
					         1.13500	2.50000e+01	
					         1.13667	2.80000e+01	
					         1.13833	3.10000e+01	
					         1.14000	3.40000e+01	
					         1.14167	3.70000e+01	
					         1.14333	4.00000e+01	
					         1.14500	4.20000e+01	
					         1.14667	4.30000e+01	
					         1.14833	4.50000e+01	
					         1.15000	4.60000e+01	
					         1.15167	4.70000e+01	
					         1.15333	4.80000e+01	
					         1.15500	4.90000e+01	
					         1.15667	5.10000e+01	
					         1.15833	5.20000e+01	
					         1.16000	5.30000e+01	
					         1.16167	5.40000e+01	
					         1.16333	5.40000e+01	
					         1.16500	5.50000e+01	
					         1.16667	5.60000e+01	
					         1.16833	5.60000e+01	
					         1.17000	5.70000e+01	
					         1.17167	5.70000e+01	
					         1.17333	5.70000e+01	
					         1.17500	5.70000e+01	
					         1.17667	5.60000e+01	
					         1.17833	5.60000e+01	
					         1.18000	5.50000e+01	
					         1.18167	5.40000e+01	
					         1.18333	5.30000e+01	
					         1.18500	5.30000e+01	
					         1.18667	5.20000e+01	
					         1.18833	5.10000e+01	
					         1.19000	4.90000e+01	
					         1.19167	4.80000e+01	
					         1.19333	4.70000e+01	
					         1.19500	4.50000e+01	
					         1.19667	4.30000e+01	
					         1.19833	4.20000e+01	
					         1.20000	4.10000e+01	
					         1.20167	3.90000e+01	
					         1.20333	3.80000e+01	
					         1.20500	3.70000e+01	
					         1.20667	3.70000e+01	
					         1.20833	3.60000e+01	
					         1.21000	3.60000e+01	
					         1.21167	3.60000e+01	
					         1.21333	3.60000e+01	
					         1.21500	3.70000e+01	
					         1.21667	3.70000e+01	
					         1.21833	3.70000e+01	
					         1.22000	3.70000e+01	
					         1.22167	3.70000e+01	
					         1.22333	3.60000e+01	
					         1.22500	3.50000e+01	
					         1.22667	3.30000e+01	
					         1.22833	3.10000e+01	
					         1.23000	2.80000e+01	
					         1.23167	2.60000e+01	
					         1.23333	2.30000e+01	
					         1.23500	2.00000e+01	
					         1.23667	1.70000e+01	
					         1.23833	1.50000e+01	
					         1.24000	1.20000e+01	
					         1.24167	9.00000e+00	
					         1.24333	7.00000e+00	
					         1.24500	5.00000e+00	
					         1.24667	3.00000e+00	
					         1.24833	1.00000e+00	
					         1.25000	-1.00000e+00	
					         1.25167	-4.00000e+00	
					         1.25333	-6.00000e+00	
					         1.25500	-8.00000e+00	
					         1.25667	-1.10000e+01	
					         1.25833	-1.30000e+01	
					         1.26000	-1.40000e+01	
					         1.26167	-1.60000e+01	
					         1.26333	-1.70000e+01	
					         1.26500	-1.70000e+01	
					         1.26667	-1.70000e+01	
					         1.26833	-1.70000e+01	
					         1.27000	-1.70000e+01	
					         1.27167	-1.60000e+01	
					         1.27333	-1.60000e+01	
					         1.27500	-1.60000e+01	
					         1.27667	-1.60000e+01	
					         1.27833	-1.60000e+01	
					         1.28000	-1.70000e+01	
					         1.28167	-1.80000e+01	
					         1.28333	-1.90000e+01	
					         1.28500	-2.10000e+01	
					         1.28667	-2.30000e+01	
					         1.28833	-2.40000e+01	
					         1.29000	-2.60000e+01	
					         1.29167	-2.80000e+01	
					         1.29333	-3.00000e+01	
					         1.29500	-3.10000e+01	
					         1.29667	-3.30000e+01	
					         1.29833	-3.40000e+01	
					         1.30000	-3.60000e+01	
					         1.30167	-3.70000e+01	
					         1.30333	-3.70000e+01	
					         1.30500	-3.80000e+01	
					         1.30667	-3.80000e+01	
					         1.30833	-3.80000e+01	
					         1.31000	-3.70000e+01	
					         1.31167	-3.50000e+01	
					         1.31333	-3.30000e+01	
					         1.31500	-3.10000e+01	
					         1.31667	-2.80000e+01	
					         1.31833	-2.60000e+01	
					         1.32000	-2.40000e+01	
					         1.32167	-2.30000e+01	
					         1.32333	-2.20000e+01	
					         1.32500	-2.10000e+01	
					         1.32667	-2.10000e+01	
					         1.32833	-2.20000e+01	
					         1.33000	-2.30000e+01	
					         1.33167	-2.50000e+01	
					         1.33333	-2.70000e+01	
					         1.33500	-2.90000e+01	
					         1.33667	-3.00000e+01	
					         1.33833	-3.10000e+01	
					         1.34000	-3.10000e+01	
					         1.34167	-3.20000e+01	
					         1.34333	-3.10000e+01	
					         1.34500	-3.00000e+01	
					         1.34667	-2.80000e+01	
					         1.34833	-2.70000e+01	
					         1.35000	-2.50000e+01	
					         1.35167	-2.30000e+01	
					         1.35333	-2.00000e+01	
					         1.35500	-1.90000e+01	
					         1.35667	-1.70000e+01	
					         1.35833	-1.50000e+01	
					         1.36000	-1.40000e+01	
					         1.36167	-1.20000e+01	
					         1.36333	-1.10000e+01	
					         1.36500	-9.00000e+00	
					         1.36667	-8.00000e+00	
					         1.36833	-7.00000e+00	
					         1.37000	-6.00000e+00	
					         1.37167	-5.00000e+00	
					         1.37333	-4.00000e+00	
					         1.37500	-3.00000e+00	
					         1.37667	-1.00000e+00	
					         1.37833	0.00000e+00	
					         1.38000	0.00000e+00	
					         1.38167	1.00000e+00	
					         1.38333	1.00000e+00	
					         1.38500	2.00000e+00	
					         1.38667	2.00000e+00	
					         1.38833	2.00000e+00	
					         1.39000	2.00000e+00	
					         1.39167	1.00000e+00	
					         1.39333	0.00000e+00	
					         1.39500	-1.00000e+00	
					         1.39667	-2.00000e+00	
					         1.39833	-3.00000e+00	
					         1.40000	-5.00000e+00	
					         1.40167	-6.00000e+00	
					         1.40333	-7.00000e+00	
					         1.40500	-8.00000e+00	
					         1.40667	-9.00000e+00	
					         1.40833	-9.00000e+00	
					         1.41000	-9.00000e+00	
					         1.41167	-9.00000e+00	
					         1.41333	-9.00000e+00	
					         1.41500	-9.00000e+00	
					         1.41667	-9.00000e+00	
					         1.41833	-8.00000e+00	
					         1.42000	-8.00000e+00	
					         1.42167	-7.00000e+00	
					         1.42333	-6.00000e+00	
					         1.42500	-6.00000e+00	
					         1.42667	-6.00000e+00	
					         1.42833	-6.00000e+00	
					         1.43000	-7.00000e+00	
					         1.43167	-7.00000e+00	
					         1.43333	-7.00000e+00	
					         1.43500	-8.00000e+00	
					         1.43667	-8.00000e+00	
					         1.43833	-9.00000e+00	
					         1.44000	-9.00000e+00	
					         1.44167	-9.00000e+00	
					         1.44333	-9.00000e+00	
					         1.44500	-9.00000e+00	
					         1.44667	-9.00000e+00	
					         1.44833	-9.00000e+00	
					         1.45000	-8.00000e+00	
					         1.45167	-8.00000e+00	
					         1.45333	-8.00000e+00	
					         1.45500	-8.00000e+00	
					         1.45667	-9.00000e+00	
					         1.45833	-1.00000e+01	
					         1.46000	-1.10000e+01	
					         1.46167	-1.20000e+01	
					         1.46333	-1.30000e+01	
					         1.46500	-1.40000e+01	
					         1.46667	-1.60000e+01	
					         1.46833	-1.60000e+01	
					         1.47000	-1.70000e+01	
					         1.47167	-1.70000e+01	
					         1.47333	-1.70000e+01	
					         1.47500	-1.60000e+01	
					         1.47667	-1.60000e+01	
					         1.47833	-1.50000e+01	
					         1.48000	-1.40000e+01	
					         1.48167	-1.40000e+01	
					         1.48333	-1.30000e+01	
					         1.48500	-1.30000e+01	
					         1.48667	-1.30000e+01	
					         1.48833	-1.30000e+01	
					         1.49000	-1.30000e+01	
					         1.49167	-1.30000e+01	
					         1.49333	-1.30000e+01	
					         1.49500	-1.40000e+01	
					         1.49667	-1.40000e+01	
					         1.49833	-1.40000e+01	
					         1.50000	-1.40000e+01	
					         1.50167	-1.30000e+01	
					         1.50333	-1.30000e+01	
					         1.50500	-1.20000e+01	
					         1.50667	-1.10000e+01	
					         1.50833	-1.00000e+01	
					         1.51000	-9.00000e+00	
					         1.51167	-7.00000e+00	
					         1.51333	-6.00000e+00	
					         1.51500	-4.00000e+00	
					         1.51667	-2.00000e+00	
					         1.51833	-1.00000e+00	
					         1.52000	1.00000e+00	
					         1.52167	3.00000e+00	
					         1.52333	4.00000e+00	
					         1.52500	5.00000e+00	
					         1.52667	6.00000e+00	
					         1.52833	6.00000e+00	
					         1.53000	6.00000e+00	
					         1.53167	5.00000e+00	
					         1.53333	4.00000e+00	
					         1.53500	2.00000e+00	
					         1.53667	0.00000e+00	
					         1.53833	-2.00000e+00	
					         1.54000	-4.00000e+00	
					         1.54167	-7.00000e+00	
					         1.54333	-9.00000e+00	
					         1.54500	-1.10000e+01	
					         1.54667	-1.20000e+01	
					         1.54833	-1.40000e+01	
					         1.55000	-1.50000e+01	
					         1.55167	-1.50000e+01	
					         1.55333	-1.50000e+01	
					         1.55500	-1.50000e+01	
					         1.55667	-1.40000e+01	
					         1.55833	-1.30000e+01	
					         1.56000	-1.20000e+01	
					         1.56167	-1.10000e+01	
					         1.56333	-1.00000e+01	
					         1.56500	-8.00000e+00	
					         1.56667	-7.00000e+00	
					         1.56833	-5.00000e+00	
					         1.57000	-4.00000e+00	
					         1.57167	-2.00000e+00	
					         1.57333	-1.00000e+00	
					         1.57500	1.00000e+00	
					         1.57667	2.00000e+00	
					         1.57833	3.00000e+00	
					         1.58000	3.00000e+00	
					         1.58167	4.00000e+00	
					         1.58333	4.00000e+00	
					         1.58500	4.00000e+00	
					         1.58667	3.00000e+00	
					         1.58833	3.00000e+00	
					         1.59000	2.00000e+00	
					         1.59167	1.00000e+00	
					         1.59333	0.00000e+00	
					         1.59500	-1.00000e+00	
					         1.59667	-2.00000e+00	
					         1.59833	-3.00000e+00	
					         1.60000	-3.00000e+00	
					         1.60167	-3.00000e+00	
					         1.60333	-3.00000e+00	
					         1.60500	-3.00000e+00	
					         1.60667	-3.00000e+00	
					         1.60833	-2.00000e+00	
					         1.61000	-1.00000e+00	
					         1.61167	0.00000e+00	
					         1.61333	1.00000e+00	
					         1.61500	2.00000e+00	
					         1.61667	3.00000e+00	
					         1.61833	4.00000e+00	
					         1.62000	4.00000e+00	
					         1.62167	5.00000e+00	
					         1.62333	5.00000e+00	
					         1.62500	6.00000e+00	
					         1.62667	6.00000e+00	
					         1.62833	6.00000e+00	
					         1.63000	6.00000e+00	
					         1.63167	5.00000e+00	
					         1.63333	5.00000e+00	
					         1.63500	4.00000e+00	
					         1.63667	3.00000e+00	
					         1.63833	3.00000e+00	
					         1.64000	2.00000e+00	
					         1.64167	3.00000e+00	
					         1.64333	3.00000e+00	
					         1.64500	4.00000e+00	
					         1.64667	4.00000e+00	
					         1.64833	5.00000e+00	
					         1.65000	6.00000e+00	
					         1.65167	7.00000e+00	
					         1.65333	8.00000e+00	
					         1.65500	9.00000e+00	
					         1.65667	8.00000e+00	
					         1.65833	8.00000e+00	
					         1.66000	7.00000e+00	
					         1.66167	5.00000e+00	
					         1.66333	4.00000e+00	
					         1.66500	2.00000e+00	
					         1.66667	0.00000e+00	
					         1.66833	-2.00000e+00	
					         1.67000	-4.00000e+00	
					         1.67167	-6.00000e+00	
					         1.67333	-7.00000e+00	
					         1.67500	-7.00000e+00	
					         1.67667	-8.00000e+00	
					         1.67833	-8.00000e+00	
					         1.68000	-8.00000e+00	
					         1.68167	-7.00000e+00	
					         1.68333	-7.00000e+00	
					         1.68500	-7.00000e+00	
					         1.68667	-7.00000e+00	
					         1.68833	-7.00000e+00	
					         1.69000	-7.00000e+00	
					         1.69167	-7.00000e+00	
					         1.69333	-7.00000e+00	
					         1.69500	-7.00000e+00	
					         1.69667	-7.00000e+00	
					         1.69833	-7.00000e+00	
					         1.70000	-6.00000e+00	
					         1.70167	-5.00000e+00	
					         1.70333	-5.00000e+00	
					         1.70500	-4.00000e+00	
					         1.70667	-4.00000e+00	
					         1.70833	-4.00000e+00	
					         1.71000	-4.00000e+00	
					         1.71167	-5.00000e+00	
					         1.71333	-5.00000e+00	
					         1.71500	-5.00000e+00	
					         1.71667	-5.00000e+00	
					         1.71833	-6.00000e+00	
					         1.72000	-6.00000e+00	
					         1.72167	-5.00000e+00	
					         1.72333	-5.00000e+00	
					         1.72500	-4.00000e+00	
					         1.72667	-3.00000e+00	
					         1.72833	-2.00000e+00	
					         1.73000	-1.00000e+00	
					         1.73167	0.00000e+00	
					         1.73333	1.00000e+00	
					         1.73500	2.00000e+00	
					         1.73667	3.00000e+00	
					         1.73833	3.00000e+00	
					         1.74000	4.00000e+00	
					         1.74167	4.00000e+00	
					         1.74333	5.00000e+00	
					         1.74500	5.00000e+00	
					         1.74667	5.00000e+00	
					         1.74833	5.00000e+00	
					         1.75000	5.00000e+00	
					         1.75167	5.00000e+00	
					         1.75333	6.00000e+00	
					         1.75500	6.00000e+00	
					         1.75667	6.00000e+00	
					         1.75833	6.00000e+00	
					         1.76000	6.00000e+00	
					         1.76167	5.00000e+00	
					         1.76333	6.00000e+00	
					         1.76500	6.00000e+00	
					         1.76667	6.00000e+00	
					         1.76833	6.00000e+00	
					         1.77000	6.00000e+00	
					         1.77167	7.00000e+00	
					         1.77333	7.00000e+00	
					         1.77500	8.00000e+00	
					         1.77667	8.00000e+00	
					         1.77833	8.00000e+00	
					         1.78000	7.00000e+00	
					         1.78167	7.00000e+00	
					         1.78333	6.00000e+00	
					         1.78500	4.00000e+00	
					         1.78667	2.00000e+00	
					         1.78833	0.00000e+00	
					         1.79000	-2.00000e+00	
					         1.79167	-4.00000e+00	
					         1.79333	-6.00000e+00	
					         1.79500	-7.00000e+00	
					         1.79667	-9.00000e+00	
					         1.79833	-1.00000e+01	
					         1.80000	-1.10000e+01	
					         1.80167	-1.20000e+01	
					         1.80333	-1.20000e+01	
					         1.80500	-1.10000e+01	
					         1.80667	-1.10000e+01	
					         1.80833	-1.00000e+01	
					         1.81000	-9.00000e+00	
					         1.81167	-8.00000e+00	
					         1.81333	-7.00000e+00	
					         1.81500	-5.00000e+00	
					         1.81667	-3.00000e+00	
					         1.81833	-2.00000e+00	
					         1.82000	0.00000e+00	
					         1.82167	2.00000e+00	
					         1.82333	4.00000e+00	
					         1.82500	6.00000e+00	
					         1.82667	7.00000e+00	
					         1.82833	8.00000e+00	
					         1.83000	9.00000e+00	
					         1.83167	1.00000e+01	
					         1.83333	1.10000e+01	
					         1.83500	1.20000e+01	
					         1.83667	1.30000e+01	
					         1.83833	1.40000e+01	
					         1.84000	1.50000e+01	
					         1.84167	1.60000e+01	
					         1.84333	1.80000e+01	
					         1.84500	2.00000e+01	
					         1.84667	2.40000e+01	
					         1.84833	2.80000e+01	
					         1.85000	3.30000e+01	
					         1.85167	3.90000e+01	
					         1.85333	4.60000e+01	
					         1.85500	5.30000e+01	
					         1.85667	6.20000e+01	
					         1.85833	7.00000e+01	
					         1.86000	8.00000e+01	
					         1.86167	8.90000e+01	
					         1.86333	9.80000e+01	
					         1.86500	1.07000e+02	
					         1.86667	1.14000e+02	
					         1.86833	1.19000e+02	
					         1.87000	1.21000e+02	
					         1.87167	1.19000e+02	
					         1.87333	1.12000e+02	
					         1.87500	1.02000e+02	
					         1.87667	8.60000e+01	
					         1.87833	6.60000e+01	
					         1.88000	4.30000e+01	
					         1.88167	1.60000e+01	
					         1.88333	-1.30000e+01	
					         1.88500	-4.30000e+01	
					         1.88667	-7.30000e+01	
					         1.88833	-1.02000e+02	
					         1.89000	-1.28000e+02	
					         1.89167	-1.50000e+02	
					         1.89333	-1.68000e+02	
					         1.89500	-1.81000e+02	
					         1.89667	-1.88000e+02	
					         1.89833	-1.91000e+02	
					         1.90000	-1.90000e+02	
					         1.90167	-1.84000e+02	
					         1.90333	-1.75000e+02	
					         1.90500	-1.62000e+02	
					         1.90667	-1.48000e+02	
					         1.90833	-1.32000e+02	
					         1.91000	-1.15000e+02	
					         1.91167	-9.80000e+01	
					         1.91333	-8.10000e+01	
					         1.91500	-6.40000e+01	
					         1.91667	-4.90000e+01	
					         1.91833	-3.40000e+01	
					         1.92000	-2.20000e+01	
					         1.92167	-1.00000e+01	
					         1.92333	-1.00000e+00	
					         1.92500	7.00000e+00	
					         1.92667	1.40000e+01	
					         1.92833	1.80000e+01	
					         1.93000	2.20000e+01	
					         1.93167	2.40000e+01	
					         1.93333	2.50000e+01	
					         1.93500	2.50000e+01	
					         1.93667	2.40000e+01	
					         1.93833	2.30000e+01	
					         1.94000	2.20000e+01	
					         1.94167	2.10000e+01	
					         1.94333	2.00000e+01	
					         1.94500	1.90000e+01	
					         1.94667	1.80000e+01	
					         1.94833	1.70000e+01	
					         1.95000	1.60000e+01	
					         1.95167	1.50000e+01	
					         1.95333	1.40000e+01	
					         1.95500	1.30000e+01	
					         1.95667	1.20000e+01	
					         1.95833	1.20000e+01	
					         1.96000	1.20000e+01	
					         1.96167	1.30000e+01	
					         1.96333	1.40000e+01	
					         1.96500	1.60000e+01	
					         1.96667	1.70000e+01	
					         1.96833	1.90000e+01	
					         1.97000	2.00000e+01	
					         1.97167	2.20000e+01	
					         1.97333	2.40000e+01	
					         1.97500	2.50000e+01	
					         1.97667	2.70000e+01	
					         1.97833	2.80000e+01	
					         1.98000	2.90000e+01	
					         1.98167	2.90000e+01	
					         1.98333	3.00000e+01	
					         1.98500	3.00000e+01	
					         1.98667	3.00000e+01	
					         1.98833	3.00000e+01	
					         1.99000	3.00000e+01	
					         1.99167	3.00000e+01	
					         1.99333	3.00000e+01	
					         1.99500	3.10000e+01	
					         1.99667	3.10000e+01	
					         1.99833	3.10000e+01	
					         2.00000	3.10000e+01	
					         2.00167	3.10000e+01	
					         2.00333	3.10000e+01	
					         2.00500	3.10000e+01	
					         2.00667	3.10000e+01	
					         2.00833	3.00000e+01	
					         2.01000	3.00000e+01	
					         2.01167	3.00000e+01	
					         2.01333	2.90000e+01	
					         2.01500	2.80000e+01	
					         2.01667	2.70000e+01	
					         2.01833	2.50000e+01	
					         2.02000	2.40000e+01	
					         2.02167	2.30000e+01	
					         2.02333	2.20000e+01	
					         2.02500	2.10000e+01	
					         2.02667	2.10000e+01	
					         2.02833	2.00000e+01	
					         2.03000	1.90000e+01	
					         2.03167	1.90000e+01	
					         2.03333	1.90000e+01	
					         2.03500	1.90000e+01	
					         2.03667	2.00000e+01	
					         2.03833	2.10000e+01	
					         2.04000	2.20000e+01	
					         2.04167	2.30000e+01	
					         2.04333	2.40000e+01	
					         2.04500	2.60000e+01	
					         2.04667	2.70000e+01	
					         2.04833	2.80000e+01	
					         2.05000	2.90000e+01	
					         2.05167	3.00000e+01	
					         2.05333	3.10000e+01	
					         2.05500	3.10000e+01	
					         2.05667	3.10000e+01	
					         2.05833	3.10000e+01	
					         2.06000	3.10000e+01	
					         2.06167	3.10000e+01	
					         2.06333	3.10000e+01	
					         2.06500	3.10000e+01	
					         2.06667	3.20000e+01	
					         2.06833	3.30000e+01	
					         2.07000	3.50000e+01	
					         2.07167	3.60000e+01	
					         2.07333	3.80000e+01	
					         2.07500	4.00000e+01	
					         2.07667	4.20000e+01	
					         2.07833	4.40000e+01	
					         2.08000	4.60000e+01	
					         2.08167	4.70000e+01	
					         2.08333	4.80000e+01	
					         2.08500	4.90000e+01	
					         2.08667	5.00000e+01	
					         2.08833	5.10000e+01	
					         2.09000	5.10000e+01	
					         2.09167	5.20000e+01	
					         2.09333	5.20000e+01	
					         2.09500	5.30000e+01	
					         2.09667	5.30000e+01	
					         2.09833	5.40000e+01	
					         2.10000	5.50000e+01	
					         2.10167	5.60000e+01	
					         2.10333	5.60000e+01	
					         2.10500	5.70000e+01	
					         2.10667	5.70000e+01	
					         2.10833	5.70000e+01	
					         2.11000	5.70000e+01	
					         2.11167	5.70000e+01	
					         2.11333	5.60000e+01	
					         2.11500	5.60000e+01	
					         2.11667	5.50000e+01	
					         2.11833	5.40000e+01	
					         2.12000	5.30000e+01	
					         2.12167	5.20000e+01	
					         2.12333	5.10000e+01	
					         2.12500	5.00000e+01	
					         2.12667	4.90000e+01	
					         2.12833	4.80000e+01	
					         2.13000	4.70000e+01	
					         2.13167	4.60000e+01	
					         2.13333	4.50000e+01	
					         2.13500	4.40000e+01	
					         2.13667	4.40000e+01	
					         2.13833	4.30000e+01	
					         2.14000	4.30000e+01	
					         2.14167	4.30000e+01	
					         2.14333	4.30000e+01	
					         2.14500	4.20000e+01	
					         2.14667	4.20000e+01	
					         2.14833	4.20000e+01	
					         2.15000	4.20000e+01	
					         2.15167	4.10000e+01	
					         2.15333	4.00000e+01	
					         2.15500	3.90000e+01	
					         2.15667	3.80000e+01	
					         2.15833	3.60000e+01	
					         2.16000	3.40000e+01	
					         2.16167	3.20000e+01	
					         2.16333	3.00000e+01	
					         2.16500	2.90000e+01	
					         2.16667	2.70000e+01	
					         2.16833	2.60000e+01	
					         2.17000	2.40000e+01	
					         2.17167	2.20000e+01	
					         2.17333	2.10000e+01	
					         2.17500	1.90000e+01	
					         2.17667	1.70000e+01	
					         2.17833	1.60000e+01	
					         2.18000	1.40000e+01	
					         2.18167	1.30000e+01	
					         2.18333	1.10000e+01	
					         2.18500	1.00000e+01	
					         2.18667	7.00000e+00	
					         2.18833	5.00000e+00	
					         2.19000	3.00000e+00	
					         2.19167	0.00000e+00	
					         2.19333	-3.00000e+00	
					         2.19500	-6.00000e+00	
					         2.19667	-9.00000e+00	
					         2.19833	-1.10000e+01	
					         2.20000	-1.40000e+01	
					         2.20167	-1.60000e+01	
					         2.20333	-1.90000e+01	
					         2.20500	-2.10000e+01	
					         2.20667	-2.30000e+01	
					         2.20833	-2.60000e+01	
					         2.21000	-2.80000e+01	
					         2.21167	-3.00000e+01	
					         2.21333	-3.20000e+01	
					         2.21500	-3.40000e+01	
					         2.21667	-3.70000e+01	
					         2.21833	-3.90000e+01	
					         2.22000	-4.20000e+01	
					         2.22167	-4.40000e+01	
					         2.22333	-4.70000e+01	
					         2.22500	-4.80000e+01	
					         2.22667	-5.00000e+01	
					         2.22833	-5.00000e+01	
					         2.23000	-5.10000e+01	
					         2.23167	-5.00000e+01	
					         2.23333	-5.00000e+01	
					         2.23500	-4.90000e+01	
					         2.23667	-4.70000e+01	
					         2.23833	-4.60000e+01	
					         2.24000	-4.40000e+01	
					         2.24167	-4.30000e+01	
					         2.24333	-4.10000e+01	
					         2.24500	-4.00000e+01	
					         2.24667	-3.80000e+01	
					         2.24833	-3.70000e+01	
					         2.25000	-3.50000e+01	
					         2.25167	-3.40000e+01	
					         2.25333	-3.20000e+01	
					         2.25500	-3.00000e+01	
					         2.25667	-2.80000e+01	
					         2.25833	-2.60000e+01	
					         2.26000	-2.40000e+01	
					         2.26167	-2.20000e+01	
					         2.26333	-2.00000e+01	
					         2.26500	-1.80000e+01	
					         2.26667	-1.70000e+01	
					         2.26833	-1.60000e+01	
					         2.27000	-1.50000e+01	
					         2.27167	-1.50000e+01	
					         2.27333	-1.50000e+01	
					         2.27500	-1.50000e+01	
					         2.27667	-1.60000e+01	
					         2.27833	-1.60000e+01	
					         2.28000	-1.70000e+01	
					         2.28167	-1.70000e+01	
					         2.28333	-1.80000e+01	
					         2.28500	-1.90000e+01	
					         2.28667	-2.00000e+01	
					         2.28833	-2.10000e+01	
					         2.29000	-2.20000e+01	
					         2.29167	-2.20000e+01	
					         2.29333	-2.20000e+01	
					         2.29500	-2.20000e+01	
					         2.29667	-2.20000e+01	
					         2.29833	-2.20000e+01	
					         2.30000	-2.20000e+01	
					         2.30167	-2.10000e+01	
					         2.30333	-2.10000e+01	
					         2.30500	-2.00000e+01	
					         2.30667	-1.90000e+01	
					         2.30833	-1.70000e+01	
					         2.31000	-1.60000e+01	
					         2.31167	-1.40000e+01	
					         2.31333	-1.30000e+01	
					         2.31500	-1.10000e+01	
					         2.31667	-1.00000e+01	
					         2.31833	-8.00000e+00	
					         2.32000	-7.00000e+00	
					         2.32167	-7.00000e+00	
					         2.32333	-6.00000e+00	
					         2.32500	-5.00000e+00	
					         2.32667	-5.00000e+00	
					         2.32833	-5.00000e+00	
					         2.33000	-5.00000e+00	
					         2.33167	-6.00000e+00	
					         2.33333	-7.00000e+00	
					         2.33500	-7.00000e+00	
					         2.33667	-8.00000e+00	
					         2.33833	-9.00000e+00	
					         2.34000	-1.00000e+01	
					         2.34167	-1.10000e+01	
					         2.34333	-1.10000e+01	
					         2.34500	-1.10000e+01	
					         2.34667	-1.10000e+01	
					         2.34833	-1.10000e+01	
					         2.35000	-1.00000e+01	
					         2.35167	-1.00000e+01	
					         2.35333	-1.00000e+01	
					         2.35500	-9.00000e+00	
					         2.35667	-9.00000e+00	
					         2.35833	-9.00000e+00	
					         2.36000	-8.00000e+00	
					         2.36167	-8.00000e+00	
					         2.36333	-9.00000e+00	
					         2.36500	-9.00000e+00	
					         2.36667	-1.00000e+01	
					         2.36833	-1.00000e+01	
					         2.37000	-1.10000e+01	
					         2.37167	-1.20000e+01	
					         2.37333	-1.30000e+01	
					         2.37500	-1.30000e+01	
					         2.37667	-1.30000e+01	
					         2.37833	-1.40000e+01	
					         2.38000	-1.40000e+01	
					         2.38167	-1.30000e+01	
					         2.38333	-1.30000e+01	
					         2.38500	-1.20000e+01	
					         2.38667	-1.20000e+01	
					         2.38833	-1.10000e+01	
					         2.39000	-1.00000e+01	
					         2.39167	-9.00000e+00	
					         2.39333	-9.00000e+00	
					         2.39500	-9.00000e+00	
					         2.39667	-9.00000e+00	
					         2.39833	-1.00000e+01	
					         2.40000	-1.00000e+01	
					         2.40167	-1.10000e+01	
					         2.40333	-1.20000e+01	
					         2.40500	-1.40000e+01	
					         2.40667	-1.50000e+01	
					         2.40833	-1.60000e+01	
					         2.41000	-1.80000e+01	
					         2.41167	-1.90000e+01	
					         2.41333	-2.00000e+01	
					         2.41500	-2.00000e+01	
					         2.41667	-2.00000e+01	
					         2.41833	-2.00000e+01	
					         2.42000	-2.00000e+01	
					         2.42167	-2.00000e+01	
					         2.42333	-1.90000e+01	
					         2.42500	-1.90000e+01	
					         2.42667	-1.80000e+01	
					         2.42833	-1.70000e+01	
					         2.43000	-1.60000e+01	
					         2.43167	-1.50000e+01	
					         2.43333	-1.30000e+01	
					         2.43500	-1.20000e+01	
					         2.43667	-1.00000e+01	
					         2.43833	-8.00000e+00	
					         2.44000	-7.00000e+00	
					         2.44167	-5.00000e+00	
					         2.44333	-4.00000e+00	
					         2.44500	-3.00000e+00	
					         2.44667	-2.00000e+00	
					         2.44833	-2.00000e+00	
					         2.45000	-2.00000e+00	
					         2.45167	-2.00000e+00	
					         2.45333	-3.00000e+00	
					         2.45500	-3.00000e+00	
					         2.45667	-4.00000e+00	
					         2.45833	-5.00000e+00	
					         2.46000	-5.00000e+00	
					         2.46167	-6.00000e+00	
					         2.46333	-7.00000e+00	
					         2.46500	-8.00000e+00	
					         2.46667	-9.00000e+00	
					         2.46833	-1.00000e+01	
					         2.47000	-1.10000e+01	
					         2.47167	-1.20000e+01	
					         2.47333	-1.30000e+01	
					         2.47500	-1.40000e+01	
					         2.47667	-1.50000e+01	
					         2.47833	-1.60000e+01	
					         2.48000	-1.70000e+01	
					         2.48167	-1.70000e+01	
					         2.48333	-1.70000e+01	
					         2.48500	-1.70000e+01	
					         2.48667	-1.70000e+01	
					         2.48833	-1.60000e+01	
					         2.49000	-1.50000e+01	
					         2.49167	-1.40000e+01	
					         2.49333	-1.30000e+01	
					         2.49500	-1.20000e+01	
					         2.49667	-1.10000e+01	
					         2.49833	-1.10000e+01	
					         2.50000	-1.00000e+01	
					         2.50167	-1.00000e+01	
					         2.50333	-1.00000e+01	
					         2.50500	-1.00000e+01	
					         2.50667	-1.10000e+01	
					         2.50833	-1.10000e+01	
					         2.51000	-1.10000e+01	
					         2.51167	-1.10000e+01	
					         2.51333	-1.00000e+01	
					         2.51500	-1.00000e+01	
					         2.51667	-9.00000e+00	
					         2.51833	-8.00000e+00	
					         2.52000	-7.00000e+00	
					         2.52167	-6.00000e+00	
					         2.52333	-5.00000e+00	
					         2.52500	-3.00000e+00	
					         2.52667	-2.00000e+00	
					         2.52833	-1.00000e+00	
					         2.53000	0.00000e+00	
					         2.53167	0.00000e+00	
					         2.53333	1.00000e+00	
					         2.53500	1.00000e+00	
					         2.53667	1.00000e+00	
					         2.53833	0.00000e+00	
					         2.54000	0.00000e+00	
					         2.54167	-1.00000e+00	
					         2.54333	-2.00000e+00	
					         2.54500	-4.00000e+00	
					         2.54667	-5.00000e+00	
					         2.54833	-7.00000e+00	
					         2.55000	-8.00000e+00	
					         2.55167	-1.00000e+01	
					         2.55333	-1.10000e+01	
					         2.55500	-1.20000e+01	
					         2.55667	-1.20000e+01	
					         2.55833	-1.30000e+01	
					         2.56000	-1.30000e+01	
					         2.56167	-1.20000e+01	
					         2.56333	-1.10000e+01	
					         2.56500	-1.00000e+01	
					         2.56667	-8.00000e+00	
					         2.56833	-6.00000e+00	
					         2.57000	-4.00000e+00	
					         2.57167	-2.00000e+00	
					         2.57333	1.00000e+00	
					         2.57500	3.00000e+00	
					         2.57667	5.00000e+00	
					         2.57833	7.00000e+00	
					         2.58000	8.00000e+00	
					         2.58167	9.00000e+00	
					         2.58333	1.00000e+01	
					         2.58500	1.00000e+01	
					         2.58667	1.10000e+01	
					         2.58833	1.00000e+01	
					         2.59000	1.00000e+01	
					         2.59167	9.00000e+00	
					         2.59333	9.00000e+00	
					         2.59500	8.00000e+00	
					         2.59667	7.00000e+00	
					         2.59833	6.00000e+00	
					         2.60000	5.00000e+00	
					         2.60167	5.00000e+00	
					         2.60333	4.00000e+00	
					         2.60500	3.00000e+00	
					         2.60667	2.00000e+00	
					         2.60833	1.00000e+00	
					         2.61000	1.00000e+00	
					         2.61167	0.00000e+00	
					         2.61333	0.00000e+00	
					         2.61500	0.00000e+00	
					         2.61667	0.00000e+00	
					         2.61833	1.00000e+00	
					         2.62000	1.00000e+00	
					         2.62167	1.00000e+00	
					         2.62333	1.00000e+00	
					         2.62500	1.00000e+00	
					         2.62667	1.00000e+00	
					         2.62833	2.00000e+00	
					         2.63000	1.00000e+00	
					         2.63167	1.00000e+00	
					         2.63333	1.00000e+00	
					         2.63500	0.00000e+00	
					         2.63667	0.00000e+00	
					         2.63833	-1.00000e+00	
					         2.64000	-2.00000e+00	
					         2.64167	-3.00000e+00	
					         2.64333	-4.00000e+00	
					         2.64500	-6.00000e+00	
					         2.64667	-7.00000e+00	
					         2.64833	-9.00000e+00	
					         2.65000	-1.00000e+01	
					         2.65167	-1.10000e+01	
					         2.65333	-1.30000e+01	
					         2.65500	-1.40000e+01	
					         2.65667	-1.50000e+01	
					         2.65833	-1.60000e+01	
					         2.66000	-1.60000e+01	
					         2.66167	-1.60000e+01	
					         2.66333	-1.60000e+01	
					         2.66500	-1.60000e+01	
					         2.66667	-1.50000e+01	
					         2.66833	-1.40000e+01	
					         2.67000	-1.30000e+01	
					         2.67167	-1.20000e+01	
					         2.67333	-1.10000e+01	
					         2.67500	-1.00000e+01	
					         2.67667	-9.00000e+00	
					         2.67833	-7.00000e+00	
					         2.68000	-6.00000e+00	
					         2.68167	-4.00000e+00	
					         2.68333	-3.00000e+00	
					         2.68500	-2.00000e+00	
					         2.68667	-1.00000e+00	
					         2.68833	0.00000e+00	
					         2.69000	0.00000e+00	
					         2.69167	0.00000e+00	
					         2.69333	0.00000e+00	
					         2.69500	-1.00000e+00	
					         2.69667	-1.00000e+00	
					         2.69833	-2.00000e+00	
					         2.70000	-4.00000e+00	
					         2.70167	-6.00000e+00	
					         2.70333	-7.00000e+00	
					         2.70500	-9.00000e+00	
					         2.70667	-1.00000e+01	
					         2.70833	-1.20000e+01	
					         2.71000	-1.20000e+01	
					         2.71167	-1.30000e+01	
					         2.71333	-1.30000e+01	
					         2.71500	-1.20000e+01	
					         2.71667	-1.20000e+01	
					         2.71833	-1.10000e+01	
					         2.72000	-1.00000e+01	
					         2.72167	-9.00000e+00	
					         2.72333	-8.00000e+00	
					         2.72500	-6.00000e+00	
					         2.72667	-5.00000e+00	
					         2.72833	-4.00000e+00	
					         2.73000	-2.00000e+00	
					         2.73167	-1.00000e+00	
					         2.73333	0.00000e+00	
					         2.73500	2.00000e+00	
					         2.73667	3.00000e+00	
					         2.73833	3.00000e+00	
					         2.74000	4.00000e+00	
					         2.74167	4.00000e+00	
					         2.74333	4.00000e+00	
					         2.74500	4.00000e+00	
					         2.74667	4.00000e+00	
					         2.74833	3.00000e+00	
					         2.75000	1.00000e+00	
					         2.75167	0.00000e+00	
					         2.75333	-2.00000e+00	
					         2.75500	-4.00000e+00	
					         2.75667	-7.00000e+00	
					         2.75833	-9.00000e+00	
					         2.76000	-1.10000e+01	
					         2.76167	-1.30000e+01	
					         2.76333	-1.40000e+01	
					         2.76500	-1.60000e+01	
					         2.76667	-1.80000e+01	
					         2.76833	-1.90000e+01	
					         2.77000	-1.90000e+01	
					         2.77167	-1.90000e+01	
					         2.77333	-1.80000e+01	
					         2.77500	-1.70000e+01	
					         2.77667	-1.50000e+01	
					         2.77833	-1.20000e+01	
					         2.78000	-9.00000e+00	
					         2.78167	-5.00000e+00	
					         2.78333	0.00000e+00	
					         2.78500	6.00000e+00	
					         2.78667	1.10000e+01	
					         2.78833	1.70000e+01	
					         2.79000	2.40000e+01	
					         2.79167	3.00000e+01	
					         2.79333	3.70000e+01	
					         2.79500	4.40000e+01	
					         2.79667	5.10000e+01	
					         2.79833	5.90000e+01	
					         2.80000	6.70000e+01	
					         2.80167	7.60000e+01	
					         2.80333	8.50000e+01	
					         2.80500	9.40000e+01	
					         2.80667	1.03000e+02	
					         2.80833	1.12000e+02	
					         2.81000	1.19000e+02	
					         2.81167	1.25000e+02	
					         2.81333	1.28000e+02	
					         2.81500	1.27000e+02	
					         2.81667	1.23000e+02	
					         2.81833	1.14000e+02	
					         2.82000	1.01000e+02	
					         2.82167	8.30000e+01	
					         2.82333	6.10000e+01	
					         2.82500	3.60000e+01	
					         2.82667	8.00000e+00	
					         2.82833	-2.20000e+01	
					         2.83000	-5.20000e+01	
					         2.83167	-8.20000e+01	
					         2.83333	-1.10000e+02	
					         2.83500	-1.35000e+02	
					         2.83667	-1.57000e+02	
					         2.83833	-1.74000e+02	
					         2.84000	-1.86000e+02	
					         2.84167	-1.93000e+02	
					         2.84333	-1.95000e+02	
					         2.84500	-1.93000e+02	
					         2.84667	-1.86000e+02	
					         2.84833	-1.76000e+02	
					         2.85000	-1.64000e+02	
					         2.85167	-1.49000e+02	
					         2.85333	-1.33000e+02	
					         2.85500	-1.16000e+02	
					         2.85667	-9.90000e+01	
					         2.85833	-8.30000e+01	
					         2.86000	-6.70000e+01	
					         2.86167	-5.20000e+01	
					         2.86333	-3.80000e+01	
					         2.86500	-2.70000e+01	
					         2.86667	-1.70000e+01	
					         2.86833	-8.00000e+00	
					         2.87000	-2.00000e+00	
					         2.87167	4.00000e+00	
					         2.87333	8.00000e+00	
					         2.87500	1.10000e+01	
					         2.87667	1.30000e+01	
					         2.87833	1.50000e+01	
					         2.88000	1.60000e+01	
