Grayscale intensity, in dB

Time (s) :	Trace 1 : 	Trace 2 : 	Trace 3 : 		Ecg : 		
0.00069   	-4.73958e+01	-5.36648e+01	-2.70818e+01		         0.00000	-1.80000e+02	
0.01767   	-4.94823e+01	-5.36159e+01	-2.79203e+01		         0.00167	-2.10000e+02	
0.03465   	-5.27158e+01	-5.22786e+01	-2.87164e+01		         0.00333	-2.35000e+02	
0.05163   	-5.27441e+01	-5.18283e+01	-2.81326e+01		         0.00500	-2.54000e+02	
0.06860   	-5.19539e+01	-5.07836e+01	-2.71752e+01		         0.00667	-2.66000e+02	
0.08559   	-5.12265e+01	-5.14399e+01	-2.56698e+01		         0.00833	-2.72000e+02	
0.10257   	-5.11049e+01	-5.08367e+01	-2.61607e+01		         0.01000	-2.70000e+02	
0.11954   	-4.97860e+01	-5.01947e+01	-2.67913e+01		         0.01167	-2.62000e+02	
0.13652   	-4.78031e+01	-4.53082e+01	-2.53507e+01		         0.01333	-2.48000e+02	
0.15351   	-4.68751e+01	-4.19717e+01	-2.66376e+01		         0.01500	-2.30000e+02	
0.17048   	-4.61433e+01	-3.77595e+01	-2.97994e+01		         0.01667	-2.08000e+02	
0.18747   	-4.45068e+01	-3.52199e+01	-3.25362e+01		         0.01833	-1.84000e+02	
0.20444   	-4.25004e+01	-3.41732e+01	-3.43712e+01		         0.02000	-1.59000e+02	
0.22155   	-4.08939e+01	-3.41755e+01	-3.41550e+01		         0.02167	-1.34000e+02	
0.23840   	-3.97016e+01	-3.67955e+01	-3.45109e+01		         0.02333	-1.09000e+02	
0.25539   	-3.85698e+01	-3.96047e+01	-3.58806e+01		         0.02500	-8.60000e+01	
0.27237   	-3.70371e+01	-4.17592e+01	-3.53191e+01		         0.02667	-6.50000e+01	
0.28935   	-3.64412e+01	-4.17456e+01	-3.69978e+01		         0.02833	-4.50000e+01	
0.30633   	-3.61534e+01	-4.46004e+01	-3.69971e+01		         0.03000	-2.90000e+01	
0.32331   	-3.63765e+01	-4.64276e+01	-3.67222e+01		         0.03167	-1.40000e+01	
0.34029   	-3.62066e+01	-4.75284e+01	-3.54468e+01		         0.03333	-2.00000e+00	
0.35727   	-3.54543e+01	-4.87343e+01	-3.48391e+01		         0.03500	8.00000e+00	
0.37425   	-3.35371e+01	-4.82012e+01	-3.36630e+01		         0.03667	1.60000e+01	
0.39123   	-3.23684e+01	-4.74335e+01	-3.21669e+01		         0.03833	2.20000e+01	
0.40821   	-3.09776e+01	-4.78635e+01	-3.01724e+01		         0.04000	2.70000e+01	
0.42519   	-2.96271e+01	-4.72050e+01	-2.77685e+01		         0.04167	3.10000e+01	
0.44217   	-2.86503e+01	-4.64784e+01	-2.59954e+01		         0.04333	3.40000e+01	
0.45915   	-2.89854e+01	-4.40621e+01	-2.75620e+01		         0.04500	3.60000e+01	
0.47613   	-2.98433e+01	-4.48238e+01	-2.53159e+01		         0.04667	3.80000e+01	
0.49311   	-2.82465e+01	-4.23879e+01	-2.39801e+01		         0.04833	3.90000e+01	
0.51009   	-2.65093e+01	-3.88840e+01	-2.20849e+01		         0.05000	3.90000e+01	
0.52707   	-2.87948e+01	-3.49432e+01	-2.11945e+01		         0.05167	3.90000e+01	
0.54405   	-2.87639e+01	-3.34043e+01	-2.20452e+01		         0.05333	3.80000e+01	
0.56103   	-2.63698e+01	-2.99233e+01	-2.24150e+01		         0.05500	3.70000e+01	
0.57801   	-2.69111e+01	-2.78515e+01	-2.02424e+01		         0.05667	3.60000e+01	
0.59499   	-2.64471e+01	-2.60721e+01	-1.74457e+01		         0.05833	3.50000e+01	
0.61197   	-2.47483e+01	-2.50957e+01	-2.29212e+01		         0.06000	3.50000e+01	
0.62895   	-2.35064e+01	-2.32360e+01	-2.11903e+01		         0.06167	3.40000e+01	
0.64593   	-2.25419e+01	-2.30277e+01	-2.02133e+01		         0.06333	3.30000e+01	
0.66291   	-2.17960e+01	-2.21607e+01	-1.73909e+01		         0.06500	3.20000e+01	
0.67989   	-2.15489e+01	-2.14351e+01	-1.71592e+01		         0.06667	3.20000e+01	
0.69687   	-2.19649e+01	-2.10514e+01	-1.63187e+01		         0.06833	3.10000e+01	
0.71385   	-2.31952e+01	-2.16792e+01	-1.67420e+01		         0.07000	3.10000e+01	
0.73083   	-2.39822e+01	-2.32135e+01	-1.94662e+01		         0.07167	3.00000e+01	
0.74781   	-2.40768e+01	-2.59559e+01	-2.12929e+01		         0.07333	3.00000e+01	
0.76479   	-2.42184e+01	-2.69363e+01	-2.19936e+01		         0.07500	3.00000e+01	
0.78177   	-2.48123e+01	-2.86569e+01	-2.18799e+01		         0.07667	2.90000e+01	
0.79875   	-2.31197e+01	-2.75939e+01	-2.11854e+01		         0.07833	2.90000e+01	
0.81573   	-2.35763e+01	-3.39876e+01	-2.10327e+01		         0.08000	2.80000e+01	
0.83271   	-2.32649e+01	-4.03637e+01	-2.09669e+01		         0.08167	2.80000e+01	
0.84969   	-2.40371e+01	-4.16280e+01	-2.39005e+01		         0.08333	2.70000e+01	
0.86667   	-2.64921e+01	-3.93050e+01	-2.14034e+01		         0.08500	2.60000e+01	
0.88365   	-2.67825e+01	-3.81191e+01	-1.81821e+01		         0.08667	2.50000e+01	
0.90063   	-2.65850e+01	-3.87501e+01	-2.07967e+01		         0.08833	2.40000e+01	
0.91761   	-2.71580e+01	-3.99319e+01	-1.98769e+01		         0.09000	2.30000e+01	
0.93459   	-2.74264e+01	-4.25720e+01	-1.96899e+01		         0.09167	2.30000e+01	
0.95157   	-2.73186e+01	-4.23140e+01	-1.46188e+01		         0.09333	2.20000e+01	
0.96855   	-2.69609e+01	-4.50389e+01	-1.41892e+01		         0.09500	2.10000e+01	
0.98553   	-2.50110e+01	-4.69141e+01	-1.79110e+01		         0.09667	2.10000e+01	
1.00251   	-2.15498e+01	-4.48784e+01	-2.18820e+01		         0.09833	2.00000e+01	
1.01949   	-2.29036e+01	-4.36898e+01	-2.06004e+01		         0.10000	2.00000e+01	
1.03647   	-2.37538e+01	-4.12561e+01	-2.14585e+01		         0.10167	2.00000e+01	
1.05345   	-2.39503e+01	-3.96382e+01	-2.07802e+01		         0.10333	1.90000e+01	
1.07043   	-2.49426e+01	-3.98972e+01	-2.26204e+01		         0.10500	1.90000e+01	
1.08740   	-2.62468e+01	-3.83298e+01	-2.48884e+01		         0.10667	1.90000e+01	
1.10439   	-2.60377e+01	-3.91965e+01	-2.03366e+01		         0.10833	1.80000e+01	
1.12137   	-2.57222e+01	-4.06163e+01	-2.35750e+01		         0.11000	1.80000e+01	
1.13835   	-2.52710e+01	-4.25124e+01	-2.39635e+01		         0.11167	1.80000e+01	
1.15533   	-2.56737e+01	-4.46577e+01	-2.71921e+01		         0.11333	1.80000e+01	
1.17231   	-2.52708e+01	-4.60107e+01	-2.68461e+01		         0.11500	1.80000e+01	
1.18929   	-2.66513e+01	-4.47569e+01	-2.52467e+01		         0.11667	1.80000e+01	
1.20627   	-2.86908e+01	-4.64460e+01	-2.41995e+01		         0.11833	1.80000e+01	
1.22325   	-3.02562e+01	-4.79073e+01	-2.69562e+01		         0.12000	1.80000e+01	
1.24023   	-3.13339e+01	-4.81112e+01	-2.75676e+01		         0.12167	1.90000e+01	
1.25721   	-3.23591e+01	-4.76076e+01	-2.69531e+01		         0.12333	1.90000e+01	
1.27419   	-3.36777e+01	-4.71745e+01	-2.69979e+01		         0.12500	2.00000e+01	
1.29117   	-3.30082e+01	-4.55962e+01	-2.62375e+01		         0.12667	2.10000e+01	
1.30815   	-3.36430e+01	-4.69013e+01	-2.65650e+01		         0.12833	2.10000e+01	
1.32513   	-3.40717e+01	-4.46449e+01	-2.20731e+01		         0.13000	2.20000e+01	
1.34211   	-3.38973e+01	-4.25152e+01	-2.37648e+01		         0.13167	2.20000e+01	
1.35909   	-3.38724e+01	-4.03280e+01	-2.66807e+01		         0.13333	2.20000e+01	
1.37607   	-3.24917e+01	-4.09633e+01	-2.59676e+01		         0.13500	2.20000e+01	
1.39305   	-3.05642e+01	-4.13041e+01	-2.66517e+01		         0.13667	2.30000e+01	
1.41003   	-2.97099e+01	-4.12794e+01	-2.58259e+01		         0.13833	2.30000e+01	
1.42701   	-2.96364e+01	-4.08242e+01	-2.43724e+01		         0.14000	2.30000e+01	
1.44399   	-2.88239e+01	-4.00955e+01	-2.01491e+01		         0.14167	2.30000e+01	
1.46097   	-2.74691e+01	-3.84529e+01	-2.12611e+01		         0.14333	2.20000e+01	
1.47795   	-2.68350e+01	-3.59323e+01	-2.19572e+01		         0.14500	2.20000e+01	
1.49493   	-2.62500e+01	-3.52318e+01	-2.13628e+01		         0.14667	2.20000e+01	
1.51191   	-2.51211e+01	-3.55622e+01	-2.08719e+01		         0.14833	2.30000e+01	
1.52889   	-2.39753e+01	-3.55868e+01	-2.25478e+01		         0.15000	2.30000e+01	
1.54587   	-2.27457e+01	-3.34563e+01	-2.41229e+01		         0.15167	2.40000e+01	
1.56285   	-2.21973e+01	-3.35007e+01	-2.49250e+01		         0.15333	2.50000e+01	
1.57983   	-2.18097e+01	-3.44642e+01	-2.46542e+01		         0.15500	2.60000e+01	
1.59681   	-2.16650e+01	-3.41581e+01	-2.46720e+01		         0.15667	2.70000e+01	
1.61379   	-2.24727e+01	-3.47630e+01	-2.41396e+01		         0.15833	2.80000e+01	
1.63077   	-2.33455e+01	-3.55461e+01	-2.30476e+01		         0.16000	3.00000e+01	
1.64775   	-2.39789e+01	-3.65908e+01	-2.17352e+01		         0.16167	3.10000e+01	
1.66473   	-2.42962e+01	-3.69583e+01	-2.21304e+01		         0.16333	3.30000e+01	
1.68171   	-2.47603e+01	-3.69665e+01	-2.29207e+01		         0.16500	3.40000e+01	
1.69869   	-2.52594e+01	-3.86908e+01	-2.26978e+01		         0.16667	3.60000e+01	
1.71585   	-2.57421e+01	-3.82263e+01	-2.39769e+01		         0.16833	3.70000e+01	
1.73265   	-2.28655e+01	-4.19368e+01	-2.44462e+01		         0.17000	3.90000e+01	
1.74963   	-2.43921e+01	-4.32110e+01	-2.40450e+01		         0.17167	4.00000e+01	
1.76661   	-2.59415e+01	-4.25056e+01	-2.48436e+01		         0.17333	4.20000e+01	
1.78359   	-2.73156e+01	-3.96649e+01	-2.20961e+01		         0.17500	4.30000e+01	
1.80057   	-2.76353e+01	-4.10784e+01	-1.97399e+01		         0.17667	4.50000e+01	
1.81755   	-2.84056e+01	-4.17541e+01	-2.31037e+01		         0.17833	4.60000e+01	
1.83454   	-2.90643e+01	-4.19862e+01	-2.17985e+01		         0.18000	4.80000e+01	
1.85152   	-2.93542e+01	-4.34904e+01	-2.25724e+01		         0.18167	4.90000e+01	
1.86849   	-2.86245e+01	-4.47265e+01	-2.17277e+01		         0.18333	5.10000e+01	
1.88547   	-2.79387e+01	-4.69512e+01	-1.93684e+01		         0.18500	5.20000e+01	
1.90245   	-2.53400e+01	-4.60360e+01	-2.25497e+01		         0.18667	5.30000e+01	
1.91943   	-2.40467e+01	-4.55161e+01	-2.26949e+01		         0.18833	5.50000e+01	
1.93642   	-2.48210e+01	-4.39678e+01	-2.18772e+01		         0.19000	5.60000e+01	
1.95339   	-2.46182e+01	-4.38960e+01	-2.25653e+01		         0.19167	5.70000e+01	
1.97037   	-2.62316e+01	-4.28325e+01	-2.07517e+01		         0.19333	5.90000e+01	
1.98735   	-2.73785e+01	-4.15552e+01	-2.21727e+01		         0.19500	6.00000e+01	
2.00433   	-2.88275e+01	-3.81750e+01	-2.23478e+01		         0.19667	6.20000e+01	
2.02131   	-2.95871e+01	-3.85618e+01	-2.27449e+01		         0.19833	6.40000e+01	
2.03829   	-3.07024e+01	-3.97914e+01	-2.31378e+01		         0.20000	6.70000e+01	
2.05527   	-3.13729e+01	-3.83973e+01	-2.33130e+01		         0.20167	6.90000e+01	
2.07225   	-3.29687e+01	-4.16241e+01	-2.59816e+01		         0.20333	7.20000e+01	
2.08923   	-3.29419e+01	-4.17523e+01	-2.53004e+01		         0.20500	7.50000e+01	
2.10621   	-3.27137e+01	-4.23312e+01	-2.55626e+01		         0.20667	7.80000e+01	
2.12319   	-3.27766e+01	-4.40683e+01	-2.48936e+01		         0.20833	8.10000e+01	
2.14017   	-3.24412e+01	-4.47806e+01	-2.58012e+01		         0.21000	8.50000e+01	
2.15715   	-3.27258e+01	-4.55719e+01	-2.64442e+01		         0.21167	8.80000e+01	
2.17413   	-3.35580e+01	-4.59413e+01	-2.77859e+01		         0.21333	9.10000e+01	
2.19111   	-3.40329e+01	-4.56822e+01	-2.77433e+01		         0.21500	9.50000e+01	
2.20809   	-3.46542e+01	-4.53988e+01	-2.66287e+01		         0.21667	9.80000e+01	
2.22507   	-3.47368e+01	-4.54663e+01	-2.56160e+01		         0.21833	1.01000e+02	
2.24205   	-3.44071e+01	-4.43918e+01	-2.56345e+01		         0.22000	1.04000e+02	
2.25903   	-3.47731e+01	-4.36067e+01	-2.64345e+01		         0.22167	1.06000e+02	
2.27601   	-3.36651e+01	-4.09512e+01	-2.69409e+01		         0.22333	1.08000e+02	
2.29299   	-3.18824e+01	-3.87349e+01	-2.66043e+01		         0.22500	1.10000e+02	
2.30997   	-3.03979e+01	-3.85765e+01	-2.22826e+01		         0.22667	1.11000e+02	
2.32695   	-3.08873e+01	-3.93320e+01	-2.46382e+01		         0.22833	1.13000e+02	
2.34393   	-2.93515e+01	-3.80814e+01	-2.44820e+01		         0.23000	1.14000e+02	
2.36091   	-2.84215e+01	-3.85154e+01	-1.80731e+01		         0.23167	1.14000e+02	
2.37789   	-2.74242e+01	-3.89214e+01	-1.71974e+01		         0.23333	1.15000e+02	
2.39487   	-2.62460e+01	-3.64001e+01	-1.71848e+01		         0.23500	1.15000e+02	
2.41185   	-2.60324e+01	-3.68903e+01	-1.99900e+01		         0.23667	1.14000e+02	
2.42883   	-2.48805e+01	-3.46291e+01	-2.27411e+01		         0.23833	1.13000e+02	
2.44617   	-2.20257e+01	-3.47822e+01	-2.48501e+01		         0.24000	1.12000e+02	
2.46279   	-2.07226e+01	-3.42452e+01	-2.35273e+01		         0.24167	1.11000e+02	
2.47977   	-2.06432e+01	-3.48713e+01	-2.22998e+01		         0.24333	1.09000e+02	
2.49675   	-2.06067e+01	-3.51258e+01	-2.21407e+01		         0.24500	1.07000e+02	
2.51373   	-2.06490e+01	-3.49849e+01	-2.28296e+01		         0.24667	1.05000e+02	
2.53071   	-2.07586e+01	-3.55132e+01	-2.28196e+01		         0.24833	1.03000e+02	
2.54769   	-2.08726e+01	-3.50545e+01	-2.16081e+01		         0.25000	1.00000e+02	
2.56467   	-2.15354e+01	-3.48559e+01	-2.20779e+01		         0.25167	9.70000e+01	
2.58165   	-2.22777e+01	-3.50459e+01	-2.13855e+01		         0.25333	9.40000e+01	
2.59863   	-2.26457e+01	-3.76237e+01	-2.13812e+01		         0.25500	9.10000e+01	
2.61561   	-2.22215e+01	-3.66260e+01	-2.20131e+01		         0.25667	8.80000e+01	
2.63259   	-2.28098e+01	-4.06240e+01	-2.47093e+01		         0.25833	8.40000e+01	
2.64957   	-2.50751e+01	-4.58825e+01	-2.40140e+01		         0.26000	8.10000e+01	
2.66655   	-2.43776e+01	-4.40217e+01	-2.40508e+01		         0.26167	7.70000e+01	
2.68353   	-2.33862e+01	-4.30049e+01	-2.45263e+01		         0.26333	7.40000e+01	
2.70051   	-2.53838e+01	-4.13581e+01	-2.49998e+01		         0.26500	7.00000e+01	
2.71749   	-2.41311e+01	-4.13377e+01	-2.43173e+01		         0.26667	6.60000e+01	
2.73447   	-2.27290e+01	-4.30912e+01	-2.44256e+01		         0.26833	6.20000e+01	
2.75145   	-2.52029e+01	-4.35189e+01	-2.58434e+01		         0.27000	5.70000e+01	
2.76843   	-3.51108e+01	-4.30144e+01	-2.23630e+01		         0.27167	5.20000e+01	
					         0.27333	4.60000e+01	
					         0.27500	4.00000e+01	
					         0.27667	3.40000e+01	
					         0.27833	2.70000e+01	
					         0.28000	2.00000e+01	
					         0.28167	1.30000e+01	
					         0.28333	6.00000e+00	
					         0.28500	-2.00000e+00	
					         0.28667	-9.00000e+00	
					         0.28833	-1.60000e+01	
					         0.29000	-2.40000e+01	
					         0.29167	-3.00000e+01	
					         0.29333	-3.70000e+01	
					         0.29500	-4.30000e+01	
					         0.29667	-4.90000e+01	
					         0.29833	-5.50000e+01	
					         0.30000	-6.00000e+01	
					         0.30167	-6.50000e+01	
					         0.30333	-6.90000e+01	
					         0.30500	-7.30000e+01	
					         0.30667	-7.70000e+01	
					         0.30833	-8.10000e+01	
					         0.31000	-8.40000e+01	
					         0.31167	-8.70000e+01	
					         0.31333	-9.00000e+01	
					         0.31500	-9.20000e+01	
					         0.31667	-9.40000e+01	
					         0.31833	-9.60000e+01	
					         0.32000	-9.80000e+01	
					         0.32167	-9.90000e+01	
					         0.32333	-9.90000e+01	
					         0.32500	-1.00000e+02	
					         0.32667	-1.00000e+02	
					         0.32833	-1.00000e+02	
					         0.33000	-1.00000e+02	
					         0.33167	-9.90000e+01	
					         0.33333	-9.80000e+01	
					         0.33500	-9.80000e+01	
					         0.33667	-9.60000e+01	
					         0.33833	-9.50000e+01	
					         0.34000	-9.40000e+01	
					         0.34167	-9.20000e+01	
					         0.34333	-9.00000e+01	
					         0.34500	-8.90000e+01	
					         0.34667	-8.70000e+01	
					         0.34833	-8.50000e+01	
					         0.35000	-8.30000e+01	
					         0.35167	-8.20000e+01	
					         0.35333	-8.00000e+01	
					         0.35500	-7.80000e+01	
					         0.35667	-7.70000e+01	
					         0.35833	-7.60000e+01	
					         0.36000	-7.40000e+01	
					         0.36167	-7.40000e+01	
					         0.36333	-7.30000e+01	
					         0.36500	-7.20000e+01	
					         0.36667	-7.20000e+01	
					         0.36833	-7.10000e+01	
					         0.37000	-7.10000e+01	
					         0.37167	-7.00000e+01	
					         0.37333	-6.90000e+01	
					         0.37500	-6.90000e+01	
					         0.37667	-6.80000e+01	
					         0.37833	-6.70000e+01	
					         0.38000	-6.60000e+01	
					         0.38167	-6.50000e+01	
					         0.38333	-6.30000e+01	
					         0.38500	-6.20000e+01	
					         0.38667	-6.00000e+01	
					         0.38833	-5.80000e+01	
					         0.39000	-5.60000e+01	
					         0.39167	-5.40000e+01	
					         0.39333	-5.20000e+01	
					         0.39500	-5.00000e+01	
					         0.39667	-4.80000e+01	
					         0.39833	-4.60000e+01	
					         0.40000	-4.50000e+01	
					         0.40167	-4.30000e+01	
					         0.40333	-4.10000e+01	
					         0.40500	-3.90000e+01	
					         0.40667	-3.80000e+01	
					         0.40833	-3.60000e+01	
					         0.41000	-3.40000e+01	
					         0.41167	-3.30000e+01	
					         0.41333	-3.10000e+01	
					         0.41500	-3.00000e+01	
					         0.41667	-2.80000e+01	
					         0.41833	-2.70000e+01	
					         0.42000	-2.50000e+01	
					         0.42167	-2.40000e+01	
					         0.42333	-2.20000e+01	
					         0.42500	-2.10000e+01	
					         0.42667	-2.00000e+01	
					         0.42833	-1.90000e+01	
					         0.43000	-1.90000e+01	
					         0.43167	-1.80000e+01	
					         0.43333	-1.70000e+01	
					         0.43500	-1.70000e+01	
					         0.43667	-1.60000e+01	
					         0.43833	-1.60000e+01	
					         0.44000	-1.50000e+01	
					         0.44167	-1.40000e+01	
					         0.44333	-1.40000e+01	
					         0.44500	-1.30000e+01	
					         0.44667	-1.30000e+01	
					         0.44833	-1.20000e+01	
					         0.45000	-1.10000e+01	
					         0.45167	-1.10000e+01	
					         0.45333	-1.00000e+01	
					         0.45500	-9.00000e+00	
					         0.45667	-9.00000e+00	
					         0.45833	-8.00000e+00	
					         0.46000	-8.00000e+00	
					         0.46167	-7.00000e+00	
					         0.46333	-7.00000e+00	
					         0.46500	-7.00000e+00	
					         0.46667	-7.00000e+00	
					         0.46833	-7.00000e+00	
					         0.47000	-7.00000e+00	
					         0.47167	-7.00000e+00	
					         0.47333	-7.00000e+00	
					         0.47500	-7.00000e+00	
					         0.47667	-7.00000e+00	
					         0.47833	-7.00000e+00	
					         0.48000	-7.00000e+00	
					         0.48167	-7.00000e+00	
					         0.48333	-6.00000e+00	
					         0.48500	-6.00000e+00	
					         0.48667	-5.00000e+00	
					         0.48833	-4.00000e+00	
					         0.49000	-3.00000e+00	
					         0.49167	-3.00000e+00	
					         0.49333	-2.00000e+00	
					         0.49500	-1.00000e+00	
					         0.49667	0.00000e+00	
					         0.49833	0.00000e+00	
					         0.50000	1.00000e+00	
					         0.50167	1.00000e+00	
					         0.50333	1.00000e+00	
					         0.50500	2.00000e+00	
					         0.50667	2.00000e+00	
					         0.50833	2.00000e+00	
					         0.51000	1.00000e+00	
					         0.51167	1.00000e+00	
					         0.51333	1.00000e+00	
					         0.51500	1.00000e+00	
					         0.51667	1.00000e+00	
					         0.51833	1.00000e+00	
					         0.52000	1.00000e+00	
					         0.52167	1.00000e+00	
					         0.52333	1.00000e+00	
					         0.52500	1.00000e+00	
					         0.52667	1.00000e+00	
					         0.52833	2.00000e+00	
					         0.53000	2.00000e+00	
					         0.53167	2.00000e+00	
					         0.53333	2.00000e+00	
					         0.53500	2.00000e+00	
					         0.53667	2.00000e+00	
					         0.53833	2.00000e+00	
					         0.54000	2.00000e+00	
					         0.54167	2.00000e+00	
					         0.54333	2.00000e+00	
					         0.54500	2.00000e+00	
					         0.54667	3.00000e+00	
					         0.54833	3.00000e+00	
					         0.55000	4.00000e+00	
					         0.55167	4.00000e+00	
					         0.55333	5.00000e+00	
					         0.55500	6.00000e+00	
					         0.55667	7.00000e+00	
					         0.55833	7.00000e+00	
					         0.56000	8.00000e+00	
					         0.56167	9.00000e+00	
					         0.56333	1.00000e+01	
					         0.56500	1.00000e+01	
					         0.56667	1.00000e+01	
					         0.56833	1.10000e+01	
					         0.57000	1.10000e+01	
					         0.57167	1.10000e+01	
					         0.57333	1.10000e+01	
					         0.57500	1.00000e+01	
					         0.57667	1.00000e+01	
					         0.57833	9.00000e+00	
					         0.58000	9.00000e+00	
					         0.58167	8.00000e+00	
					         0.58333	7.00000e+00	
					         0.58500	7.00000e+00	
					         0.58667	6.00000e+00	
					         0.58833	5.00000e+00	
					         0.59000	5.00000e+00	
					         0.59167	4.00000e+00	
					         0.59333	4.00000e+00	
					         0.59500	3.00000e+00	
					         0.59667	3.00000e+00	
					         0.59833	3.00000e+00	
					         0.60000	2.00000e+00	
					         0.60167	2.00000e+00	
					         0.60333	2.00000e+00	
					         0.60500	2.00000e+00	
					         0.60667	1.00000e+00	
					         0.60833	1.00000e+00	
					         0.61000	1.00000e+00	
					         0.61167	1.00000e+00	
					         0.61333	0.00000e+00	
					         0.61500	0.00000e+00	
					         0.61667	0.00000e+00	
					         0.61833	0.00000e+00	
					         0.62000	1.00000e+00	
					         0.62167	1.00000e+00	
					         0.62333	2.00000e+00	
					         0.62500	2.00000e+00	
					         0.62667	3.00000e+00	
					         0.62833	4.00000e+00	
					         0.63000	5.00000e+00	
					         0.63167	5.00000e+00	
					         0.63333	6.00000e+00	
					         0.63500	6.00000e+00	
					         0.63667	7.00000e+00	
					         0.63833	7.00000e+00	
					         0.64000	7.00000e+00	
					         0.64167	7.00000e+00	
					         0.64333	7.00000e+00	
					         0.64500	7.00000e+00	
					         0.64667	7.00000e+00	
					         0.64833	7.00000e+00	
					         0.65000	7.00000e+00	
					         0.65167	7.00000e+00	
					         0.65333	7.00000e+00	
					         0.65500	7.00000e+00	
					         0.65667	7.00000e+00	
					         0.65833	7.00000e+00	
					         0.66000	7.00000e+00	
					         0.66167	7.00000e+00	
					         0.66333	7.00000e+00	
					         0.66500	7.00000e+00	
					         0.66667	7.00000e+00	
					         0.66833	7.00000e+00	
					         0.67000	6.00000e+00	
					         0.67167	6.00000e+00	
					         0.67333	6.00000e+00	
					         0.67500	6.00000e+00	
					         0.67667	7.00000e+00	
					         0.67833	7.00000e+00	
					         0.68000	7.00000e+00	
					         0.68167	7.00000e+00	
					         0.68333	8.00000e+00	
					         0.68500	8.00000e+00	
					         0.68667	9.00000e+00	
					         0.68833	9.00000e+00	
					         0.69000	1.00000e+01	
					         0.69167	1.10000e+01	
					         0.69333	1.10000e+01	
					         0.69500	1.20000e+01	
					         0.69667	1.20000e+01	
					         0.69833	1.30000e+01	
					         0.70000	1.30000e+01	
					         0.70167	1.30000e+01	
					         0.70333	1.30000e+01	
					         0.70500	1.30000e+01	
					         0.70667	1.40000e+01	
					         0.70833	1.40000e+01	
					         0.71000	1.50000e+01	
					         0.71167	1.60000e+01	
					         0.71333	1.80000e+01	
					         0.71500	2.00000e+01	
					         0.71667	2.20000e+01	
					         0.71833	2.40000e+01	
					         0.72000	2.70000e+01	
					         0.72167	3.00000e+01	
					         0.72333	3.40000e+01	
					         0.72500	3.70000e+01	
					         0.72667	4.10000e+01	
					         0.72833	4.40000e+01	
					         0.73000	4.80000e+01	
					         0.73167	5.10000e+01	
					         0.73333	5.40000e+01	
					         0.73500	5.70000e+01	
					         0.73667	6.00000e+01	
					         0.73833	6.20000e+01	
					         0.74000	6.40000e+01	
					         0.74167	6.60000e+01	
					         0.74333	6.70000e+01	
					         0.74500	6.80000e+01	
					         0.74667	6.90000e+01	
					         0.74833	7.00000e+01	
					         0.75000	7.00000e+01	
					         0.75167	7.00000e+01	
					         0.75333	6.90000e+01	
					         0.75500	6.80000e+01	
					         0.75667	6.70000e+01	
					         0.75833	6.50000e+01	
					         0.76000	6.30000e+01	
					         0.76167	6.00000e+01	
					         0.76333	5.70000e+01	
					         0.76500	5.30000e+01	
					         0.76667	4.90000e+01	
					         0.76833	4.40000e+01	
					         0.77000	4.00000e+01	
					         0.77167	3.50000e+01	
					         0.77333	3.00000e+01	
					         0.77500	2.50000e+01	
					         0.77667	2.00000e+01	
					         0.77833	1.50000e+01	
					         0.78000	1.10000e+01	
					         0.78167	7.00000e+00	
					         0.78333	2.00000e+00	
					         0.78500	-1.00000e+00	
					         0.78667	-5.00000e+00	
					         0.78833	-9.00000e+00	
					         0.79000	-1.20000e+01	
					         0.79167	-1.50000e+01	
					         0.79333	-1.80000e+01	
					         0.79500	-2.00000e+01	
					         0.79667	-2.20000e+01	
					         0.79833	-2.40000e+01	
					         0.80000	-2.60000e+01	
					         0.80167	-2.70000e+01	
					         0.80333	-2.80000e+01	
					         0.80500	-2.80000e+01	
					         0.80667	-2.80000e+01	
					         0.80833	-2.80000e+01	
					         0.81000	-2.80000e+01	
					         0.81167	-2.80000e+01	
					         0.81333	-2.80000e+01	
					         0.81500	-2.70000e+01	
					         0.81667	-2.70000e+01	
					         0.81833	-2.60000e+01	
					         0.82000	-2.60000e+01	
					         0.82167	-2.60000e+01	
					         0.82333	-2.50000e+01	
					         0.82500	-2.50000e+01	
					         0.82667	-2.50000e+01	
					         0.82833	-2.60000e+01	
					         0.83000	-2.60000e+01	
					         0.83167	-2.60000e+01	
					         0.83333	-2.60000e+01	
					         0.83500	-2.60000e+01	
					         0.83667	-2.70000e+01	
					         0.83833	-2.70000e+01	
					         0.84000	-2.70000e+01	
					         0.84167	-2.70000e+01	
					         0.84333	-2.60000e+01	
					         0.84500	-2.60000e+01	
					         0.84667	-2.50000e+01	
					         0.84833	-2.40000e+01	
					         0.85000	-2.40000e+01	
					         0.85167	-2.20000e+01	
					         0.85333	-2.10000e+01	
					         0.85500	-1.90000e+01	
					         0.85667	-1.60000e+01	
					         0.85833	-1.30000e+01	
					         0.86000	-8.00000e+00	
					         0.86167	-3.00000e+00	
					         0.86333	3.00000e+00	
					         0.86500	1.00000e+01	
					         0.86667	1.80000e+01	
					         0.86833	2.70000e+01	
					         0.87000	3.60000e+01	
					         0.87167	4.50000e+01	
					         0.87333	5.50000e+01	
					         0.87500	6.60000e+01	
					         0.87667	7.70000e+01	
					         0.87833	8.90000e+01	
					         0.88000	1.02000e+02	
					         0.88167	1.14000e+02	
					         0.88333	1.26000e+02	
					         0.88500	1.36000e+02	
					         0.88667	1.44000e+02	
					         0.88833	1.48000e+02	
					         0.89000	1.49000e+02	
					         0.89167	1.46000e+02	
					         0.89333	1.38000e+02	
					         0.89500	1.24000e+02	
					         0.89667	1.05000e+02	
					         0.89833	8.00000e+01	
					         0.90000	5.00000e+01	
					         0.90167	1.40000e+01	
					         0.90333	-2.40000e+01	
					         0.90500	-6.40000e+01	
					         0.90667	-1.03000e+02	
					         0.90833	-1.40000e+02	
					         0.91000	-1.74000e+02	
					         0.91167	-2.03000e+02	
					         0.91333	-2.26000e+02	
					         0.91500	-2.43000e+02	
					         0.91667	-2.53000e+02	
					         0.91833	-2.57000e+02	
					         0.92000	-2.54000e+02	
					         0.92167	-2.44000e+02	
					         0.92333	-2.29000e+02	
					         0.92500	-2.11000e+02	
					         0.92667	-1.89000e+02	
					         0.92833	-1.66000e+02	
					         0.93000	-1.42000e+02	
					         0.93167	-1.18000e+02	
					         0.93333	-9.50000e+01	
					         0.93500	-7.30000e+01	
					         0.93667	-5.40000e+01	
					         0.93833	-3.70000e+01	
					         0.94000	-2.20000e+01	
					         0.94167	-9.00000e+00	
					         0.94333	2.00000e+00	
					         0.94500	1.10000e+01	
					         0.94667	1.80000e+01	
					         0.94833	2.40000e+01	
					         0.95000	2.80000e+01	
					         0.95167	3.10000e+01	
					         0.95333	3.40000e+01	
					         0.95500	3.60000e+01	
					         0.95667	3.70000e+01	
					         0.95833	3.80000e+01	
					         0.96000	3.80000e+01	
					         0.96167	3.90000e+01	
					         0.96333	3.90000e+01	
					         0.96500	3.90000e+01	
					         0.96667	3.90000e+01	
					         0.96833	4.00000e+01	
					         0.97000	4.00000e+01	
					         0.97167	4.10000e+01	
					         0.97333	4.10000e+01	
					         0.97500	4.20000e+01	
					         0.97667	4.20000e+01	
					         0.97833	4.20000e+01	
					         0.98000	4.30000e+01	
					         0.98167	4.30000e+01	
					         0.98333	4.40000e+01	
					         0.98500	4.40000e+01	
					         0.98667	4.40000e+01	
					         0.98833	4.50000e+01	
					         0.99000	4.50000e+01	
					         0.99167	4.50000e+01	
					         0.99333	4.60000e+01	
					         0.99500	4.60000e+01	
					         0.99667	4.60000e+01	
					         0.99833	4.70000e+01	
					         1.00000	4.70000e+01	
					         1.00167	4.70000e+01	
					         1.00333	4.80000e+01	
					         1.00500	4.80000e+01	
					         1.00667	4.80000e+01	
					         1.00833	4.80000e+01	
					         1.01000	4.70000e+01	
					         1.01167	4.70000e+01	
					         1.01333	4.60000e+01	
					         1.01500	4.60000e+01	
					         1.01667	4.50000e+01	
					         1.01833	4.40000e+01	
					         1.02000	4.30000e+01	
					         1.02167	4.20000e+01	
					         1.02333	4.10000e+01	
					         1.02500	3.90000e+01	
					         1.02667	3.80000e+01	
					         1.02833	3.70000e+01	
					         1.03000	3.60000e+01	
					         1.03167	3.50000e+01	
					         1.03333	3.40000e+01	
					         1.03500	3.30000e+01	
					         1.03667	3.30000e+01	
					         1.03833	3.20000e+01	
					         1.04000	3.20000e+01	
					         1.04167	3.20000e+01	
					         1.04333	3.10000e+01	
					         1.04500	3.10000e+01	
					         1.04667	3.10000e+01	
					         1.04833	3.10000e+01	
					         1.05000	3.10000e+01	
					         1.05167	3.10000e+01	
					         1.05333	3.10000e+01	
					         1.05500	3.20000e+01	
					         1.05667	3.20000e+01	
					         1.05833	3.30000e+01	
					         1.06000	3.40000e+01	
					         1.06167	3.50000e+01	
					         1.06333	3.60000e+01	
					         1.06500	3.70000e+01	
					         1.06667	3.90000e+01	
					         1.06833	4.00000e+01	
					         1.07000	4.10000e+01	
					         1.07167	4.20000e+01	
					         1.07333	4.40000e+01	
					         1.07500	4.50000e+01	
					         1.07667	4.60000e+01	
					         1.07833	4.70000e+01	
					         1.08000	4.90000e+01	
					         1.08167	5.00000e+01	
					         1.08333	5.10000e+01	
					         1.08500	5.30000e+01	
					         1.08667	5.40000e+01	
					         1.08833	5.60000e+01	
					         1.09000	5.80000e+01	
					         1.09167	6.00000e+01	
					         1.09333	6.20000e+01	
					         1.09500	6.30000e+01	
					         1.09667	6.50000e+01	
					         1.09833	6.70000e+01	
					         1.10000	6.90000e+01	
					         1.10167	7.10000e+01	
					         1.10333	7.30000e+01	
					         1.10500	7.50000e+01	
					         1.10667	7.60000e+01	
					         1.10833	7.80000e+01	
					         1.11000	8.00000e+01	
					         1.11167	8.20000e+01	
					         1.11333	8.40000e+01	
					         1.11500	8.70000e+01	
					         1.11667	8.90000e+01	
					         1.11833	9.20000e+01	
					         1.12000	9.50000e+01	
					         1.12167	9.80000e+01	
					         1.12333	1.01000e+02	
					         1.12500	1.03000e+02	
					         1.12667	1.06000e+02	
					         1.12833	1.09000e+02	
					         1.13000	1.11000e+02	
					         1.13167	1.14000e+02	
					         1.13333	1.16000e+02	
					         1.13500	1.17000e+02	
					         1.13667	1.19000e+02	
					         1.13833	1.20000e+02	
					         1.14000	1.21000e+02	
					         1.14167	1.22000e+02	
					         1.14333	1.22000e+02	
					         1.14500	1.23000e+02	
					         1.14667	1.23000e+02	
					         1.14833	1.24000e+02	
					         1.15000	1.24000e+02	
					         1.15167	1.24000e+02	
					         1.15333	1.23000e+02	
					         1.15500	1.23000e+02	
					         1.15667	1.22000e+02	
					         1.15833	1.21000e+02	
					         1.16000	1.19000e+02	
					         1.16167	1.17000e+02	
					         1.16333	1.15000e+02	
					         1.16500	1.12000e+02	
					         1.16667	1.09000e+02	
					         1.16833	1.06000e+02	
					         1.17000	1.02000e+02	
					         1.17167	9.70000e+01	
					         1.17333	9.20000e+01	
					         1.17500	8.70000e+01	
					         1.17667	8.20000e+01	
					         1.17833	7.60000e+01	
					         1.18000	7.00000e+01	
					         1.18167	6.40000e+01	
					         1.18333	5.80000e+01	
					         1.18500	5.20000e+01	
					         1.18667	4.60000e+01	
					         1.18833	4.00000e+01	
					         1.19000	3.30000e+01	
					         1.19167	2.70000e+01	
					         1.19333	2.10000e+01	
					         1.19500	1.50000e+01	
					         1.19667	9.00000e+00	
					         1.19833	3.00000e+00	
					         1.20000	-3.00000e+00	
					         1.20167	-8.00000e+00	
					         1.20333	-1.40000e+01	
					         1.20500	-1.90000e+01	
					         1.20667	-2.40000e+01	
					         1.20833	-2.90000e+01	
					         1.21000	-3.40000e+01	
					         1.21167	-3.90000e+01	
					         1.21333	-4.30000e+01	
					         1.21500	-4.70000e+01	
					         1.21667	-5.10000e+01	
					         1.21833	-5.50000e+01	
					         1.22000	-5.90000e+01	
					         1.22167	-6.30000e+01	
					         1.22333	-6.60000e+01	
					         1.22500	-6.90000e+01	
					         1.22667	-7.10000e+01	
					         1.22833	-7.40000e+01	
					         1.23000	-7.60000e+01	
					         1.23167	-7.80000e+01	
					         1.23333	-7.90000e+01	
					         1.23500	-8.10000e+01	
					         1.23667	-8.20000e+01	
					         1.23833	-8.20000e+01	
					         1.24000	-8.30000e+01	
					         1.24167	-8.30000e+01	
					         1.24333	-8.30000e+01	
					         1.24500	-8.30000e+01	
					         1.24667	-8.30000e+01	
					         1.24833	-8.30000e+01	
					         1.25000	-8.20000e+01	
					         1.25167	-8.20000e+01	
					         1.25333	-8.10000e+01	
					         1.25500	-8.10000e+01	
					         1.25667	-8.10000e+01	
					         1.25833	-8.00000e+01	
					         1.26000	-8.00000e+01	
					         1.26167	-8.00000e+01	
					         1.26333	-7.90000e+01	
					         1.26500	-7.90000e+01	
					         1.26667	-7.90000e+01	
					         1.26833	-7.90000e+01	
					         1.27000	-7.80000e+01	
					         1.27167	-7.80000e+01	
					         1.27333	-7.70000e+01	
					         1.27500	-7.60000e+01	
					         1.27667	-7.60000e+01	
					         1.27833	-7.50000e+01	
					         1.28000	-7.30000e+01	
					         1.28167	-7.20000e+01	
					         1.28333	-7.10000e+01	
					         1.28500	-6.90000e+01	
					         1.28667	-6.80000e+01	
					         1.28833	-6.60000e+01	
					         1.29000	-6.50000e+01	
					         1.29167	-6.30000e+01	
					         1.29333	-6.20000e+01	
					         1.29500	-6.00000e+01	
					         1.29667	-5.90000e+01	
					         1.29833	-5.80000e+01	
					         1.30000	-5.70000e+01	
					         1.30167	-5.60000e+01	
					         1.30333	-5.50000e+01	
					         1.30500	-5.40000e+01	
					         1.30667	-5.30000e+01	
					         1.30833	-5.20000e+01	
					         1.31000	-5.10000e+01	
					         1.31167	-4.90000e+01	
					         1.31333	-4.80000e+01	
					         1.31500	-4.60000e+01	
					         1.31667	-4.50000e+01	
					         1.31833	-4.30000e+01	
					         1.32000	-4.10000e+01	
					         1.32167	-3.90000e+01	
					         1.32333	-3.80000e+01	
					         1.32500	-3.60000e+01	
					         1.32667	-3.40000e+01	
					         1.32833	-3.30000e+01	
					         1.33000	-3.20000e+01	
					         1.33167	-3.10000e+01	
					         1.33333	-3.00000e+01	
					         1.33500	-2.90000e+01	
					         1.33667	-2.80000e+01	
					         1.33833	-2.70000e+01	
					         1.34000	-2.60000e+01	
					         1.34167	-2.50000e+01	
					         1.34333	-2.30000e+01	
					         1.34500	-2.20000e+01	
					         1.34667	-2.10000e+01	
					         1.34833	-1.90000e+01	
					         1.35000	-1.80000e+01	
					         1.35167	-1.70000e+01	
					         1.35333	-1.50000e+01	
					         1.35500	-1.40000e+01	
					         1.35667	-1.30000e+01	
					         1.35833	-1.10000e+01	
					         1.36000	-1.00000e+01	
					         1.36167	-9.00000e+00	
					         1.36333	-8.00000e+00	
					         1.36500	-8.00000e+00	
					         1.36667	-7.00000e+00	
					         1.36833	-6.00000e+00	
					         1.37000	-6.00000e+00	
					         1.37167	-5.00000e+00	
					         1.37333	-4.00000e+00	
					         1.37500	-4.00000e+00	
					         1.37667	-3.00000e+00	
					         1.37833	-3.00000e+00	
					         1.38000	-2.00000e+00	
					         1.38167	-2.00000e+00	
					         1.38333	-1.00000e+00	
					         1.38500	-1.00000e+00	
					         1.38667	-1.00000e+00	
					         1.38833	0.00000e+00	
					         1.39000	0.00000e+00	
					         1.39167	0.00000e+00	
					         1.39333	0.00000e+00	
					         1.39500	0.00000e+00	
					         1.39667	-1.00000e+00	
					         1.39833	-1.00000e+00	
					         1.40000	-1.00000e+00	
					         1.40167	-2.00000e+00	
					         1.40333	-3.00000e+00	
					         1.40500	-3.00000e+00	
					         1.40667	-4.00000e+00	
					         1.40833	-5.00000e+00	
					         1.41000	-5.00000e+00	
					         1.41167	-6.00000e+00	
					         1.41333	-7.00000e+00	
					         1.41500	-8.00000e+00	
					         1.41667	-9.00000e+00	
					         1.41833	-9.00000e+00	
					         1.42000	-1.00000e+01	
					         1.42167	-1.00000e+01	
					         1.42333	-1.10000e+01	
					         1.42500	-1.10000e+01	
					         1.42667	-1.10000e+01	
					         1.42833	-1.10000e+01	
					         1.43000	-1.10000e+01	
					         1.43167	-1.10000e+01	
					         1.43333	-1.10000e+01	
					         1.43500	-1.10000e+01	
					         1.43667	-1.00000e+01	
					         1.43833	-1.00000e+01	
					         1.44000	-1.00000e+01	
					         1.44167	-9.00000e+00	
					         1.44333	-9.00000e+00	
					         1.44500	-8.00000e+00	
					         1.44667	-8.00000e+00	
					         1.44833	-7.00000e+00	
					         1.45000	-7.00000e+00	
					         1.45167	-6.00000e+00	
					         1.45333	-5.00000e+00	
					         1.45500	-5.00000e+00	
					         1.45667	-4.00000e+00	
					         1.45833	-4.00000e+00	
					         1.46000	-3.00000e+00	
					         1.46167	-3.00000e+00	
					         1.46333	-2.00000e+00	
					         1.46500	-2.00000e+00	
					         1.46667	-1.00000e+00	
					         1.46833	-1.00000e+00	
					         1.47000	-1.00000e+00	
					         1.47167	-1.00000e+00	
					         1.47333	-1.00000e+00	
					         1.47500	0.00000e+00	
					         1.47667	0.00000e+00	
					         1.47833	0.00000e+00	
					         1.48000	0.00000e+00	
					         1.48167	0.00000e+00	
					         1.48333	0.00000e+00	
					         1.48500	0.00000e+00	
					         1.48667	0.00000e+00	
					         1.48833	1.00000e+00	
					         1.49000	1.00000e+00	
					         1.49167	1.00000e+00	
					         1.49333	1.00000e+00	
					         1.49500	1.00000e+00	
					         1.49667	2.00000e+00	
					         1.49833	2.00000e+00	
					         1.50000	2.00000e+00	
					         1.50167	3.00000e+00	
					         1.50333	3.00000e+00	
					         1.50500	4.00000e+00	
					         1.50667	4.00000e+00	
					         1.50833	5.00000e+00	
					         1.51000	6.00000e+00	
					         1.51167	6.00000e+00	
					         1.51333	7.00000e+00	
					         1.51500	8.00000e+00	
					         1.51667	8.00000e+00	
					         1.51833	9.00000e+00	
					         1.52000	9.00000e+00	
					         1.52167	9.00000e+00	
					         1.52333	1.00000e+01	
					         1.52500	1.00000e+01	
					         1.52667	1.00000e+01	
					         1.52833	1.00000e+01	
					         1.53000	1.00000e+01	
					         1.53167	1.00000e+01	
					         1.53333	1.00000e+01	
					         1.53500	9.00000e+00	
					         1.53667	9.00000e+00	
					         1.53833	9.00000e+00	
					         1.54000	8.00000e+00	
					         1.54167	8.00000e+00	
					         1.54333	8.00000e+00	
					         1.54500	7.00000e+00	
					         1.54667	7.00000e+00	
					         1.54833	6.00000e+00	
					         1.55000	6.00000e+00	
					         1.55167	5.00000e+00	
					         1.55333	5.00000e+00	
					         1.55500	4.00000e+00	
					         1.55667	4.00000e+00	
					         1.55833	3.00000e+00	
					         1.56000	2.00000e+00	
					         1.56167	2.00000e+00	
					         1.56333	1.00000e+00	
					         1.56500	0.00000e+00	
					         1.56667	0.00000e+00	
					         1.56833	-1.00000e+00	
					         1.57000	-1.00000e+00	
					         1.57167	-1.00000e+00	
					         1.57333	-1.00000e+00	
					         1.57500	-1.00000e+00	
					         1.57667	-1.00000e+00	
					         1.57833	0.00000e+00	
					         1.58000	0.00000e+00	
					         1.58167	1.00000e+00	
					         1.58333	2.00000e+00	
					         1.58500	3.00000e+00	
					         1.58667	4.00000e+00	
					         1.58833	5.00000e+00	
					         1.59000	6.00000e+00	
					         1.59167	7.00000e+00	
					         1.59333	8.00000e+00	
					         1.59500	9.00000e+00	
					         1.59667	1.00000e+01	
					         1.59833	1.00000e+01	
					         1.60000	1.10000e+01	
					         1.60167	1.10000e+01	
					         1.60333	1.20000e+01	
					         1.60500	1.20000e+01	
					         1.60667	1.20000e+01	
					         1.60833	1.30000e+01	
					         1.61000	1.30000e+01	
					         1.61167	1.30000e+01	
					         1.61333	1.30000e+01	
					         1.61500	1.30000e+01	
					         1.61667	1.40000e+01	
					         1.61833	1.40000e+01	
					         1.62000	1.50000e+01	
					         1.62167	1.60000e+01	
					         1.62333	1.80000e+01	
					         1.62500	2.00000e+01	
					         1.62667	2.20000e+01	
					         1.62833	2.40000e+01	
					         1.63000	2.70000e+01	
					         1.63167	3.00000e+01	
					         1.63333	3.30000e+01	
					         1.63500	3.60000e+01	
					         1.63667	3.90000e+01	
					         1.63833	4.30000e+01	
					         1.64000	4.60000e+01	
					         1.64167	4.90000e+01	
					         1.64333	5.10000e+01	
					         1.64500	5.40000e+01	
					         1.64667	5.60000e+01	
					         1.64833	5.80000e+01	
					         1.65000	6.00000e+01	
					         1.65167	6.10000e+01	
					         1.65333	6.20000e+01	
					         1.65500	6.30000e+01	
					         1.65667	6.30000e+01	
					         1.65833	6.40000e+01	
					         1.66000	6.40000e+01	
					         1.66167	6.30000e+01	
					         1.66333	6.30000e+01	
					         1.66500	6.20000e+01	
					         1.66667	6.10000e+01	
					         1.66833	6.00000e+01	
					         1.67000	5.80000e+01	
					         1.67167	5.50000e+01	
					         1.67333	5.30000e+01	
					         1.67500	5.00000e+01	
					         1.67667	4.70000e+01	
					         1.67833	4.40000e+01	
					         1.68000	4.00000e+01	
					         1.68167	3.60000e+01	
					         1.68333	3.20000e+01	
					         1.68500	2.80000e+01	
					         1.68667	2.30000e+01	
					         1.68833	1.80000e+01	
					         1.69000	1.30000e+01	
					         1.69167	8.00000e+00	
					         1.69333	3.00000e+00	
					         1.69500	-2.00000e+00	
					         1.69667	-7.00000e+00	
					         1.69833	-1.10000e+01	
					         1.70000	-1.60000e+01	
					         1.70167	-2.10000e+01	
					         1.70333	-2.50000e+01	
					         1.70500	-2.90000e+01	
					         1.70667	-3.20000e+01	
					         1.70833	-3.60000e+01	
					         1.71000	-3.80000e+01	
					         1.71167	-4.10000e+01	
					         1.71333	-4.30000e+01	
					         1.71500	-4.50000e+01	
					         1.71667	-4.60000e+01	
					         1.71833	-4.80000e+01	
					         1.72000	-4.90000e+01	
					         1.72167	-5.00000e+01	
					         1.72333	-5.10000e+01	
					         1.72500	-5.20000e+01	
					         1.72667	-5.30000e+01	
					         1.72833	-5.30000e+01	
					         1.73000	-5.40000e+01	
					         1.73167	-5.40000e+01	
					         1.73333	-5.40000e+01	
					         1.73500	-5.40000e+01	
					         1.73667	-5.30000e+01	
					         1.73833	-5.30000e+01	
					         1.74000	-5.20000e+01	
					         1.74167	-5.20000e+01	
					         1.74333	-5.10000e+01	
					         1.74500	-5.00000e+01	
					         1.74667	-4.90000e+01	
					         1.74833	-4.70000e+01	
					         1.75000	-4.60000e+01	
					         1.75167	-4.40000e+01	
					         1.75333	-4.30000e+01	
					         1.75500	-4.10000e+01	
					         1.75667	-3.90000e+01	
					         1.75833	-3.70000e+01	
					         1.76000	-3.50000e+01	
					         1.76167	-3.30000e+01	
					         1.76333	-3.20000e+01	
					         1.76500	-3.00000e+01	
					         1.76667	-2.80000e+01	
					         1.76833	-2.50000e+01	
					         1.77000	-2.20000e+01	
					         1.77167	-1.80000e+01	
					         1.77333	-1.30000e+01	
					         1.77500	-8.00000e+00	
					         1.77667	-1.00000e+00	
					         1.77833	6.00000e+00	
					         1.78000	1.30000e+01	
					         1.78167	2.10000e+01	
					         1.78333	3.00000e+01	
					         1.78500	3.90000e+01	
					         1.78667	4.90000e+01	
					         1.78833	5.90000e+01	
					         1.79000	7.00000e+01	
					         1.79167	8.10000e+01	
					         1.79333	9.30000e+01	
					         1.79500	1.03000e+02	
					         1.79667	1.11000e+02	
					         1.79833	1.18000e+02	
					         1.80000	1.21000e+02	
					         1.80167	1.21000e+02	
					         1.80333	1.17000e+02	
					         1.80500	1.08000e+02	
					         1.80667	9.50000e+01	
					         1.80833	7.60000e+01	
					         1.81000	5.20000e+01	
					         1.81167	2.40000e+01	
					         1.81333	-1.00000e+01	
					         1.81500	-4.60000e+01	
					         1.81667	-8.30000e+01	
					         1.81833	-1.20000e+02	
					         1.82000	-1.55000e+02	
					         1.82167	-1.86000e+02	
					         1.82333	-2.13000e+02	
					         1.82500	-2.35000e+02	
					         1.82667	-2.51000e+02	
					         1.82833	-2.61000e+02	
					         1.83000	-2.64000e+02	
					         1.83167	-2.61000e+02	
					         1.83333	-2.52000e+02	
					         1.83500	-2.38000e+02	
					         1.83667	-2.20000e+02	
					         1.83833	-1.99000e+02	
					         1.84000	-1.76000e+02	
					         1.84167	-1.52000e+02	
					         1.84333	-1.28000e+02	
					         1.84500	-1.05000e+02	
					         1.84667	-8.30000e+01	
					         1.84833	-6.30000e+01	
					         1.85000	-4.50000e+01	
					         1.85167	-2.90000e+01	
					         1.85333	-1.50000e+01	
					         1.85500	-3.00000e+00	
					         1.85667	6.00000e+00	
					         1.85833	1.40000e+01	
					         1.86000	2.10000e+01	
					         1.86167	2.50000e+01	
					         1.86333	2.90000e+01	
					         1.86500	3.10000e+01	
					         1.86667	3.20000e+01	
					         1.86833	3.30000e+01	
					         1.87000	3.30000e+01	
					         1.87167	3.30000e+01	
					         1.87333	3.20000e+01	
					         1.87500	3.00000e+01	
					         1.87667	2.90000e+01	
					         1.87833	2.80000e+01	
					         1.88000	2.60000e+01	
					         1.88167	2.50000e+01	
					         1.88333	2.40000e+01	
					         1.88500	2.30000e+01	
					         1.88667	2.20000e+01	
					         1.88833	2.10000e+01	
					         1.89000	2.10000e+01	
					         1.89167	2.10000e+01	
					         1.89333	2.10000e+01	
					         1.89500	2.10000e+01	
					         1.89667	2.10000e+01	
					         1.89833	2.10000e+01	
					         1.90000	2.20000e+01	
					         1.90167	2.20000e+01	
					         1.90333	2.30000e+01	
					         1.90500	2.30000e+01	
					         1.90667	2.30000e+01	
					         1.90833	2.40000e+01	
					         1.91000	2.40000e+01	
					         1.91167	2.30000e+01	
					         1.91333	2.30000e+01	
					         1.91500	2.30000e+01	
					         1.91667	2.20000e+01	
					         1.91833	2.10000e+01	
					         1.92000	2.00000e+01	
					         1.92167	1.90000e+01	
					         1.92333	1.80000e+01	
					         1.92500	1.60000e+01	
					         1.92667	1.50000e+01	
					         1.92833	1.40000e+01	
					         1.93000	1.30000e+01	
					         1.93167	1.10000e+01	
					         1.93333	1.00000e+01	
					         1.93500	9.00000e+00	
					         1.93667	8.00000e+00	
					         1.93833	7.00000e+00	
					         1.94000	6.00000e+00	
					         1.94167	6.00000e+00	
					         1.94333	6.00000e+00	
					         1.94500	6.00000e+00	
					         1.94667	6.00000e+00	
					         1.94833	6.00000e+00	
					         1.95000	6.00000e+00	
					         1.95167	7.00000e+00	
					         1.95333	7.00000e+00	
					         1.95500	8.00000e+00	
					         1.95667	8.00000e+00	
					         1.95833	9.00000e+00	
					         1.96000	1.00000e+01	
					         1.96167	1.00000e+01	
					         1.96333	1.10000e+01	
					         1.96500	1.20000e+01	
					         1.96667	1.20000e+01	
					         1.96833	1.30000e+01	
					         1.97000	1.40000e+01	
					         1.97167	1.40000e+01	
					         1.97333	1.50000e+01	
					         1.97500	1.60000e+01	
					         1.97667	1.60000e+01	
					         1.97833	1.70000e+01	
					         1.98000	1.80000e+01	
					         1.98167	1.90000e+01	
					         1.98333	2.00000e+01	
					         1.98500	2.10000e+01	
					         1.98667	2.20000e+01	
					         1.98833	2.30000e+01	
					         1.99000	2.40000e+01	
					         1.99167	2.50000e+01	
					         1.99333	2.60000e+01	
					         1.99500	2.70000e+01	
					         1.99667	2.80000e+01	
					         1.99833	2.90000e+01	
					         2.00000	3.10000e+01	
					         2.00167	3.30000e+01	
					         2.00333	3.40000e+01	
					         2.00500	3.60000e+01	
					         2.00667	3.80000e+01	
					         2.00833	4.10000e+01	
					         2.01000	4.30000e+01	
					         2.01167	4.60000e+01	
					         2.01333	4.90000e+01	
					         2.01500	5.20000e+01	
					         2.01667	5.50000e+01	
					         2.01833	5.80000e+01	
					         2.02000	6.20000e+01	
					         2.02167	6.50000e+01	
					         2.02333	6.80000e+01	
					         2.02500	7.10000e+01	
					         2.02667	7.40000e+01	
					         2.02833	7.80000e+01	
					         2.03000	8.10000e+01	
					         2.03167	8.40000e+01	
					         2.03333	8.60000e+01	
					         2.03500	8.90000e+01	
					         2.03667	9.20000e+01	
					         2.03833	9.40000e+01	
					         2.04000	9.70000e+01	
					         2.04167	9.90000e+01	
					         2.04333	1.02000e+02	
					         2.04500	1.04000e+02	
					         2.04667	1.06000e+02	
					         2.04833	1.08000e+02	
					         2.05000	1.10000e+02	
					         2.05167	1.12000e+02	
					         2.05333	1.13000e+02	
					         2.05500	1.14000e+02	
					         2.05667	1.15000e+02	
					         2.05833	1.15000e+02	
					         2.06000	1.15000e+02	
					         2.06167	1.14000e+02	
					         2.06333	1.13000e+02	
					         2.06500	1.11000e+02	
					         2.06667	1.10000e+02	
					         2.06833	1.08000e+02	
					         2.07000	1.05000e+02	
					         2.07167	1.03000e+02	
					         2.07333	1.00000e+02	
					         2.07500	9.60000e+01	
					         2.07667	9.30000e+01	
					         2.07833	8.90000e+01	
					         2.08000	8.60000e+01	
					         2.08167	8.20000e+01	
					         2.08333	7.70000e+01	
					         2.08500	7.30000e+01	
					         2.08667	6.80000e+01	
					         2.08833	6.40000e+01	
					         2.09000	5.90000e+01	
					         2.09167	5.40000e+01	
					         2.09333	5.00000e+01	
					         2.09500	4.50000e+01	
					         2.09667	3.90000e+01	
					         2.09833	3.40000e+01	
					         2.10000	2.90000e+01	
					         2.10167	2.40000e+01	
					         2.10333	1.80000e+01	
					         2.10500	1.20000e+01	
					         2.10667	7.00000e+00	
					         2.10833	1.00000e+00	
					         2.11000	-5.00000e+00	
					         2.11167	-1.10000e+01	
					         2.11333	-1.60000e+01	
					         2.11500	-2.20000e+01	
					         2.11667	-2.70000e+01	
					         2.11833	-3.20000e+01	
					         2.12000	-3.60000e+01	
					         2.12167	-4.00000e+01	
					         2.12333	-4.40000e+01	
					         2.12500	-4.80000e+01	
					         2.12667	-5.10000e+01	
					         2.12833	-5.50000e+01	
					         2.13000	-5.80000e+01	
					         2.13167	-6.00000e+01	
					         2.13333	-6.30000e+01	
					         2.13500	-6.50000e+01	
					         2.13667	-6.70000e+01	
					         2.13833	-6.90000e+01	
					         2.14000	-7.10000e+01	
					         2.14167	-7.30000e+01	
					         2.14333	-7.40000e+01	
					         2.14500	-7.60000e+01	
					         2.14667	-7.70000e+01	
					         2.14833	-7.80000e+01	
					         2.15000	-7.90000e+01	
					         2.15167	-7.90000e+01	
					         2.15333	-8.00000e+01	
					         2.15500	-8.00000e+01	
					         2.15667	-8.00000e+01	
					         2.15833	-8.00000e+01	
					         2.16000	-8.00000e+01	
					         2.16167	-7.90000e+01	
					         2.16333	-7.90000e+01	
					         2.16500	-7.90000e+01	
					         2.16667	-7.80000e+01	
					         2.16833	-7.80000e+01	
					         2.17000	-7.80000e+01	
					         2.17167	-7.70000e+01	
					         2.17333	-7.70000e+01	
					         2.17500	-7.70000e+01	
					         2.17667	-7.70000e+01	
					         2.17833	-7.70000e+01	
					         2.18000	-7.60000e+01	
					         2.18167	-7.60000e+01	
					         2.18333	-7.50000e+01	
					         2.18500	-7.50000e+01	
					         2.18667	-7.40000e+01	
					         2.18833	-7.30000e+01	
					         2.19000	-7.20000e+01	
					         2.19167	-7.10000e+01	
					         2.19333	-7.00000e+01	
					         2.19500	-6.80000e+01	
					         2.19667	-6.70000e+01	
					         2.19833	-6.50000e+01	
					         2.20000	-6.40000e+01	
					         2.20167	-6.20000e+01	
					         2.20333	-6.10000e+01	
					         2.20500	-5.90000e+01	
					         2.20667	-5.80000e+01	
					         2.20833	-5.60000e+01	
					         2.21000	-5.50000e+01	
					         2.21167	-5.40000e+01	
					         2.21333	-5.20000e+01	
					         2.21500	-5.10000e+01	
					         2.21667	-4.90000e+01	
					         2.21833	-4.80000e+01	
					         2.22000	-4.60000e+01	
					         2.22167	-4.50000e+01	
					         2.22333	-4.40000e+01	
					         2.22500	-4.20000e+01	
					         2.22667	-4.10000e+01	
					         2.22833	-3.90000e+01	
					         2.23000	-3.80000e+01	
					         2.23167	-3.70000e+01	
					         2.23333	-3.60000e+01	
					         2.23500	-3.50000e+01	
					         2.23667	-3.40000e+01	
					         2.23833	-3.30000e+01	
					         2.24000	-3.20000e+01	
					         2.24167	-3.20000e+01	
					         2.24333	-3.10000e+01	
					         2.24500	-3.00000e+01	
					         2.24667	-3.00000e+01	
					         2.24833	-2.90000e+01	
					         2.25000	-2.80000e+01	
					         2.25167	-2.80000e+01	
					         2.25333	-2.70000e+01	
					         2.25500	-2.60000e+01	
					         2.25667	-2.50000e+01	
					         2.25833	-2.50000e+01	
					         2.26000	-2.40000e+01	
					         2.26167	-2.30000e+01	
					         2.26333	-2.20000e+01	
					         2.26500	-2.10000e+01	
					         2.26667	-2.00000e+01	
					         2.26833	-1.90000e+01	
					         2.27000	-1.80000e+01	
					         2.27167	-1.70000e+01	
					         2.27333	-1.60000e+01	
					         2.27500	-1.50000e+01	
					         2.27667	-1.40000e+01	
					         2.27833	-1.30000e+01	
					         2.28000	-1.30000e+01	
					         2.28167	-1.20000e+01	
					         2.28333	-1.10000e+01	
					         2.28500	-1.00000e+01	
					         2.28667	-9.00000e+00	
					         2.28833	-8.00000e+00	
					         2.29000	-7.00000e+00	
					         2.29167	-7.00000e+00	
					         2.29333	-6.00000e+00	
					         2.29500	-5.00000e+00	
					         2.29667	-5.00000e+00	
					         2.29833	-5.00000e+00	
					         2.30000	-4.00000e+00	
					         2.30167	-4.00000e+00	
					         2.30333	-4.00000e+00	
					         2.30500	-4.00000e+00	
					         2.30667	-4.00000e+00	
					         2.30833	-5.00000e+00	
					         2.31000	-5.00000e+00	
					         2.31167	-5.00000e+00	
					         2.31333	-6.00000e+00	
					         2.31500	-6.00000e+00	
					         2.31667	-7.00000e+00	
					         2.31833	-7.00000e+00	
					         2.32000	-8.00000e+00	
					         2.32167	-8.00000e+00	
					         2.32333	-9.00000e+00	
					         2.32500	-9.00000e+00	
					         2.32667	-9.00000e+00	
					         2.32833	-9.00000e+00	
					         2.33000	-9.00000e+00	
					         2.33167	-1.00000e+01	
					         2.33333	-1.00000e+01	
					         2.33500	-1.00000e+01	
					         2.33667	-1.00000e+01	
					         2.33833	-1.00000e+01	
					         2.34000	-1.10000e+01	
					         2.34167	-1.10000e+01	
					         2.34333	-1.20000e+01	
					         2.34500	-1.20000e+01	
					         2.34667	-1.30000e+01	
					         2.34833	-1.30000e+01	
					         2.35000	-1.40000e+01	
					         2.35167	-1.50000e+01	
					         2.35333	-1.50000e+01	
					         2.35500	-1.60000e+01	
					         2.35667	-1.70000e+01	
					         2.35833	-1.70000e+01	
					         2.36000	-1.80000e+01	
					         2.36167	-1.90000e+01	
					         2.36333	-2.00000e+01	
					         2.36500	-2.00000e+01	
					         2.36667	-2.10000e+01	
					         2.36833	-2.10000e+01	
					         2.37000	-2.20000e+01	
					         2.37167	-2.20000e+01	
					         2.37333	-2.20000e+01	
					         2.37500	-2.20000e+01	
					         2.37667	-2.20000e+01	
					         2.37833	-2.20000e+01	
					         2.38000	-2.20000e+01	
					         2.38167	-2.20000e+01	
					         2.38333	-2.20000e+01	
					         2.38500	-2.20000e+01	
					         2.38667	-2.20000e+01	
					         2.38833	-2.20000e+01	
					         2.39000	-2.10000e+01	
					         2.39167	-2.10000e+01	
					         2.39333	-2.00000e+01	
					         2.39500	-2.00000e+01	
					         2.39667	-1.90000e+01	
					         2.39833	-1.90000e+01	
					         2.40000	-1.80000e+01	
					         2.40167	-1.80000e+01	
					         2.40333	-1.70000e+01	
					         2.40500	-1.70000e+01	
					         2.40667	-1.60000e+01	
					         2.40833	-1.60000e+01	
					         2.41000	-1.60000e+01	
					         2.41167	-1.70000e+01	
					         2.41333	-1.70000e+01	
					         2.41500	-1.70000e+01	
					         2.41667	-1.80000e+01	
					         2.41833	-1.80000e+01	
					         2.42000	-1.80000e+01	
					         2.42167	-1.90000e+01	
					         2.42333	-1.90000e+01	
					         2.42500	-1.80000e+01	
					         2.42667	-1.80000e+01	
					         2.42833	-1.80000e+01	
					         2.43000	-1.70000e+01	
					         2.43167	-1.70000e+01	
					         2.43333	-1.70000e+01	
					         2.43500	-1.60000e+01	
					         2.43667	-1.60000e+01	
					         2.43833	-1.60000e+01	
					         2.44000	-1.60000e+01	
					         2.44167	-1.50000e+01	
					         2.44333	-1.50000e+01	
					         2.44500	-1.50000e+01	
					         2.44667	-1.50000e+01	
					         2.44833	-1.50000e+01	
					         2.45000	-1.50000e+01	
					         2.45167	-1.50000e+01	
					         2.45333	-1.50000e+01	
					         2.45500	-1.50000e+01	
					         2.45667	-1.50000e+01	
					         2.45833	-1.40000e+01	
					         2.46000	-1.40000e+01	
					         2.46167	-1.40000e+01	
					         2.46333	-1.30000e+01	
					         2.46500	-1.30000e+01	
					         2.46667	-1.20000e+01	
					         2.46833	-1.10000e+01	
					         2.47000	-1.10000e+01	
					         2.47167	-1.00000e+01	
					         2.47333	-1.00000e+01	
					         2.47500	-1.00000e+01	
					         2.47667	-1.00000e+01	
					         2.47833	-9.00000e+00	
					         2.48000	-9.00000e+00	
					         2.48167	-9.00000e+00	
					         2.48333	-9.00000e+00	
					         2.48500	-9.00000e+00	
					         2.48667	-9.00000e+00	
					         2.48833	-9.00000e+00	
					         2.49000	-9.00000e+00	
					         2.49167	-9.00000e+00	
					         2.49333	-9.00000e+00	
					         2.49500	-9.00000e+00	
					         2.49667	-9.00000e+00	
					         2.49833	-8.00000e+00	
					         2.50000	-8.00000e+00	
					         2.50167	-8.00000e+00	
					         2.50333	-8.00000e+00	
					         2.50500	-8.00000e+00	
					         2.50667	-7.00000e+00	
					         2.50833	-7.00000e+00	
					         2.51000	-7.00000e+00	
					         2.51167	-6.00000e+00	
					         2.51333	-6.00000e+00	
					         2.51500	-5.00000e+00	
					         2.51667	-5.00000e+00	
					         2.51833	-4.00000e+00	
					         2.52000	-3.00000e+00	
					         2.52167	-3.00000e+00	
					         2.52333	-2.00000e+00	
					         2.52500	-1.00000e+00	
					         2.52667	0.00000e+00	
					         2.52833	1.00000e+00	
					         2.53000	2.00000e+00	
					         2.53167	4.00000e+00	
					         2.53333	5.00000e+00	
					         2.53500	7.00000e+00	
					         2.53667	9.00000e+00	
					         2.53833	1.10000e+01	
					         2.54000	1.40000e+01	
					         2.54167	1.60000e+01	
					         2.54333	1.90000e+01	
					         2.54500	2.20000e+01	
					         2.54667	2.60000e+01	
					         2.54833	2.90000e+01	
					         2.55000	3.30000e+01	
					         2.55167	3.60000e+01	
					         2.55333	4.00000e+01	
					         2.55500	4.40000e+01	
					         2.55667	4.70000e+01	
					         2.55833	5.00000e+01	
					         2.56000	5.30000e+01	
					         2.56167	5.60000e+01	
					         2.56333	5.80000e+01	
					         2.56500	5.90000e+01	
					         2.56667	6.00000e+01	
					         2.56833	6.10000e+01	
					         2.57000	6.20000e+01	
					         2.57167	6.20000e+01	
					         2.57333	6.20000e+01	
					         2.57500	6.20000e+01	
					         2.57667	6.20000e+01	
					         2.57833	6.10000e+01	
					         2.58000	6.00000e+01	
					         2.58167	5.90000e+01	
					         2.58333	5.60000e+01	
					         2.58500	5.40000e+01	
					         2.58667	5.10000e+01	
					         2.58833	4.70000e+01	
					         2.59000	4.30000e+01	
					         2.59167	3.80000e+01	
					         2.59333	3.30000e+01	
					         2.59500	2.80000e+01	
					         2.59667	2.30000e+01	
					         2.59833	1.70000e+01	
					         2.60000	1.20000e+01	
					         2.60167	7.00000e+00	
					         2.60333	3.00000e+00	
					         2.60500	-1.00000e+00	
					         2.60667	-5.00000e+00	
					         2.60833	-9.00000e+00	
					         2.61000	-1.20000e+01	
					         2.61167	-1.60000e+01	
					         2.61333	-1.90000e+01	
					         2.61500	-2.20000e+01	
					         2.61667	-2.50000e+01	
					         2.61833	-2.80000e+01	
					         2.62000	-3.10000e+01	
					         2.62167	-3.40000e+01	
					         2.62333	-3.70000e+01	
					         2.62500	-3.90000e+01	
					         2.62667	-4.10000e+01	
					         2.62833	-4.30000e+01	
					         2.63000	-4.40000e+01	
					         2.63167	-4.60000e+01	
					         2.63333	-4.70000e+01	
					         2.63500	-4.80000e+01	
					         2.63667	-4.90000e+01	
					         2.63833	-4.90000e+01	
					         2.64000	-5.00000e+01	
					         2.64167	-5.00000e+01	
					         2.64333	-5.00000e+01	
					         2.64500	-5.00000e+01	
					         2.64667	-5.00000e+01	
					         2.64833	-4.90000e+01	
					         2.65000	-4.90000e+01	
					         2.65167	-4.80000e+01	
					         2.65333	-4.70000e+01	
					         2.65500	-4.70000e+01	
					         2.65667	-4.60000e+01	
					         2.65833	-4.50000e+01	
					         2.66000	-4.40000e+01	
					         2.66167	-4.30000e+01	
					         2.66333	-4.10000e+01	
					         2.66500	-4.00000e+01	
					         2.66667	-3.90000e+01	
					         2.66833	-3.70000e+01	
					         2.67000	-3.60000e+01	
					         2.67167	-3.50000e+01	
					         2.67333	-3.40000e+01	
					         2.67500	-3.20000e+01	
					         2.67667	-3.10000e+01	
					         2.67833	-3.00000e+01	
					         2.68000	-2.80000e+01	
					         2.68167	-2.50000e+01	
					         2.68333	-2.30000e+01	
					         2.68500	-1.90000e+01	
					         2.68667	-1.50000e+01	
					         2.68833	-1.00000e+01	
					         2.69000	-4.00000e+00	
					         2.69167	3.00000e+00	
					         2.69333	1.00000e+01	
					         2.69500	1.80000e+01	
					         2.69667	2.60000e+01	
					         2.69833	3.50000e+01	
					         2.70000	4.50000e+01	
					         2.70167	5.50000e+01	
					         2.70333	6.60000e+01	
					         2.70500	7.90000e+01	
					         2.70667	9.20000e+01	
					         2.70833	1.04000e+02	
					         2.71000	1.16000e+02	
					         2.71167	1.26000e+02	
					         2.71333	1.33000e+02	
					         2.71500	1.37000e+02	
					         2.71667	1.37000e+02	
					         2.71833	1.33000e+02	
					         2.72000	1.24000e+02	
					         2.72167	1.10000e+02	
					         2.72333	9.00000e+01	
					         2.72500	6.40000e+01	
					         2.72667	3.30000e+01	
					         2.72833	-2.00000e+00	
					         2.73000	-4.00000e+01	
					         2.73167	-7.90000e+01	
					         2.73333	-1.18000e+02	
					         2.73500	-1.54000e+02	
					         2.73667	-1.86000e+02	
					         2.73833	-2.14000e+02	
					         2.74000	-2.36000e+02	
					         2.74167	-2.51000e+02	
					         2.74333	-2.61000e+02	
					         2.74500	-2.63000e+02	
					         2.74667	-2.59000e+02	
					         2.74833	-2.49000e+02	
					         2.75000	-2.34000e+02	
					         2.75167	-2.15000e+02	
					         2.75333	-1.93000e+02	
					         2.75500	-1.69000e+02	
					         2.75667	-1.45000e+02	
					         2.75833	-1.21000e+02	
					         2.76000	-9.80000e+01	
					         2.76167	-7.60000e+01	
					         2.76333	-5.70000e+01	
					         2.76500	-3.90000e+01	
					         2.76667	-2.50000e+01	
					         2.76833	-1.20000e+01	
					         2.77000	-1.00000e+00	
					         2.77167	7.00000e+00	
					         2.77333	1.40000e+01	
					         2.77500	1.90000e+01	
					         2.77667	2.30000e+01	
					         2.77833	2.60000e+01	
					         2.78000	2.80000e+01	
					         2.78167	2.90000e+01	
					         2.78333	3.00000e+01	
					         2.78500	3.10000e+01	
					         2.78667	3.10000e+01	
