Grayscale intensity, in dB

Time (s) :	Trace 1 : 	Trace 2 : 	Trace 3 : 		Ecg : 		
0.00086   	-2.37180e+01	-4.93628e+01	-3.79600e+01		         0.00000	0.00000e+00	
0.01975   	-2.37111e+01	-5.32606e+01	-4.20732e+01		         0.00167	0.00000e+00	
0.03864   	-2.48241e+01	-5.12738e+01	-4.31636e+01		         0.00333	-1.00000e+00	
0.05753   	-2.44863e+01	-4.07877e+01	-4.18005e+01		         0.00500	-1.00000e+00	
0.07642   	-2.46814e+01	-3.64041e+01	-4.22316e+01		         0.00667	-2.00000e+00	
0.09531   	-2.47788e+01	-3.70880e+01	-4.38426e+01		         0.00833	-3.00000e+00	
0.11420   	-2.67475e+01	-3.75124e+01	-4.35931e+01		         0.01000	-5.00000e+00	
0.13308   	-2.79084e+01	-3.83974e+01	-4.10326e+01		         0.01167	-7.00000e+00	
0.15197   	-2.72901e+01	-3.68877e+01	-3.91623e+01		         0.01333	-1.00000e+01	
0.17086   	-2.79035e+01	-3.82271e+01	-3.69795e+01		         0.01500	-1.30000e+01	
0.18975   	-2.78096e+01	-4.03519e+01	-3.67594e+01		         0.01667	-1.60000e+01	
0.20864   	-2.69558e+01	-4.25849e+01	-3.60084e+01		         0.01833	-1.90000e+01	
0.22753   	-2.76775e+01	-4.44726e+01	-3.71000e+01		         0.02000	-2.30000e+01	
0.24642   	-2.93770e+01	-4.62079e+01	-3.54497e+01		         0.02167	-2.70000e+01	
0.26531   	-3.11675e+01	-4.61247e+01	-3.58763e+01		         0.02333	-3.10000e+01	
0.28420   	-3.22215e+01	-4.57959e+01	-3.51952e+01		         0.02500	-3.40000e+01	
0.30309   	-3.22769e+01	-4.58907e+01	-3.28877e+01		         0.02667	-3.80000e+01	
0.32198   	-3.28686e+01	-4.62005e+01	-3.06263e+01		         0.02833	-4.10000e+01	
0.34086   	-3.36542e+01	-4.62310e+01	-2.94787e+01		         0.03000	-4.30000e+01	
0.35975   	-3.44377e+01	-4.75313e+01	-3.11173e+01		         0.03167	-4.40000e+01	
0.37864   	-3.33145e+01	-4.75681e+01	-3.17490e+01		         0.03333	-4.40000e+01	
0.39753   	-3.14637e+01	-4.81921e+01	-3.35093e+01		         0.03500	-4.30000e+01	
0.41642   	-3.11180e+01	-4.49289e+01	-3.23854e+01		         0.03667	-4.20000e+01	
0.43531   	-3.00148e+01	-4.35206e+01	-3.26498e+01		         0.03833	-4.00000e+01	
0.45420   	-2.79508e+01	-4.11754e+01	-3.82809e+01		         0.04000	-3.80000e+01	
0.47309   	-2.99154e+01	-3.97652e+01	-3.81490e+01		         0.04167	-3.50000e+01	
0.49198   	-3.08447e+01	-3.73803e+01	-4.17014e+01		         0.04333	-3.10000e+01	
0.51087   	-2.99682e+01	-3.77785e+01	-3.93949e+01		         0.04500	-2.80000e+01	
0.52975   	-3.11701e+01	-3.84358e+01	-3.81711e+01		         0.04667	-2.40000e+01	
0.54864   	-2.91296e+01	-3.75363e+01	-3.58561e+01		         0.04833	-2.00000e+01	
0.56753   	-2.61703e+01	-3.95403e+01	-3.51673e+01		         0.05000	-1.70000e+01	
0.58643   	-2.51441e+01	-3.79206e+01	-3.36305e+01		         0.05167	-1.30000e+01	
0.60531   	-2.51028e+01	-3.72192e+01	-3.34498e+01		         0.05333	-1.00000e+01	
0.62420   	-2.58031e+01	-3.90566e+01	-3.38829e+01		         0.05500	-7.00000e+00	
0.64309   	-2.66961e+01	-4.01791e+01	-3.33831e+01		         0.05667	-5.00000e+00	
0.66198   	-2.67696e+01	-4.04207e+01	-3.39047e+01		         0.05833	-2.00000e+00	
0.68087   	-2.55863e+01	-4.10352e+01	-3.45477e+01		         0.06000	0.00000e+00	
0.69976   	-2.35476e+01	-4.01328e+01	-3.52718e+01		         0.06167	2.00000e+00	
0.71865   	-2.21704e+01	-3.75210e+01	-3.67789e+01		         0.06333	3.00000e+00	
0.73754   	-2.09661e+01	-4.31157e+01	-3.54398e+01		         0.06500	5.00000e+00	
0.75643   	-2.26692e+01	-4.11981e+01	-3.71802e+01		         0.06667	6.00000e+00	
0.77532   	-2.35657e+01	-4.78039e+01	-4.12983e+01		         0.06833	8.00000e+00	
0.79420   	-2.40951e+01	-4.64932e+01	-4.17613e+01		         0.07000	9.00000e+00	
0.81309   	-2.37491e+01	-3.88854e+01	-4.01961e+01		         0.07167	1.00000e+01	
0.83198   	-2.38363e+01	-3.56676e+01	-3.89710e+01		         0.07333	1.10000e+01	
0.85087   	-2.52979e+01	-3.49443e+01	-4.14302e+01		         0.07500	1.20000e+01	
0.86976   	-2.66113e+01	-3.60129e+01	-4.07835e+01		         0.07667	1.20000e+01	
0.88865   	-2.78177e+01	-3.64406e+01	-3.91648e+01		         0.07833	1.30000e+01	
0.90754   	-2.82605e+01	-3.86912e+01	-3.79376e+01		         0.08000	1.30000e+01	
0.92643   	-2.89398e+01	-3.77844e+01	-3.47161e+01		         0.08167	1.40000e+01	
0.94532   	-2.81522e+01	-4.09588e+01	-3.68483e+01		         0.08333	1.40000e+01	
0.96420   	-2.72090e+01	-4.31743e+01	-3.52419e+01		         0.08500	1.50000e+01	
0.98309   	-2.83011e+01	-4.33453e+01	-3.71693e+01		         0.08667	1.50000e+01	
1.00198   	-2.99991e+01	-4.41213e+01	-3.59262e+01		         0.08833	1.50000e+01	
1.02087   	-3.21011e+01	-4.49160e+01	-3.44438e+01		         0.09000	1.50000e+01	
1.03976   	-3.23981e+01	-4.46243e+01	-3.35772e+01		         0.09167	1.50000e+01	
1.05865   	-3.21877e+01	-4.48408e+01	-3.18951e+01		         0.09333	1.50000e+01	
1.07754   	-3.30908e+01	-4.50834e+01	-2.90314e+01		         0.09500	1.50000e+01	
1.09643   	-3.37772e+01	-4.57814e+01	-2.91223e+01		         0.09667	1.50000e+01	
1.11532   	-3.44532e+01	-4.56561e+01	-3.10147e+01		         0.09833	1.50000e+01	
1.13421   	-3.39985e+01	-4.73913e+01	-3.21809e+01		         0.10000	1.50000e+01	
1.15310   	-3.26779e+01	-4.67539e+01	-3.22591e+01		         0.10167	1.50000e+01	
1.17199   	-3.13544e+01	-4.56893e+01	-3.33564e+01		         0.10333	1.50000e+01	
1.19088   	-3.08394e+01	-4.37875e+01	-3.33590e+01		         0.10500	1.50000e+01	
1.20976   	-3.01679e+01	-4.12252e+01	-3.65463e+01		         0.10667	1.50000e+01	
1.22865   	-3.13705e+01	-3.69431e+01	-3.68118e+01		         0.10833	1.50000e+01	
1.24761   	-3.25121e+01	-3.53432e+01	-3.93666e+01		         0.11000	1.50000e+01	
1.26643   	-3.11927e+01	-3.64142e+01	-3.83215e+01		         0.11167	1.50000e+01	
1.28532   	-3.04405e+01	-3.66125e+01	-3.85686e+01		         0.11333	1.40000e+01	
1.30421   	-3.00993e+01	-3.66811e+01	-3.71292e+01		         0.11500	1.40000e+01	
1.32310   	-2.72079e+01	-3.47956e+01	-3.60370e+01		         0.11667	1.40000e+01	
1.34199   	-2.58849e+01	-3.55371e+01	-3.58612e+01		         0.11833	1.40000e+01	
1.36088   	-2.55548e+01	-3.47787e+01	-3.57943e+01		         0.12000	1.30000e+01	
1.37977   	-2.61518e+01	-3.54201e+01	-3.51829e+01		         0.12167	1.30000e+01	
1.39865   	-2.69528e+01	-3.68034e+01	-3.46956e+01		         0.12333	1.20000e+01	
1.41755   	-2.78337e+01	-3.60976e+01	-3.46540e+01		         0.12500	1.20000e+01	
1.43643   	-2.82805e+01	-3.75246e+01	-3.49368e+01		         0.12667	1.10000e+01	
1.45532   	-2.74915e+01	-3.75965e+01	-3.53628e+01		         0.12833	1.00000e+01	
1.47421   	-2.65396e+01	-3.93268e+01	-3.43341e+01		         0.13000	1.00000e+01	
1.49310   	-2.50270e+01	-3.85205e+01	-3.64237e+01		         0.13167	9.00000e+00	
1.51199   	-2.42165e+01	-3.87497e+01	-3.62793e+01		         0.13333	9.00000e+00	
1.53088   	-2.27398e+01	-4.58620e+01	-3.99223e+01		         0.13500	9.00000e+00	
1.54977   	-2.26804e+01	-4.66242e+01	-4.08140e+01		         0.13667	8.00000e+00	
1.56866   	-2.33568e+01	-4.08089e+01	-4.25082e+01		         0.13833	8.00000e+00	
1.58755   	-2.46257e+01	-3.60383e+01	-4.01074e+01		         0.14000	8.00000e+00	
1.60644   	-2.64501e+01	-3.59190e+01	-4.04756e+01		         0.14167	8.00000e+00	
1.62532   	-2.58604e+01	-3.60000e+01	-4.23219e+01		         0.14333	7.00000e+00	
1.64421   	-2.70437e+01	-3.61220e+01	-4.19702e+01		         0.14500	7.00000e+00	
1.66310   	-2.76717e+01	-3.69878e+01	-3.94146e+01		         0.14667	7.00000e+00	
1.68199   	-2.84686e+01	-4.10049e+01	-3.77756e+01		         0.14833	6.00000e+00	
1.70088   	-2.87794e+01	-3.83864e+01	-3.53711e+01		         0.15000	5.00000e+00	
1.71977   	-2.77370e+01	-4.15428e+01	-3.62972e+01		         0.15167	5.00000e+00	
1.73866   	-2.82026e+01	-4.29206e+01	-3.62595e+01		         0.15333	4.00000e+00	
1.75755   	-2.94577e+01	-4.50349e+01	-3.87142e+01		         0.15500	3.00000e+00	
1.77644   	-3.09644e+01	-4.56567e+01	-3.66671e+01		         0.15667	3.00000e+00	
1.79549   	-3.18978e+01	-4.68173e+01	-3.43139e+01		         0.15833	3.00000e+00	
1.81421   	-3.24666e+01	-4.69243e+01	-3.32400e+01		         0.16000	2.00000e+00	
1.83311   	-3.32951e+01	-4.68545e+01	-3.19903e+01		         0.16167	2.00000e+00	
1.85199   	-3.38982e+01	-4.58365e+01	-3.07491e+01		         0.16333	2.00000e+00	
1.87088   	-3.45518e+01	-4.64028e+01	-2.99000e+01		         0.16500	3.00000e+00	
1.88977   	-3.48988e+01	-4.63711e+01	-3.13698e+01		         0.16667	3.00000e+00	
1.90866   	-3.36341e+01	-4.67848e+01	-3.19978e+01		         0.16833	3.00000e+00	
1.92755   	-3.22080e+01	-4.77521e+01	-3.17195e+01		         0.17000	4.00000e+00	
1.94644   	-3.13909e+01	-4.52299e+01	-3.21055e+01		         0.17167	4.00000e+00	
1.96533   	-3.10494e+01	-4.46652e+01	-3.39523e+01		         0.17333	5.00000e+00	
1.98422   	-3.03884e+01	-4.11348e+01	-3.67098e+01		         0.17500	5.00000e+00	
2.00311   	-3.20101e+01	-3.80474e+01	-3.76274e+01		         0.17667	6.00000e+00	
2.02200   	-3.16166e+01	-3.70325e+01	-3.88518e+01		         0.17833	6.00000e+00	
2.04088   	-3.10309e+01	-3.94045e+01	-3.88932e+01		         0.18000	6.00000e+00	
2.05977   	-3.14568e+01	-3.85439e+01	-3.79377e+01		         0.18167	6.00000e+00	
2.07866   	-3.09091e+01	-3.87923e+01	-3.70636e+01		         0.18333	6.00000e+00	
2.09755   	-2.71178e+01	-3.76485e+01	-3.54897e+01		         0.18500	7.00000e+00	
2.11644   	-2.69239e+01	-3.71387e+01	-3.45186e+01		         0.18667	7.00000e+00	
2.13533   	-2.69325e+01	-3.73431e+01	-3.36582e+01		         0.18833	7.00000e+00	
2.15422   	-2.74189e+01	-3.76998e+01	-3.28503e+01		         0.19000	7.00000e+00	
2.17311   	-2.82137e+01	-3.64487e+01	-3.28689e+01		         0.19167	7.00000e+00	
2.19200   	-2.85259e+01	-3.70547e+01	-3.28841e+01		         0.19333	7.00000e+00	
2.21089   	-2.88183e+01	-3.84421e+01	-3.28691e+01		         0.19500	7.00000e+00	
2.22978   	-2.87791e+01	-3.98952e+01	-3.44614e+01		         0.19667	6.00000e+00	
2.24867   	-2.78353e+01	-3.96543e+01	-3.45327e+01		         0.19833	6.00000e+00	
2.26756   	-2.67335e+01	-3.72614e+01	-3.51558e+01		         0.20000	6.00000e+00	
2.28644   	-2.63060e+01	-3.70452e+01	-3.56632e+01		         0.20167	6.00000e+00	
2.30533   	-2.34812e+01	-3.92227e+01	-3.73063e+01		         0.20333	6.00000e+00	
2.32422   	-2.29723e+01	-4.40674e+01	-3.96547e+01		         0.20500	6.00000e+00	
2.34350   	-2.29971e+01	-4.15753e+01	-4.17484e+01		         0.20667	6.00000e+00	
2.36200   	-2.28505e+01	-3.63744e+01	-4.09556e+01		         0.20833	6.00000e+00	
2.38089   	-2.70494e+01	-3.54286e+01	-4.00342e+01		         0.21000	6.00000e+00	
					         0.21167	7.00000e+00	
					         0.21333	7.00000e+00	
					         0.21500	7.00000e+00	
					         0.21667	7.00000e+00	
					         0.21833	6.00000e+00	
					         0.22000	6.00000e+00	
					         0.22167	5.00000e+00	
					         0.22333	3.00000e+00	
					         0.22500	2.00000e+00	
					         0.22667	0.00000e+00	
					         0.22833	-2.00000e+00	
					         0.23000	-3.00000e+00	
					         0.23167	-5.00000e+00	
					         0.23333	-6.00000e+00	
					         0.23500	-7.00000e+00	
					         0.23667	-8.00000e+00	
					         0.23833	-8.00000e+00	
					         0.24000	-8.00000e+00	
					         0.24167	-8.00000e+00	
					         0.24333	-8.00000e+00	
					         0.24500	-7.00000e+00	
					         0.24667	-6.00000e+00	
					         0.24833	-5.00000e+00	
					         0.25000	-5.00000e+00	
					         0.25167	-4.00000e+00	
					         0.25333	-3.00000e+00	
					         0.25500	-3.00000e+00	
					         0.25667	-2.00000e+00	
					         0.25833	-1.00000e+00	
					         0.26000	-1.00000e+00	
					         0.26167	0.00000e+00	
					         0.26333	0.00000e+00	
					         0.26500	0.00000e+00	
					         0.26667	0.00000e+00	
					         0.26833	-1.00000e+00	
					         0.27000	-1.00000e+00	
					         0.27167	-2.00000e+00	
					         0.27333	-3.00000e+00	
					         0.27500	-4.00000e+00	
					         0.27667	-5.00000e+00	
					         0.27833	-6.00000e+00	
					         0.28000	-7.00000e+00	
					         0.28167	-8.00000e+00	
					         0.28333	-9.00000e+00	
					         0.28500	-9.00000e+00	
					         0.28667	-9.00000e+00	
					         0.28833	-9.00000e+00	
					         0.29000	-9.00000e+00	
					         0.29167	-9.00000e+00	
					         0.29333	-8.00000e+00	
					         0.29500	-8.00000e+00	
					         0.29667	-7.00000e+00	
					         0.29833	-7.00000e+00	
					         0.30000	-6.00000e+00	
					         0.30167	-6.00000e+00	
					         0.30333	-5.00000e+00	
					         0.30500	-5.00000e+00	
					         0.30667	-5.00000e+00	
					         0.30833	-5.00000e+00	
					         0.31000	-4.00000e+00	
					         0.31167	-4.00000e+00	
					         0.31333	-4.00000e+00	
					         0.31500	-4.00000e+00	
					         0.31667	-4.00000e+00	
					         0.31833	-4.00000e+00	
					         0.32000	-4.00000e+00	
					         0.32167	-4.00000e+00	
					         0.32333	-5.00000e+00	
					         0.32500	-5.00000e+00	
					         0.32667	-6.00000e+00	
					         0.32833	-6.00000e+00	
					         0.33000	-7.00000e+00	
					         0.33167	-7.00000e+00	
					         0.33333	-7.00000e+00	
					         0.33500	-7.00000e+00	
					         0.33667	-7.00000e+00	
					         0.33833	-7.00000e+00	
					         0.34000	-7.00000e+00	
					         0.34167	-6.00000e+00	
					         0.34333	-6.00000e+00	
					         0.34500	-6.00000e+00	
					         0.34667	-6.00000e+00	
					         0.34833	-5.00000e+00	
					         0.35000	-5.00000e+00	
					         0.35167	-5.00000e+00	
					         0.35333	-4.00000e+00	
					         0.35500	-4.00000e+00	
					         0.35667	-3.00000e+00	
					         0.35833	-3.00000e+00	
					         0.36000	-2.00000e+00	
					         0.36167	-2.00000e+00	
					         0.36333	-1.00000e+00	
					         0.36500	-1.00000e+00	
					         0.36667	0.00000e+00	
					         0.36833	1.00000e+00	
					         0.37000	2.00000e+00	
					         0.37167	3.00000e+00	
					         0.37333	4.00000e+00	
					         0.37500	4.00000e+00	
					         0.37667	5.00000e+00	
					         0.37833	6.00000e+00	
					         0.38000	7.00000e+00	
					         0.38167	7.00000e+00	
					         0.38333	8.00000e+00	
					         0.38500	8.00000e+00	
					         0.38667	8.00000e+00	
					         0.38833	8.00000e+00	
					         0.39000	7.00000e+00	
					         0.39167	5.00000e+00	
					         0.39333	4.00000e+00	
					         0.39500	2.00000e+00	
					         0.39667	1.00000e+00	
					         0.39833	-1.00000e+00	
					         0.40000	-2.00000e+00	
					         0.40167	-4.00000e+00	
					         0.40333	-5.00000e+00	
					         0.40500	-5.00000e+00	
					         0.40667	-5.00000e+00	
					         0.40833	-5.00000e+00	
					         0.41000	-4.00000e+00	
					         0.41167	-3.00000e+00	
					         0.41333	-2.00000e+00	
					         0.41500	0.00000e+00	
					         0.41667	1.00000e+00	
					         0.41833	2.00000e+00	
					         0.42000	3.00000e+00	
					         0.42167	4.00000e+00	
					         0.42333	4.00000e+00	
					         0.42500	4.00000e+00	
					         0.42667	4.00000e+00	
					         0.42833	3.00000e+00	
					         0.43000	3.00000e+00	
					         0.43167	2.00000e+00	
					         0.43333	1.00000e+00	
					         0.43500	0.00000e+00	
					         0.43667	-1.00000e+00	
					         0.43833	-1.00000e+00	
					         0.44000	-1.00000e+00	
					         0.44167	-1.00000e+00	
					         0.44333	-1.00000e+00	
					         0.44500	-1.00000e+00	
					         0.44667	0.00000e+00	
					         0.44833	0.00000e+00	
					         0.45000	1.00000e+00	
					         0.45167	1.00000e+00	
					         0.45333	2.00000e+00	
					         0.45500	2.00000e+00	
					         0.45667	3.00000e+00	
					         0.45833	3.00000e+00	
					         0.46000	3.00000e+00	
					         0.46167	2.00000e+00	
					         0.46333	2.00000e+00	
					         0.46500	1.00000e+00	
					         0.46667	0.00000e+00	
					         0.46833	0.00000e+00	
					         0.47000	-1.00000e+00	
					         0.47167	-1.00000e+00	
					         0.47333	-2.00000e+00	
					         0.47500	-2.00000e+00	
					         0.47667	-2.00000e+00	
					         0.47833	-3.00000e+00	
					         0.48000	-3.00000e+00	
					         0.48167	-3.00000e+00	
					         0.48333	-3.00000e+00	
					         0.48500	-3.00000e+00	
					         0.48667	-3.00000e+00	
					         0.48833	-2.00000e+00	
					         0.49000	-2.00000e+00	
					         0.49167	-2.00000e+00	
					         0.49333	-2.00000e+00	
					         0.49500	-2.00000e+00	
					         0.49667	-2.00000e+00	
					         0.49833	-2.00000e+00	
					         0.50000	-2.00000e+00	
					         0.50167	-2.00000e+00	
					         0.50333	-2.00000e+00	
					         0.50500	-2.00000e+00	
					         0.50667	-2.00000e+00	
					         0.50833	-2.00000e+00	
					         0.51000	-1.00000e+00	
					         0.51167	-1.00000e+00	
					         0.51333	-1.00000e+00	
					         0.51500	0.00000e+00	
					         0.51667	0.00000e+00	
					         0.51833	0.00000e+00	
					         0.52000	0.00000e+00	
					         0.52167	1.00000e+00	
					         0.52333	1.00000e+00	
					         0.52500	1.00000e+00	
					         0.52667	1.00000e+00	
					         0.52833	1.00000e+00	
					         0.53000	1.00000e+00	
					         0.53167	1.00000e+00	
					         0.53333	1.00000e+00	
					         0.53500	1.00000e+00	
					         0.53667	1.00000e+00	
					         0.53833	1.00000e+00	
					         0.54000	2.00000e+00	
					         0.54167	2.00000e+00	
					         0.54333	2.00000e+00	
					         0.54500	3.00000e+00	
					         0.54667	3.00000e+00	
					         0.54833	3.00000e+00	
					         0.55000	4.00000e+00	
					         0.55167	4.00000e+00	
					         0.55333	4.00000e+00	
					         0.55500	4.00000e+00	
					         0.55667	3.00000e+00	
					         0.55833	2.00000e+00	
					         0.56000	1.00000e+00	
					         0.56167	0.00000e+00	
					         0.56333	-1.00000e+00	
					         0.56500	-3.00000e+00	
					         0.56667	-4.00000e+00	
					         0.56833	-5.00000e+00	
					         0.57000	-6.00000e+00	
					         0.57167	-7.00000e+00	
					         0.57333	-8.00000e+00	
					         0.57500	-8.00000e+00	
					         0.57667	-8.00000e+00	
					         0.57833	-7.00000e+00	
					         0.58000	-7.00000e+00	
					         0.58167	-6.00000e+00	
					         0.58333	-5.00000e+00	
					         0.58500	-5.00000e+00	
					         0.58667	-4.00000e+00	
					         0.58833	-3.00000e+00	
					         0.59000	-3.00000e+00	
					         0.59167	-2.00000e+00	
					         0.59333	-2.00000e+00	
					         0.59500	-1.00000e+00	
					         0.59667	-1.00000e+00	
					         0.59833	-1.00000e+00	
					         0.60000	-2.00000e+00	
					         0.60167	-2.00000e+00	
					         0.60333	-2.00000e+00	
					         0.60500	-2.00000e+00	
					         0.60667	-1.00000e+00	
					         0.60833	-1.00000e+00	
					         0.61000	-1.00000e+00	
					         0.61167	0.00000e+00	
					         0.61333	0.00000e+00	
					         0.61500	0.00000e+00	
					         0.61667	1.00000e+00	
					         0.61833	1.00000e+00	
					         0.62000	2.00000e+00	
					         0.62167	2.00000e+00	
					         0.62333	2.00000e+00	
					         0.62500	2.00000e+00	
					         0.62667	2.00000e+00	
					         0.62833	1.00000e+00	
					         0.63000	1.00000e+00	
					         0.63167	0.00000e+00	
					         0.63333	-1.00000e+00	
					         0.63500	-1.00000e+00	
					         0.63667	-2.00000e+00	
					         0.63833	-2.00000e+00	
					         0.64000	-3.00000e+00	
					         0.64167	-4.00000e+00	
					         0.64333	-4.00000e+00	
					         0.64500	-4.00000e+00	
					         0.64667	-5.00000e+00	
					         0.64833	-5.00000e+00	
					         0.65000	-5.00000e+00	
					         0.65167	-4.00000e+00	
					         0.65333	-4.00000e+00	
					         0.65500	-4.00000e+00	
					         0.65667	-5.00000e+00	
					         0.65833	-5.00000e+00	
					         0.66000	-5.00000e+00	
					         0.66167	-5.00000e+00	
					         0.66333	-5.00000e+00	
					         0.66500	-5.00000e+00	
					         0.66667	-5.00000e+00	
					         0.66833	-5.00000e+00	
					         0.67000	-5.00000e+00	
					         0.67167	-5.00000e+00	
					         0.67333	-5.00000e+00	
					         0.67500	-5.00000e+00	
					         0.67667	-4.00000e+00	
					         0.67833	-4.00000e+00	
					         0.68000	-3.00000e+00	
					         0.68167	-2.00000e+00	
					         0.68333	-1.00000e+00	
					         0.68500	0.00000e+00	
					         0.68667	1.00000e+00	
					         0.68833	2.00000e+00	
					         0.69000	3.00000e+00	
					         0.69167	4.00000e+00	
					         0.69333	5.00000e+00	
					         0.69500	6.00000e+00	
					         0.69667	6.00000e+00	
					         0.69833	7.00000e+00	
					         0.70000	7.00000e+00	
					         0.70167	7.00000e+00	
					         0.70333	7.00000e+00	
					         0.70500	7.00000e+00	
					         0.70667	7.00000e+00	
					         0.70833	7.00000e+00	
					         0.71000	7.00000e+00	
					         0.71167	7.00000e+00	
					         0.71333	7.00000e+00	
					         0.71500	8.00000e+00	
					         0.71667	8.00000e+00	
					         0.71833	9.00000e+00	
					         0.72000	9.00000e+00	
					         0.72167	9.00000e+00	
					         0.72333	1.00000e+01	
					         0.72500	1.00000e+01	
					         0.72667	1.00000e+01	
					         0.72833	1.00000e+01	
					         0.73000	1.00000e+01	
					         0.73167	9.00000e+00	
					         0.73333	9.00000e+00	
					         0.73500	8.00000e+00	
					         0.73667	7.00000e+00	
					         0.73833	7.00000e+00	
					         0.74000	6.00000e+00	
					         0.74167	6.00000e+00	
					         0.74333	6.00000e+00	
					         0.74500	5.00000e+00	
					         0.74667	5.00000e+00	
					         0.74833	5.00000e+00	
					         0.75000	4.00000e+00	
					         0.75167	4.00000e+00	
					         0.75333	4.00000e+00	
					         0.75500	3.00000e+00	
					         0.75667	3.00000e+00	
					         0.75833	2.00000e+00	
					         0.76000	1.00000e+00	
					         0.76167	0.00000e+00	
					         0.76333	-2.00000e+00	
					         0.76500	-4.00000e+00	
					         0.76667	-7.00000e+00	
					         0.76833	-1.00000e+01	
					         0.77000	-1.30000e+01	
					         0.77167	-1.60000e+01	
					         0.77333	-2.00000e+01	
					         0.77500	-2.40000e+01	
					         0.77667	-2.80000e+01	
					         0.77833	-3.20000e+01	
					         0.78000	-3.50000e+01	
					         0.78167	-3.90000e+01	
					         0.78333	-4.20000e+01	
					         0.78500	-4.40000e+01	
					         0.78667	-4.60000e+01	
					         0.78833	-4.70000e+01	
					         0.79000	-4.70000e+01	
					         0.79167	-4.60000e+01	
					         0.79333	-4.50000e+01	
					         0.79500	-4.30000e+01	
					         0.79667	-4.10000e+01	
					         0.79833	-3.80000e+01	
					         0.80000	-3.40000e+01	
					         0.80167	-3.10000e+01	
					         0.80333	-2.70000e+01	
					         0.80500	-2.30000e+01	
					         0.80667	-1.90000e+01	
					         0.80833	-1.50000e+01	
					         0.81000	-1.10000e+01	
					         0.81167	-8.00000e+00	
					         0.81333	-5.00000e+00	
					         0.81500	-2.00000e+00	
					         0.81667	0.00000e+00	
					         0.81833	2.00000e+00	
					         0.82000	4.00000e+00	
					         0.82167	5.00000e+00	
					         0.82333	6.00000e+00	
					         0.82500	7.00000e+00	
					         0.82667	8.00000e+00	
					         0.82833	8.00000e+00	
					         0.83000	8.00000e+00	
					         0.83167	9.00000e+00	
					         0.83333	9.00000e+00	
					         0.83500	9.00000e+00	
					         0.83667	9.00000e+00	
					         0.83833	9.00000e+00	
					         0.84000	1.00000e+01	
					         0.84167	1.00000e+01	
					         0.84333	1.10000e+01	
					         0.84500	1.10000e+01	
					         0.84667	1.20000e+01	
					         0.84833	1.20000e+01	
					         0.85000	1.30000e+01	
					         0.85167	1.30000e+01	
					         0.85333	1.40000e+01	
					         0.85500	1.40000e+01	
					         0.85667	1.50000e+01	
					         0.85833	1.60000e+01	
					         0.86000	1.60000e+01	
					         0.86167	1.60000e+01	
					         0.86333	1.60000e+01	
					         0.86500	1.60000e+01	
					         0.86667	1.50000e+01	
					         0.86833	1.40000e+01	
					         0.87000	1.40000e+01	
					         0.87167	1.40000e+01	
					         0.87333	1.30000e+01	
					         0.87500	1.30000e+01	
					         0.87667	1.20000e+01	
					         0.87833	1.10000e+01	
					         0.88000	1.10000e+01	
					         0.88167	1.10000e+01	
					         0.88333	1.00000e+01	
					         0.88500	1.00000e+01	
					         0.88667	1.00000e+01	
					         0.88833	1.00000e+01	
					         0.89000	1.00000e+01	
					         0.89167	9.00000e+00	
					         0.89333	8.00000e+00	
					         0.89500	7.00000e+00	
					         0.89667	6.00000e+00	
					         0.89833	5.00000e+00	
					         0.90000	4.00000e+00	
					         0.90167	4.00000e+00	
					         0.90333	3.00000e+00	
					         0.90500	3.00000e+00	
					         0.90667	3.00000e+00	
					         0.90833	3.00000e+00	
					         0.91000	4.00000e+00	
					         0.91167	4.00000e+00	
					         0.91333	5.00000e+00	
					         0.91500	6.00000e+00	
					         0.91667	7.00000e+00	
					         0.91833	8.00000e+00	
					         0.92000	9.00000e+00	
					         0.92167	1.00000e+01	
					         0.92333	1.00000e+01	
					         0.92500	1.00000e+01	
					         0.92667	1.00000e+01	
					         0.92833	1.00000e+01	
					         0.93000	1.00000e+01	
					         0.93167	1.00000e+01	
					         0.93333	9.00000e+00	
					         0.93500	9.00000e+00	
					         0.93667	9.00000e+00	
					         0.93833	9.00000e+00	
					         0.94000	9.00000e+00	
					         0.94167	8.00000e+00	
					         0.94333	8.00000e+00	
					         0.94500	7.00000e+00	
					         0.94667	7.00000e+00	
					         0.94833	6.00000e+00	
					         0.95000	5.00000e+00	
					         0.95167	4.00000e+00	
					         0.95333	3.00000e+00	
					         0.95500	1.00000e+00	
					         0.95667	0.00000e+00	
					         0.95833	-1.00000e+00	
					         0.96000	-3.00000e+00	
					         0.96167	-4.00000e+00	
					         0.96333	-4.00000e+00	
					         0.96500	-5.00000e+00	
					         0.96667	-5.00000e+00	
					         0.96833	-5.00000e+00	
					         0.97000	-5.00000e+00	
					         0.97167	-5.00000e+00	
					         0.97333	-4.00000e+00	
					         0.97500	-4.00000e+00	
					         0.97667	-3.00000e+00	
					         0.97833	-3.00000e+00	
					         0.98000	-2.00000e+00	
					         0.98167	-1.00000e+00	
					         0.98333	-1.00000e+00	
					         0.98500	0.00000e+00	
					         0.98667	0.00000e+00	
					         0.98833	1.00000e+00	
					         0.99000	1.00000e+00	
					         0.99167	2.00000e+00	
					         0.99333	2.00000e+00	
					         0.99500	2.00000e+00	
					         0.99667	2.00000e+00	
					         0.99833	2.00000e+00	
					         1.00000	2.00000e+00	
					         1.00167	2.00000e+00	
					         1.00333	1.00000e+00	
					         1.00500	1.00000e+00	
					         1.00667	0.00000e+00	
					         1.00833	0.00000e+00	
					         1.01000	-1.00000e+00	
					         1.01167	-1.00000e+00	
					         1.01333	-2.00000e+00	
					         1.01500	-2.00000e+00	
					         1.01667	-3.00000e+00	
					         1.01833	-4.00000e+00	
					         1.02000	-4.00000e+00	
					         1.02167	-5.00000e+00	
					         1.02333	-5.00000e+00	
					         1.02500	-6.00000e+00	
					         1.02667	-6.00000e+00	
					         1.02833	-7.00000e+00	
					         1.03000	-7.00000e+00	
					         1.03167	-8.00000e+00	
					         1.03333	-8.00000e+00	
					         1.03500	-9.00000e+00	
					         1.03667	-9.00000e+00	
					         1.03833	-1.00000e+01	
					         1.04000	-1.00000e+01	
					         1.04167	-1.00000e+01	
					         1.04333	-1.00000e+01	
					         1.04500	-1.00000e+01	
					         1.04667	-1.00000e+01	
					         1.04833	-1.00000e+01	
					         1.05000	-9.00000e+00	
					         1.05167	-9.00000e+00	
					         1.05333	-8.00000e+00	
					         1.05500	-7.00000e+00	
					         1.05667	-6.00000e+00	
					         1.05833	-6.00000e+00	
					         1.06000	-5.00000e+00	
					         1.06167	-5.00000e+00	
					         1.06333	-5.00000e+00	
					         1.06500	-5.00000e+00	
					         1.06667	-5.00000e+00	
					         1.06833	-5.00000e+00	
					         1.07000	-6.00000e+00	
					         1.07167	-6.00000e+00	
					         1.07333	-7.00000e+00	
					         1.07500	-7.00000e+00	
					         1.07667	-8.00000e+00	
					         1.07833	-8.00000e+00	
					         1.08000	-9.00000e+00	
					         1.08167	-9.00000e+00	
					         1.08333	-9.00000e+00	
					         1.08500	-9.00000e+00	
					         1.08667	-8.00000e+00	
					         1.08833	-8.00000e+00	
					         1.09000	-7.00000e+00	
					         1.09167	-7.00000e+00	
					         1.09333	-6.00000e+00	
					         1.09500	-6.00000e+00	
					         1.09667	-5.00000e+00	
					         1.09833	-4.00000e+00	
					         1.10000	-4.00000e+00	
					         1.10167	-3.00000e+00	
					         1.10333	-3.00000e+00	
					         1.10500	-2.00000e+00	
					         1.10667	-2.00000e+00	
					         1.10833	-2.00000e+00	
					         1.11000	-1.00000e+00	
					         1.11167	-1.00000e+00	
					         1.11333	-1.00000e+00	
					         1.11500	-1.00000e+00	
					         1.11667	0.00000e+00	
					         1.11833	0.00000e+00	
					         1.12000	0.00000e+00	
					         1.12167	1.00000e+00	
					         1.12333	1.00000e+00	
					         1.12500	2.00000e+00	
					         1.12667	2.00000e+00	
					         1.12833	3.00000e+00	
					         1.13000	3.00000e+00	
					         1.13167	4.00000e+00	
					         1.13333	4.00000e+00	
					         1.13500	3.00000e+00	
					         1.13667	3.00000e+00	
					         1.13833	3.00000e+00	
					         1.14000	2.00000e+00	
					         1.14167	1.00000e+00	
					         1.14333	1.00000e+00	
					         1.14500	0.00000e+00	
					         1.14667	0.00000e+00	
					         1.14833	-1.00000e+00	
					         1.15000	-1.00000e+00	
					         1.15167	-2.00000e+00	
					         1.15333	-2.00000e+00	
					         1.15500	-1.00000e+00	
					         1.15667	-1.00000e+00	
					         1.15833	0.00000e+00	
					         1.16000	0.00000e+00	
					         1.16167	1.00000e+00	
					         1.16333	2.00000e+00	
					         1.16500	3.00000e+00	
					         1.16667	3.00000e+00	
					         1.16833	4.00000e+00	
					         1.17000	4.00000e+00	
					         1.17167	4.00000e+00	
					         1.17333	4.00000e+00	
					         1.17500	4.00000e+00	
					         1.17667	4.00000e+00	
					         1.17833	4.00000e+00	
					         1.18000	3.00000e+00	
					         1.18167	3.00000e+00	
					         1.18333	2.00000e+00	
					         1.18500	2.00000e+00	
					         1.18667	2.00000e+00	
					         1.18833	2.00000e+00	
					         1.19000	2.00000e+00	
					         1.19167	2.00000e+00	
					         1.19333	2.00000e+00	
					         1.19500	2.00000e+00	
					         1.19667	3.00000e+00	
					         1.19833	3.00000e+00	
					         1.20000	3.00000e+00	
					         1.20167	3.00000e+00	
					         1.20333	3.00000e+00	
					         1.20500	3.00000e+00	
					         1.20667	3.00000e+00	
					         1.20833	2.00000e+00	
					         1.21000	2.00000e+00	
					         1.21167	1.00000e+00	
					         1.21333	0.00000e+00	
					         1.21500	0.00000e+00	
					         1.21667	-1.00000e+00	
					         1.21833	-1.00000e+00	
					         1.22000	-1.00000e+00	
					         1.22167	-1.00000e+00	
					         1.22333	-1.00000e+00	
					         1.22500	-1.00000e+00	
					         1.22667	-1.00000e+00	
					         1.22833	-1.00000e+00	
					         1.23000	-1.00000e+00	
					         1.23167	0.00000e+00	
					         1.23333	0.00000e+00	
					         1.23500	0.00000e+00	
					         1.23667	0.00000e+00	
					         1.23833	0.00000e+00	
					         1.24000	0.00000e+00	
					         1.24167	0.00000e+00	
					         1.24333	1.00000e+00	
					         1.24500	1.00000e+00	
					         1.24667	1.00000e+00	
					         1.24833	2.00000e+00	
					         1.25000	3.00000e+00	
					         1.25167	4.00000e+00	
					         1.25333	4.00000e+00	
					         1.25500	5.00000e+00	
					         1.25667	5.00000e+00	
					         1.25833	6.00000e+00	
					         1.26000	5.00000e+00	
					         1.26167	5.00000e+00	
					         1.26333	5.00000e+00	
					         1.26500	4.00000e+00	
					         1.26667	3.00000e+00	
					         1.26833	2.00000e+00	
					         1.27000	1.00000e+00	
					         1.27167	0.00000e+00	
					         1.27333	-1.00000e+00	
					         1.27500	-1.00000e+00	
					         1.27667	-2.00000e+00	
					         1.27833	-3.00000e+00	
					         1.28000	-3.00000e+00	
					         1.28167	-3.00000e+00	
					         1.28333	-3.00000e+00	
					         1.28500	-2.00000e+00	
					         1.28667	-2.00000e+00	
					         1.28833	-2.00000e+00	
					         1.29000	-2.00000e+00	
					         1.29167	-2.00000e+00	
					         1.29333	-2.00000e+00	
					         1.29500	-1.00000e+00	
					         1.29667	-1.00000e+00	
					         1.29833	-1.00000e+00	
					         1.30000	-1.00000e+00	
					         1.30167	-1.00000e+00	
					         1.30333	-1.00000e+00	
					         1.30500	-1.00000e+00	
					         1.30667	-1.00000e+00	
					         1.30833	0.00000e+00	
					         1.31000	0.00000e+00	
					         1.31167	0.00000e+00	
					         1.31333	0.00000e+00	
					         1.31500	0.00000e+00	
					         1.31667	0.00000e+00	
					         1.31833	0.00000e+00	
					         1.32000	0.00000e+00	
					         1.32167	0.00000e+00	
					         1.32333	1.00000e+00	
					         1.32500	1.00000e+00	
					         1.32667	1.00000e+00	
					         1.32833	1.00000e+00	
					         1.33000	1.00000e+00	
					         1.33167	2.00000e+00	
					         1.33333	2.00000e+00	
					         1.33500	2.00000e+00	
					         1.33667	1.00000e+00	
					         1.33833	1.00000e+00	
					         1.34000	0.00000e+00	
					         1.34167	0.00000e+00	
					         1.34333	-1.00000e+00	
					         1.34500	-2.00000e+00	
					         1.34667	-2.00000e+00	
					         1.34833	-2.00000e+00	
					         1.35000	-3.00000e+00	
					         1.35167	-3.00000e+00	
					         1.35333	-3.00000e+00	
					         1.35500	-2.00000e+00	
					         1.35667	-2.00000e+00	
					         1.35833	-2.00000e+00	
					         1.36000	-1.00000e+00	
					         1.36167	0.00000e+00	
					         1.36333	0.00000e+00	
					         1.36500	1.00000e+00	
					         1.36667	1.00000e+00	
					         1.36833	1.00000e+00	
					         1.37000	2.00000e+00	
					         1.37167	2.00000e+00	
					         1.37333	2.00000e+00	
					         1.37500	2.00000e+00	
					         1.37667	2.00000e+00	
					         1.37833	2.00000e+00	
					         1.38000	2.00000e+00	
					         1.38167	2.00000e+00	
					         1.38333	2.00000e+00	
					         1.38500	1.00000e+00	
					         1.38667	1.00000e+00	
					         1.38833	1.00000e+00	
					         1.39000	0.00000e+00	
					         1.39167	0.00000e+00	
					         1.39333	-1.00000e+00	
					         1.39500	-1.00000e+00	
					         1.39667	-1.00000e+00	
					         1.39833	-2.00000e+00	
					         1.40000	-2.00000e+00	
					         1.40167	-3.00000e+00	
					         1.40333	-3.00000e+00	
					         1.40500	-4.00000e+00	
					         1.40667	-4.00000e+00	
					         1.40833	-5.00000e+00	
					         1.41000	-5.00000e+00	
					         1.41167	-6.00000e+00	
					         1.41333	-7.00000e+00	
					         1.41500	-8.00000e+00	
					         1.41667	-8.00000e+00	
					         1.41833	-9.00000e+00	
					         1.42000	-9.00000e+00	
					         1.42167	-1.00000e+01	
					         1.42333	-1.00000e+01	
					         1.42500	-1.00000e+01	
					         1.42667	-1.00000e+01	
					         1.42833	-1.00000e+01	
					         1.43000	-9.00000e+00	
					         1.43167	-9.00000e+00	
					         1.43333	-8.00000e+00	
					         1.43500	-7.00000e+00	
					         1.43667	-6.00000e+00	
					         1.43833	-5.00000e+00	
					         1.44000	-4.00000e+00	
					         1.44167	-3.00000e+00	
					         1.44333	-2.00000e+00	
					         1.44500	-1.00000e+00	
					         1.44667	-1.00000e+00	
					         1.44833	0.00000e+00	
					         1.45000	0.00000e+00	
					         1.45167	1.00000e+00	
					         1.45333	1.00000e+00	
					         1.45500	1.00000e+00	
					         1.45667	1.00000e+00	
					         1.45833	1.00000e+00	
					         1.46000	1.00000e+00	
					         1.46167	1.00000e+00	
					         1.46333	1.00000e+00	
					         1.46500	1.00000e+00	
					         1.46667	2.00000e+00	
					         1.46833	2.00000e+00	
					         1.47000	3.00000e+00	
					         1.47167	4.00000e+00	
					         1.47333	4.00000e+00	
					         1.47500	5.00000e+00	
					         1.47667	6.00000e+00	
					         1.47833	6.00000e+00	
					         1.48000	7.00000e+00	
					         1.48167	7.00000e+00	
					         1.48333	7.00000e+00	
					         1.48500	7.00000e+00	
					         1.48667	6.00000e+00	
					         1.48833	6.00000e+00	
					         1.49000	5.00000e+00	
					         1.49167	4.00000e+00	
					         1.49333	4.00000e+00	
					         1.49500	3.00000e+00	
					         1.49667	3.00000e+00	
					         1.49833	3.00000e+00	
					         1.50000	3.00000e+00	
					         1.50167	3.00000e+00	
					         1.50333	3.00000e+00	
					         1.50500	3.00000e+00	
					         1.50667	3.00000e+00	
					         1.50833	3.00000e+00	
					         1.51000	3.00000e+00	
					         1.51167	3.00000e+00	
					         1.51333	3.00000e+00	
					         1.51500	3.00000e+00	
					         1.51667	2.00000e+00	
					         1.51833	2.00000e+00	
					         1.52000	1.00000e+00	
					         1.52167	1.00000e+00	
					         1.52333	0.00000e+00	
					         1.52500	0.00000e+00	
					         1.52667	-1.00000e+00	
					         1.52833	-1.00000e+00	
					         1.53000	-2.00000e+00	
					         1.53167	-3.00000e+00	
					         1.53333	-4.00000e+00	
					         1.53500	-5.00000e+00	
					         1.53667	-7.00000e+00	
					         1.53833	-8.00000e+00	
					         1.54000	-1.00000e+01	
					         1.54167	-1.30000e+01	
					         1.54333	-1.50000e+01	
					         1.54500	-1.80000e+01	
					         1.54667	-2.10000e+01	
					         1.54833	-2.40000e+01	
					         1.55000	-2.70000e+01	
					         1.55167	-3.00000e+01	
					         1.55333	-3.20000e+01	
					         1.55500	-3.50000e+01	
					         1.55667	-3.70000e+01	
					         1.55833	-3.80000e+01	
					         1.56000	-3.80000e+01	
					         1.56167	-3.80000e+01	
					         1.56333	-3.70000e+01	
					         1.56500	-3.60000e+01	
					         1.56667	-3.50000e+01	
					         1.56833	-3.30000e+01	
					         1.57000	-3.00000e+01	
					         1.57167	-2.70000e+01	
					         1.57333	-2.40000e+01	
					         1.57500	-2.10000e+01	
					         1.57667	-1.80000e+01	
					         1.57833	-1.50000e+01	
					         1.58000	-1.30000e+01	
					         1.58167	-1.00000e+01	
					         1.58333	-8.00000e+00	
					         1.58500	-5.00000e+00	
					         1.58667	-3.00000e+00	
					         1.58833	0.00000e+00	
					         1.59000	2.00000e+00	
					         1.59167	5.00000e+00	
					         1.59333	7.00000e+00	
					         1.59500	9.00000e+00	
					         1.59667	1.10000e+01	
					         1.59833	1.30000e+01	
					         1.60000	1.40000e+01	
					         1.60167	1.50000e+01	
					         1.60333	1.60000e+01	
					         1.60500	1.70000e+01	
					         1.60667	1.70000e+01	
					         1.60833	1.70000e+01	
					         1.61000	1.70000e+01	
					         1.61167	1.60000e+01	
					         1.61333	1.50000e+01	
					         1.61500	1.50000e+01	
					         1.61667	1.40000e+01	
					         1.61833	1.30000e+01	
					         1.62000	1.30000e+01	
					         1.62167	1.30000e+01	
					         1.62333	1.30000e+01	
					         1.62500	1.30000e+01	
					         1.62667	1.40000e+01	
					         1.62833	1.40000e+01	
					         1.63000	1.50000e+01	
					         1.63167	1.50000e+01	
					         1.63333	1.60000e+01	
					         1.63500	1.60000e+01	
					         1.63667	1.70000e+01	
					         1.63833	1.70000e+01	
					         1.64000	1.70000e+01	
					         1.64167	1.70000e+01	
					         1.64333	1.70000e+01	
					         1.64500	1.60000e+01	
					         1.64667	1.60000e+01	
					         1.64833	1.50000e+01	
					         1.65000	1.40000e+01	
					         1.65167	1.40000e+01	
					         1.65333	1.30000e+01	
					         1.65500	1.30000e+01	
					         1.65667	1.30000e+01	
					         1.65833	1.20000e+01	
					         1.66000	1.20000e+01	
					         1.66167	1.20000e+01	
					         1.66333	1.20000e+01	
					         1.66500	1.20000e+01	
					         1.66667	1.20000e+01	
					         1.66833	1.20000e+01	
					         1.67000	1.20000e+01	
					         1.67167	1.20000e+01	
					         1.67333	1.20000e+01	
					         1.67500	1.20000e+01	
					         1.67667	1.10000e+01	
					         1.67833	1.10000e+01	
					         1.68000	1.00000e+01	
					         1.68167	9.00000e+00	
					         1.68333	8.00000e+00	
					         1.68500	7.00000e+00	
					         1.68667	6.00000e+00	
					         1.68833	5.00000e+00	
					         1.69000	4.00000e+00	
					         1.69167	3.00000e+00	
					         1.69333	3.00000e+00	
					         1.69500	2.00000e+00	
					         1.69667	2.00000e+00	
					         1.69833	2.00000e+00	
					         1.70000	2.00000e+00	
					         1.70167	2.00000e+00	
					         1.70333	2.00000e+00	
					         1.70500	2.00000e+00	
					         1.70667	3.00000e+00	
					         1.70833	3.00000e+00	
					         1.71000	3.00000e+00	
					         1.71167	3.00000e+00	
					         1.71333	4.00000e+00	
					         1.71500	4.00000e+00	
					         1.71667	4.00000e+00	
					         1.71833	5.00000e+00	
					         1.72000	6.00000e+00	
					         1.72167	6.00000e+00	
					         1.72333	7.00000e+00	
					         1.72500	7.00000e+00	
					         1.72667	8.00000e+00	
					         1.72833	8.00000e+00	
					         1.73000	8.00000e+00	
					         1.73167	7.00000e+00	
					         1.73333	7.00000e+00	
					         1.73500	6.00000e+00	
					         1.73667	6.00000e+00	
					         1.73833	5.00000e+00	
					         1.74000	5.00000e+00	
					         1.74167	4.00000e+00	
					         1.74333	3.00000e+00	
					         1.74500	3.00000e+00	
					         1.74667	2.00000e+00	
					         1.74833	2.00000e+00	
					         1.75000	2.00000e+00	
					         1.75167	2.00000e+00	
					         1.75333	2.00000e+00	
					         1.75500	2.00000e+00	
					         1.75667	2.00000e+00	
					         1.75833	2.00000e+00	
					         1.76000	2.00000e+00	
					         1.76167	2.00000e+00	
					         1.76333	2.00000e+00	
					         1.76500	2.00000e+00	
					         1.76667	2.00000e+00	
					         1.76833	1.00000e+00	
					         1.77000	1.00000e+00	
					         1.77167	0.00000e+00	
					         1.77333	0.00000e+00	
					         1.77500	-1.00000e+00	
					         1.77667	-1.00000e+00	
					         1.77833	-2.00000e+00	
					         1.78000	-2.00000e+00	
					         1.78167	-3.00000e+00	
					         1.78333	-3.00000e+00	
					         1.78500	-3.00000e+00	
					         1.78667	-3.00000e+00	
					         1.78833	-3.00000e+00	
					         1.79000	-3.00000e+00	
					         1.79167	-3.00000e+00	
					         1.79333	-3.00000e+00	
					         1.79500	-3.00000e+00	
					         1.79667	-4.00000e+00	
					         1.79833	-4.00000e+00	
					         1.80000	-5.00000e+00	
					         1.80167	-5.00000e+00	
					         1.80333	-6.00000e+00	
					         1.80500	-7.00000e+00	
					         1.80667	-7.00000e+00	
					         1.80833	-7.00000e+00	
					         1.81000	-7.00000e+00	
					         1.81167	-7.00000e+00	
					         1.81333	-7.00000e+00	
					         1.81500	-6.00000e+00	
					         1.81667	-6.00000e+00	
					         1.81833	-5.00000e+00	
					         1.82000	-5.00000e+00	
					         1.82167	-5.00000e+00	
					         1.82333	-5.00000e+00	
					         1.82500	-4.00000e+00	
					         1.82667	-4.00000e+00	
					         1.82833	-4.00000e+00	
					         1.83000	-4.00000e+00	
					         1.83167	-4.00000e+00	
					         1.83333	-4.00000e+00	
					         1.83500	-4.00000e+00	
					         1.83667	-3.00000e+00	
					         1.83833	-3.00000e+00	
					         1.84000	-2.00000e+00	
					         1.84167	-2.00000e+00	
					         1.84333	-1.00000e+00	
					         1.84500	-1.00000e+00	
					         1.84667	-1.00000e+00	
					         1.84833	-1.00000e+00	
					         1.85000	-2.00000e+00	
					         1.85167	-3.00000e+00	
					         1.85333	-3.00000e+00	
					         1.85500	-4.00000e+00	
					         1.85667	-4.00000e+00	
					         1.85833	-4.00000e+00	
					         1.86000	-5.00000e+00	
					         1.86167	-5.00000e+00	
					         1.86333	-6.00000e+00	
					         1.86500	-6.00000e+00	
					         1.86667	-6.00000e+00	
					         1.86833	-6.00000e+00	
					         1.87000	-6.00000e+00	
					         1.87167	-6.00000e+00	
					         1.87333	-6.00000e+00	
					         1.87500	-6.00000e+00	
					         1.87667	-6.00000e+00	
					         1.87833	-6.00000e+00	
					         1.88000	-7.00000e+00	
					         1.88167	-7.00000e+00	
					         1.88333	-6.00000e+00	
					         1.88500	-6.00000e+00	
					         1.88667	-5.00000e+00	
					         1.88833	-4.00000e+00	
					         1.89000	-3.00000e+00	
					         1.89167	-2.00000e+00	
					         1.89333	-1.00000e+00	
					         1.89500	0.00000e+00	
					         1.89667	0.00000e+00	
					         1.89833	1.00000e+00	
					         1.90000	2.00000e+00	
					         1.90167	3.00000e+00	
					         1.90333	3.00000e+00	
					         1.90500	3.00000e+00	
					         1.90667	3.00000e+00	
					         1.90833	3.00000e+00	
					         1.91000	2.00000e+00	
					         1.91167	2.00000e+00	
					         1.91333	1.00000e+00	
					         1.91500	1.00000e+00	
					         1.91667	0.00000e+00	
					         1.91833	0.00000e+00	
					         1.92000	-1.00000e+00	
					         1.92167	-1.00000e+00	
					         1.92333	-1.00000e+00	
					         1.92500	-2.00000e+00	
					         1.92667	-2.00000e+00	
					         1.92833	-1.00000e+00	
					         1.93000	-1.00000e+00	
					         1.93167	-1.00000e+00	
					         1.93333	0.00000e+00	
					         1.93500	0.00000e+00	
					         1.93667	0.00000e+00	
					         1.93833	1.00000e+00	
					         1.94000	1.00000e+00	
					         1.94167	1.00000e+00	
					         1.94333	2.00000e+00	
					         1.94500	2.00000e+00	
					         1.94667	2.00000e+00	
					         1.94833	2.00000e+00	
					         1.95000	3.00000e+00	
					         1.95167	3.00000e+00	
					         1.95333	4.00000e+00	
					         1.95500	4.00000e+00	
					         1.95667	5.00000e+00	
					         1.95833	6.00000e+00	
					         1.96000	6.00000e+00	
					         1.96167	7.00000e+00	
					         1.96333	7.00000e+00	
					         1.96500	7.00000e+00	
					         1.96667	7.00000e+00	
					         1.96833	6.00000e+00	
					         1.97000	6.00000e+00	
					         1.97167	6.00000e+00	
					         1.97333	5.00000e+00	
					         1.97500	4.00000e+00	
					         1.97667	3.00000e+00	
					         1.97833	3.00000e+00	
					         1.98000	2.00000e+00	
					         1.98167	1.00000e+00	
					         1.98333	1.00000e+00	
					         1.98500	1.00000e+00	
					         1.98667	1.00000e+00	
					         1.98833	1.00000e+00	
					         1.99000	1.00000e+00	
					         1.99167	1.00000e+00	
					         1.99333	1.00000e+00	
					         1.99500	1.00000e+00	
					         1.99667	1.00000e+00	
					         1.99833	1.00000e+00	
					         2.00000	1.00000e+00	
					         2.00167	0.00000e+00	
					         2.00333	0.00000e+00	
					         2.00500	0.00000e+00	
					         2.00667	-1.00000e+00	
					         2.00833	-1.00000e+00	
					         2.01000	-2.00000e+00	
					         2.01167	-2.00000e+00	
					         2.01333	-2.00000e+00	
					         2.01500	-3.00000e+00	
					         2.01667	-3.00000e+00	
					         2.01833	-3.00000e+00	
					         2.02000	-3.00000e+00	
					         2.02167	-3.00000e+00	
					         2.02333	-2.00000e+00	
					         2.02500	-2.00000e+00	
					         2.02667	-1.00000e+00	
					         2.02833	0.00000e+00	
					         2.03000	0.00000e+00	
					         2.03167	1.00000e+00	
					         2.03333	1.00000e+00	
					         2.03500	1.00000e+00	
					         2.03667	2.00000e+00	
					         2.03833	2.00000e+00	
					         2.04000	2.00000e+00	
					         2.04167	2.00000e+00	
					         2.04333	1.00000e+00	
					         2.04500	1.00000e+00	
					         2.04667	0.00000e+00	
					         2.04833	0.00000e+00	
					         2.05000	-1.00000e+00	
					         2.05167	-1.00000e+00	
					         2.05333	-1.00000e+00	
					         2.05500	0.00000e+00	
					         2.05667	0.00000e+00	
					         2.05833	0.00000e+00	
					         2.06000	0.00000e+00	
					         2.06167	0.00000e+00	
					         2.06333	0.00000e+00	
					         2.06500	0.00000e+00	
					         2.06667	1.00000e+00	
					         2.06833	1.00000e+00	
					         2.07000	1.00000e+00	
					         2.07167	1.00000e+00	
					         2.07333	1.00000e+00	
					         2.07500	1.00000e+00	
					         2.07667	1.00000e+00	
					         2.07833	0.00000e+00	
					         2.08000	0.00000e+00	
					         2.08167	0.00000e+00	
					         2.08333	0.00000e+00	
					         2.08500	0.00000e+00	
					         2.08667	0.00000e+00	
					         2.08833	0.00000e+00	
					         2.09000	0.00000e+00	
					         2.09167	0.00000e+00	
					         2.09333	0.00000e+00	
					         2.09500	0.00000e+00	
					         2.09667	0.00000e+00	
					         2.09833	0.00000e+00	
					         2.10000	0.00000e+00	
					         2.10167	-1.00000e+00	
					         2.10333	-1.00000e+00	
					         2.10500	-1.00000e+00	
					         2.10667	-1.00000e+00	
					         2.10833	-1.00000e+00	
					         2.11000	-2.00000e+00	
					         2.11167	-2.00000e+00	
					         2.11333	-2.00000e+00	
					         2.11500	-2.00000e+00	
					         2.11667	-2.00000e+00	
					         2.11833	-1.00000e+00	
					         2.12000	-1.00000e+00	
					         2.12167	0.00000e+00	
					         2.12333	0.00000e+00	
					         2.12500	1.00000e+00	
					         2.12667	1.00000e+00	
					         2.12833	1.00000e+00	
					         2.13000	2.00000e+00	
					         2.13167	1.00000e+00	
					         2.13333	1.00000e+00	
					         2.13500	1.00000e+00	
					         2.13667	0.00000e+00	
					         2.13833	0.00000e+00	
					         2.14000	0.00000e+00	
					         2.14167	-1.00000e+00	
					         2.14333	-1.00000e+00	
					         2.14500	-1.00000e+00	
					         2.14667	-1.00000e+00	
					         2.14833	-1.00000e+00	
					         2.15000	-1.00000e+00	
					         2.15167	-1.00000e+00	
					         2.15333	-1.00000e+00	
					         2.15500	-1.00000e+00	
					         2.15667	-2.00000e+00	
					         2.15833	-2.00000e+00	
					         2.16000	-2.00000e+00	
					         2.16167	-2.00000e+00	
					         2.16333	-3.00000e+00	
					         2.16500	-3.00000e+00	
					         2.16667	-3.00000e+00	
					         2.16833	-3.00000e+00	
					         2.17000	-2.00000e+00	
					         2.17167	-2.00000e+00	
					         2.17333	-2.00000e+00	
					         2.17500	-2.00000e+00	
					         2.17667	-1.00000e+00	
					         2.17833	-1.00000e+00	
					         2.18000	-2.00000e+00	
					         2.18167	-2.00000e+00	
					         2.18333	-2.00000e+00	
					         2.18500	-3.00000e+00	
					         2.18667	-4.00000e+00	
					         2.18833	-4.00000e+00	
					         2.19000	-5.00000e+00	
					         2.19167	-6.00000e+00	
					         2.19333	-6.00000e+00	
					         2.19500	-7.00000e+00	
					         2.19667	-7.00000e+00	
					         2.19833	-7.00000e+00	
					         2.20000	-7.00000e+00	
					         2.20167	-7.00000e+00	
					         2.20333	-7.00000e+00	
					         2.20500	-7.00000e+00	
					         2.20667	-7.00000e+00	
					         2.20833	-7.00000e+00	
					         2.21000	-6.00000e+00	
					         2.21167	-6.00000e+00	
					         2.21333	-5.00000e+00	
					         2.21500	-5.00000e+00	
					         2.21667	-5.00000e+00	
					         2.21833	-4.00000e+00	
					         2.22000	-4.00000e+00	
					         2.22167	-4.00000e+00	
					         2.22333	-3.00000e+00	
					         2.22500	-3.00000e+00	
					         2.22667	-3.00000e+00	
					         2.22833	-3.00000e+00	
					         2.23000	-2.00000e+00	
					         2.23167	-2.00000e+00	
					         2.23333	-2.00000e+00	
					         2.23500	-1.00000e+00	
					         2.23667	-1.00000e+00	
					         2.23833	0.00000e+00	
					         2.24000	1.00000e+00	
					         2.24167	2.00000e+00	
					         2.24333	3.00000e+00	
					         2.24500	4.00000e+00	
					         2.24667	5.00000e+00	
					         2.24833	5.00000e+00	
					         2.25000	5.00000e+00	
					         2.25167	5.00000e+00	
					         2.25333	5.00000e+00	
					         2.25500	5.00000e+00	
					         2.25667	4.00000e+00	
					         2.25833	4.00000e+00	
					         2.26000	3.00000e+00	
					         2.26167	2.00000e+00	
					         2.26333	2.00000e+00	
					         2.26500	1.00000e+00	
					         2.26667	1.00000e+00	
					         2.26833	1.00000e+00	
					         2.27000	1.00000e+00	
					         2.27167	1.00000e+00	
					         2.27333	2.00000e+00	
					         2.27500	2.00000e+00	
					         2.27667	3.00000e+00	
					         2.27833	3.00000e+00	
					         2.28000	4.00000e+00	
					         2.28167	4.00000e+00	
					         2.28333	5.00000e+00	
					         2.28500	5.00000e+00	
					         2.28667	5.00000e+00	
					         2.28833	6.00000e+00	
					         2.29000	6.00000e+00	
					         2.29167	6.00000e+00	
					         2.29333	6.00000e+00	
					         2.29500	6.00000e+00	
					         2.29667	5.00000e+00	
					         2.29833	5.00000e+00	
					         2.30000	4.00000e+00	
					         2.30167	3.00000e+00	
					         2.30333	2.00000e+00	
					         2.30500	1.00000e+00	
					         2.30667	0.00000e+00	
					         2.30833	-1.00000e+00	
					         2.31000	-2.00000e+00	
					         2.31167	-3.00000e+00	
					         2.31333	-4.00000e+00	
					         2.31500	-5.00000e+00	
					         2.31667	-6.00000e+00	
					         2.31833	-7.00000e+00	
					         2.32000	-9.00000e+00	
					         2.32167	-1.00000e+01	
					         2.32333	-1.20000e+01	
					         2.32500	-1.40000e+01	
					         2.32667	-1.70000e+01	
					         2.32833	-1.90000e+01	
					         2.33000	-2.20000e+01	
					         2.33167	-2.50000e+01	
					         2.33333	-2.80000e+01	
					         2.33500	-3.10000e+01	
					         2.33667	-3.30000e+01	
					         2.33833	-3.50000e+01	
					         2.34000	-3.70000e+01	
					         2.34167	-3.80000e+01	
					         2.34333	-3.80000e+01	
					         2.34500	-3.80000e+01	
					         2.34667	-3.70000e+01	
					         2.34833	-3.60000e+01	
					         2.35000	-3.50000e+01	
					         2.35167	-3.30000e+01	
					         2.35333	-3.10000e+01	
					         2.35500	-2.80000e+01	
					         2.35667	-2.60000e+01	
					         2.35833	-2.30000e+01	
					         2.36000	-2.00000e+01	
					         2.36167	-1.80000e+01	
					         2.36333	-1.50000e+01	
					         2.36500	-1.20000e+01	
					         2.36667	-9.00000e+00	
					         2.36833	-7.00000e+00	
					         2.37000	-4.00000e+00	
					         2.37167	-2.00000e+00	
					         2.37333	0.00000e+00	
					         2.37500	3.00000e+00	
					         2.37667	4.00000e+00	
					         2.37833	6.00000e+00	
					         2.38000	7.00000e+00	
					         2.38167	9.00000e+00	
					         2.38333	1.00000e+01	
					         2.38500	1.10000e+01	
					         2.38667	1.10000e+01	
					         2.38833	1.20000e+01	
					         2.39000	1.30000e+01	
					         2.39167	1.40000e+01	
					         2.39333	1.50000e+01	
					         2.39500	1.60000e+01	
					         2.39667	1.70000e+01	
					         2.39833	1.70000e+01	
					         2.40000	1.80000e+01	
