Grayscale intensity, in dB

Time (s) :	Trace 1 : 	Trace 2 : 	Trace 3 : 		Ecg : 		
0.00133   	-5.05166e+01	-5.17116e+01	-6.11916e+01		         0.00000	3.53000e+02	
0.01831   	-4.92795e+01	-5.19123e+01	-6.18463e+01		         0.00167	3.76000e+02	
0.03529   	-4.51228e+01	-5.56341e+01	-6.14501e+01		         0.00333	3.91000e+02	
0.05227   	-4.30706e+01	-5.06816e+01	-6.07124e+01		         0.00500	3.97000e+02	
0.06925   	-4.46057e+01	-4.82398e+01	-6.08638e+01		         0.00667	3.93000e+02	
0.08623   	-4.51012e+01	-5.02188e+01	-6.05149e+01		         0.00833	3.79000e+02	
0.10321   	-4.29680e+01	-5.03847e+01	-5.95842e+01		         0.01000	3.53000e+02	
0.12019   	-4.26882e+01	-5.01789e+01	-5.86776e+01		         0.01167	3.18000e+02	
0.13717   	-4.22980e+01	-5.02266e+01	-5.95429e+01		         0.01333	2.75000e+02	
0.15415   	-4.44175e+01	-4.84311e+01	-5.72665e+01		         0.01500	2.24000e+02	
0.17113   	-4.65466e+01	-4.73474e+01	-5.68504e+01		         0.01667	1.68000e+02	
0.18811   	-4.49424e+01	-4.74298e+01	-5.61018e+01		         0.01833	1.08000e+02	
0.20509   	-4.47908e+01	-4.59158e+01	-5.53648e+01		         0.02000	4.80000e+01	
0.22207   	-4.68874e+01	-4.58019e+01	-5.35596e+01		         0.02167	-1.10000e+01	
0.23905   	-4.90994e+01	-4.48798e+01	-5.18512e+01		         0.02333	-6.60000e+01	
0.25603   	-5.02159e+01	-4.37731e+01	-5.08113e+01		         0.02500	-1.17000e+02	
0.27301   	-5.06376e+01	-4.27793e+01	-5.00182e+01		         0.02667	-1.61000e+02	
0.28999   	-5.04627e+01	-4.14281e+01	-4.99905e+01		         0.02833	-1.98000e+02	
0.30697   	-5.03580e+01	-4.25405e+01	-4.93140e+01		         0.03000	-2.28000e+02	
0.32395   	-5.01474e+01	-4.28384e+01	-5.02669e+01		         0.03167	-2.51000e+02	
0.34093   	-4.97905e+01	-4.27256e+01	-4.89851e+01		         0.03333	-2.66000e+02	
0.35791   	-5.00133e+01	-4.37108e+01	-4.81218e+01		         0.03500	-2.76000e+02	
0.37489   	-4.87843e+01	-4.51668e+01	-5.03767e+01		         0.03667	-2.79000e+02	
0.39187   	-4.31870e+01	-4.53858e+01	-5.07222e+01		         0.03833	-2.78000e+02	
0.40885   	-4.59785e+01	-4.72529e+01	-5.11750e+01		         0.04000	-2.72000e+02	
0.42591   	-4.72078e+01	-4.95717e+01	-5.20744e+01		         0.04167	-2.63000e+02	
0.44281   	-4.80908e+01	-5.06837e+01	-5.31067e+01		         0.04333	-2.52000e+02	
0.45979   	-4.93841e+01	-5.25354e+01	-5.31415e+01		         0.04500	-2.39000e+02	
0.47677   	-4.86067e+01	-5.66173e+01	-5.31860e+01		         0.04667	-2.25000e+02	
0.49375   	-4.74668e+01	-5.77478e+01	-5.33962e+01		         0.04833	-2.10000e+02	
0.51073   	-4.74386e+01	-5.75399e+01	-5.42174e+01		         0.05000	-1.95000e+02	
0.52771   	-4.40059e+01	-5.69975e+01	-5.41315e+01		         0.05167	-1.81000e+02	
0.54469   	-4.03031e+01	-5.72226e+01	-5.39741e+01		         0.05333	-1.67000e+02	
0.56167   	-3.87926e+01	-5.59144e+01	-5.34368e+01		         0.05500	-1.54000e+02	
0.57865   	-3.79999e+01	-5.58614e+01	-5.26034e+01		         0.05667	-1.42000e+02	
0.59563   	-3.82723e+01	-5.48283e+01	-5.25139e+01		         0.05833	-1.31000e+02	
0.61261   	-3.88293e+01	-5.61785e+01	-5.15980e+01		         0.06000	-1.22000e+02	
0.62959   	-3.95392e+01	-5.68215e+01	-5.11006e+01		         0.06167	-1.13000e+02	
0.64657   	-4.10825e+01	-5.77335e+01	-5.10832e+01		         0.06333	-1.06000e+02	
0.66355   	-4.05163e+01	-5.75307e+01	-5.08146e+01		         0.06500	-9.90000e+01	
0.68053   	-4.22237e+01	-5.79765e+01	-5.16291e+01		         0.06667	-9.30000e+01	
0.69751   	-4.22429e+01	-5.75173e+01	-5.09113e+01		         0.06833	-8.80000e+01	
0.71450   	-4.37522e+01	-5.86128e+01	-5.02666e+01		         0.07000	-8.40000e+01	
0.73147   	-4.40273e+01	-5.79448e+01	-4.93463e+01		         0.07167	-7.90000e+01	
0.74845   	-4.32915e+01	-5.84509e+01	-4.85744e+01		         0.07333	-7.60000e+01	
0.76543   	-4.41820e+01	-5.84066e+01	-4.78792e+01		         0.07500	-7.20000e+01	
0.78241   	-4.43566e+01	-5.87466e+01	-4.92227e+01		         0.07667	-6.80000e+01	
0.79939   	-4.49671e+01	-5.82961e+01	-4.89619e+01		         0.07833	-6.50000e+01	
0.81637   	-4.87591e+01	-5.80755e+01	-4.86068e+01		         0.08000	-6.20000e+01	
0.83335   	-5.14996e+01	-5.78713e+01	-4.76291e+01		         0.08167	-5.90000e+01	
0.85034   	-4.77879e+01	-5.85917e+01	-5.09949e+01		         0.08333	-5.60000e+01	
0.86731   	-4.45112e+01	-5.81844e+01	-5.23238e+01		         0.08500	-5.30000e+01	
0.88429   	-4.18498e+01	-5.74067e+01	-5.28257e+01		         0.08667	-5.10000e+01	
0.90127   	-4.01440e+01	-5.60614e+01	-5.25555e+01		         0.08833	-4.90000e+01	
0.91825   	-4.02405e+01	-5.62169e+01	-5.22306e+01		         0.09000	-4.70000e+01	
0.93523   	-4.16391e+01	-5.51050e+01	-5.28883e+01		         0.09167	-4.50000e+01	
0.95221   	-4.32532e+01	-5.48977e+01	-5.20350e+01		         0.09333	-4.40000e+01	
0.96919   	-4.42135e+01	-5.47879e+01	-5.17518e+01		         0.09500	-4.30000e+01	
0.98617   	-4.47949e+01	-5.40107e+01	-5.18121e+01		         0.09667	-4.20000e+01	
1.00315   	-4.41105e+01	-5.32814e+01	-5.08010e+01		         0.09833	-4.00000e+01	
1.02013   	-4.24525e+01	-5.06222e+01	-5.14809e+01		         0.10000	-3.90000e+01	
1.03711   	-4.13580e+01	-5.12183e+01	-5.06456e+01		         0.10167	-3.70000e+01	
1.05409   	-4.12852e+01	-5.02859e+01	-4.99624e+01		         0.10333	-3.50000e+01	
1.07107   	-4.17823e+01	-4.90470e+01	-5.01369e+01		         0.10500	-3.20000e+01	
1.08805   	-4.28997e+01	-4.88649e+01	-5.00259e+01		         0.10667	-3.00000e+01	
1.10503   	-4.11045e+01	-4.90034e+01	-4.98958e+01		         0.10833	-2.70000e+01	
1.12201   	-4.19158e+01	-4.74407e+01	-5.12228e+01		         0.11000	-2.50000e+01	
1.13899   	-4.33109e+01	-4.93368e+01	-5.03098e+01		         0.11167	-2.20000e+01	
1.15630   	-4.49251e+01	-4.64538e+01	-5.06994e+01		         0.11333	-2.00000e+01	
1.17295   	-4.10986e+01	-4.94816e+01	-5.31023e+01		         0.11500	-1.80000e+01	
1.18993   	-3.83352e+01	-5.14954e+01	-5.32791e+01		         0.11667	-1.60000e+01	
1.20691   	-3.74267e+01	-5.53610e+01	-5.25991e+01		         0.11833	-1.50000e+01	
1.22389   	-3.69393e+01	-5.75595e+01	-5.15906e+01		         0.12000	-1.30000e+01	
1.24087   	-3.83573e+01	-5.73635e+01	-5.22046e+01		         0.12167	-1.20000e+01	
1.25785   	-3.84614e+01	-5.77008e+01	-5.11561e+01		         0.12333	-1.10000e+01	
1.27483   	-3.83011e+01	-5.81127e+01	-5.04020e+01		         0.12500	-1.10000e+01	
1.29181   	-3.85709e+01	-5.78154e+01	-5.01767e+01		         0.12667	-1.00000e+01	
1.30879   	-3.73506e+01	-5.83761e+01	-4.96227e+01		         0.12833	-9.00000e+00	
1.32577   	-3.75244e+01	-5.86180e+01	-5.05520e+01		         0.13000	-8.00000e+00	
1.34275   	-3.83025e+01	-5.85441e+01	-5.13222e+01		         0.13167	-6.00000e+00	
1.35973   	-3.98402e+01	-5.93482e+01	-5.05534e+01		         0.13333	-5.00000e+00	
1.37671   	-4.04943e+01	-5.85715e+01	-5.15062e+01		         0.13500	-3.00000e+00	
1.39369   	-3.94782e+01	-5.90962e+01	-5.09027e+01		         0.13667	-1.00000e+00	
1.41067   	-4.00660e+01	-5.89777e+01	-5.05403e+01		         0.13833	1.00000e+00	
1.42765   	-3.78597e+01	-5.86315e+01	-4.99630e+01		         0.14000	3.00000e+00	
1.44464   	-4.34776e+01	-5.90255e+01	-5.06074e+01		         0.14167	6.00000e+00	
1.46161   	-5.08703e+01	-5.92594e+01	-5.17234e+01		         0.14333	9.00000e+00	
1.47859   	-5.08767e+01	-5.87837e+01	-5.26847e+01		         0.14500	1.10000e+01	
1.49557   	-5.15215e+01	-5.90254e+01	-5.25670e+01		         0.14667	1.40000e+01	
1.51255   	-5.05389e+01	-5.90899e+01	-5.30565e+01		         0.14833	1.70000e+01	
1.52953   	-5.06262e+01	-5.92071e+01	-5.18780e+01		         0.15000	1.90000e+01	
1.54651   	-4.90215e+01	-5.87523e+01	-5.23196e+01		         0.15167	2.20000e+01	
1.56349   	-4.92214e+01	-5.84525e+01	-5.19661e+01		         0.15333	2.50000e+01	
1.58047   	-4.67808e+01	-5.89147e+01	-5.02600e+01		         0.15500	2.80000e+01	
1.59745   	-4.07878e+01	-5.82607e+01	-5.23423e+01		         0.15667	3.10000e+01	
1.61443   	-3.78740e+01	-5.79396e+01	-5.39176e+01		         0.15833	3.40000e+01	
1.63141   	-3.62342e+01	-5.73122e+01	-5.36796e+01		         0.16000	3.70000e+01	
1.64839   	-3.73450e+01	-5.59384e+01	-5.24056e+01		         0.16167	4.10000e+01	
1.66538   	-3.94604e+01	-5.51251e+01	-5.29569e+01		         0.16333	4.40000e+01	
1.68236   	-4.03184e+01	-5.33999e+01	-5.23855e+01		         0.16500	4.80000e+01	
1.69934   	-4.22578e+01	-5.37833e+01	-5.20714e+01		         0.16667	5.10000e+01	
1.71632   	-4.33862e+01	-5.25719e+01	-5.21272e+01		         0.16833	5.50000e+01	
1.73329   	-4.25519e+01	-5.19182e+01	-5.22232e+01		         0.17000	6.00000e+01	
1.75027   	-4.12046e+01	-4.99221e+01	-5.19530e+01		         0.17167	6.40000e+01	
1.76726   	-4.06670e+01	-4.83806e+01	-5.16059e+01		         0.17333	6.90000e+01	
1.78423   	-3.98938e+01	-4.68987e+01	-4.99409e+01		         0.17500	7.40000e+01	
1.80121   	-4.11176e+01	-4.56078e+01	-4.91907e+01		         0.17667	8.00000e+01	
1.81819   	-4.42767e+01	-4.50709e+01	-4.86386e+01		         0.17833	8.50000e+01	
1.83517   	-4.64821e+01	-4.42057e+01	-4.93600e+01		         0.18000	9.10000e+01	
1.85215   	-4.75868e+01	-4.44436e+01	-4.83035e+01		         0.18167	9.70000e+01	
1.86913   	-4.57852e+01	-4.27446e+01	-4.87968e+01		         0.18333	1.03000e+02	
1.88611   	-4.24721e+01	-4.33468e+01	-4.87923e+01		         0.18500	1.09000e+02	
1.90342   	-4.54856e+01	-3.97900e+01	-4.84730e+01		         0.18667	1.16000e+02	
1.92007   	-4.72523e+01	-3.92125e+01	-5.09262e+01		         0.18833	1.22000e+02	
1.93705   	-4.77362e+01	-4.59779e+01	-5.14574e+01		         0.19000	1.28000e+02	
1.95403   	-4.78050e+01	-4.57850e+01	-5.06564e+01		         0.19167	1.35000e+02	
1.97101   	-4.88285e+01	-4.81672e+01	-5.15236e+01		         0.19333	1.41000e+02	
1.98799   	-4.84460e+01	-5.18925e+01	-5.20799e+01		         0.19500	1.48000e+02	
2.00497   	-4.61033e+01	-5.21770e+01	-5.13845e+01		         0.19667	1.54000e+02	
2.02195   	-4.58334e+01	-5.25737e+01	-5.22512e+01		         0.19833	1.60000e+02	
2.03894   	-4.34813e+01	-5.23465e+01	-5.35683e+01		         0.20000	1.67000e+02	
2.05592   	-3.93391e+01	-5.02188e+01	-5.21468e+01		         0.20167	1.73000e+02	
2.07290   	-3.83196e+01	-4.96462e+01	-5.38626e+01		         0.20333	1.80000e+02	
2.08988   	-3.81843e+01	-4.94029e+01	-5.33247e+01		         0.20500	1.86000e+02	
2.10686   	-3.89477e+01	-4.87340e+01	-5.26421e+01		         0.20667	1.91000e+02	
2.12384   	-3.90326e+01	-5.00605e+01	-5.28903e+01		         0.20833	1.96000e+02	
2.14081   	-3.96709e+01	-4.98858e+01	-5.44546e+01		         0.21000	2.01000e+02	
2.15780   	-3.95314e+01	-5.11745e+01	-5.41233e+01		         0.21167	2.05000e+02	
2.17478   	-4.08323e+01	-5.26380e+01	-5.54741e+01		         0.21333	2.09000e+02	
2.19176   	-3.98819e+01	-5.29612e+01	-5.51971e+01		         0.21500	2.11000e+02	
2.20874   	-4.08544e+01	-4.76024e+01	-5.68682e+01		         0.21667	2.13000e+02	
2.22572   	-4.02013e+01	-4.33072e+01	-5.76390e+01		         0.21833	2.14000e+02	
2.24269   	-4.06956e+01	-4.56104e+01	-5.64615e+01		         0.22000	2.14000e+02	
2.25968   	-4.05940e+01	-4.48107e+01	-5.72121e+01		         0.22167	2.13000e+02	
2.27666   	-4.11996e+01	-4.54474e+01	-5.71127e+01		         0.22333	2.11000e+02	
					         0.22500	2.10000e+02	
					         0.22667	2.07000e+02	
					         0.22833	2.04000e+02	
					         0.23000	2.01000e+02	
					         0.23167	1.96000e+02	
					         0.23333	1.91000e+02	
					         0.23500	1.86000e+02	
					         0.23667	1.80000e+02	
					         0.23833	1.73000e+02	
					         0.24000	1.66000e+02	
					         0.24167	1.59000e+02	
					         0.24333	1.51000e+02	
					         0.24500	1.43000e+02	
					         0.24667	1.34000e+02	
					         0.24833	1.24000e+02	
					         0.25000	1.15000e+02	
					         0.25167	1.05000e+02	
					         0.25333	9.50000e+01	
					         0.25500	8.50000e+01	
					         0.25667	7.40000e+01	
					         0.25833	6.40000e+01	
					         0.26000	5.40000e+01	
					         0.26167	4.40000e+01	
					         0.26333	3.40000e+01	
					         0.26500	2.40000e+01	
					         0.26667	1.40000e+01	
					         0.26833	4.00000e+00	
					         0.27000	-6.00000e+00	
					         0.27167	-1.60000e+01	
					         0.27333	-2.50000e+01	
					         0.27500	-3.50000e+01	
					         0.27667	-4.40000e+01	
					         0.27833	-5.30000e+01	
					         0.28000	-6.10000e+01	
					         0.28167	-7.00000e+01	
					         0.28333	-7.70000e+01	
					         0.28500	-8.40000e+01	
					         0.28667	-9.10000e+01	
					         0.28833	-9.60000e+01	
					         0.29000	-1.00000e+02	
					         0.29167	-1.05000e+02	
					         0.29333	-1.08000e+02	
					         0.29500	-1.11000e+02	
					         0.29667	-1.14000e+02	
					         0.29833	-1.17000e+02	
					         0.30000	-1.19000e+02	
					         0.30167	-1.21000e+02	
					         0.30333	-1.24000e+02	
					         0.30500	-1.26000e+02	
					         0.30667	-1.28000e+02	
					         0.30833	-1.31000e+02	
					         0.31000	-1.33000e+02	
					         0.31167	-1.34000e+02	
					         0.31333	-1.36000e+02	
					         0.31500	-1.37000e+02	
					         0.31667	-1.37000e+02	
					         0.31833	-1.37000e+02	
					         0.32000	-1.37000e+02	
					         0.32167	-1.36000e+02	
					         0.32333	-1.35000e+02	
					         0.32500	-1.34000e+02	
					         0.32667	-1.32000e+02	
					         0.32833	-1.30000e+02	
					         0.33000	-1.28000e+02	
					         0.33167	-1.26000e+02	
					         0.33333	-1.24000e+02	
					         0.33500	-1.22000e+02	
					         0.33667	-1.21000e+02	
					         0.33833	-1.19000e+02	
					         0.34000	-1.18000e+02	
					         0.34167	-1.17000e+02	
					         0.34333	-1.15000e+02	
					         0.34500	-1.14000e+02	
					         0.34667	-1.13000e+02	
					         0.34833	-1.11000e+02	
					         0.35000	-1.09000e+02	
					         0.35167	-1.07000e+02	
					         0.35333	-1.05000e+02	
					         0.35500	-1.03000e+02	
					         0.35667	-1.00000e+02	
					         0.35833	-9.80000e+01	
					         0.36000	-9.50000e+01	
					         0.36167	-9.20000e+01	
					         0.36333	-9.00000e+01	
					         0.36500	-8.70000e+01	
					         0.36667	-8.50000e+01	
					         0.36833	-8.30000e+01	
					         0.37000	-8.10000e+01	
					         0.37167	-8.00000e+01	
					         0.37333	-7.80000e+01	
					         0.37500	-7.60000e+01	
					         0.37667	-7.50000e+01	
					         0.37833	-7.40000e+01	
					         0.38000	-7.20000e+01	
					         0.38167	-7.10000e+01	
					         0.38333	-6.90000e+01	
					         0.38500	-6.80000e+01	
					         0.38667	-6.60000e+01	
					         0.38833	-6.40000e+01	
					         0.39000	-6.20000e+01	
					         0.39167	-6.00000e+01	
					         0.39333	-5.70000e+01	
					         0.39500	-5.40000e+01	
					         0.39667	-5.20000e+01	
					         0.39833	-4.90000e+01	
					         0.40000	-4.50000e+01	
					         0.40167	-4.20000e+01	
					         0.40333	-3.90000e+01	
					         0.40500	-3.60000e+01	
					         0.40667	-3.30000e+01	
					         0.40833	-3.10000e+01	
					         0.41000	-2.90000e+01	
					         0.41167	-2.80000e+01	
					         0.41333	-2.70000e+01	
					         0.41500	-2.60000e+01	
					         0.41667	-2.50000e+01	
					         0.41833	-2.50000e+01	
					         0.42000	-2.50000e+01	
					         0.42167	-2.40000e+01	
					         0.42333	-2.40000e+01	
					         0.42500	-2.30000e+01	
					         0.42667	-2.20000e+01	
					         0.42833	-2.10000e+01	
					         0.43000	-1.90000e+01	
					         0.43167	-1.70000e+01	
					         0.43333	-1.50000e+01	
					         0.43500	-1.30000e+01	
					         0.43667	-1.10000e+01	
					         0.43833	-1.00000e+01	
					         0.44000	-9.00000e+00	
					         0.44167	-8.00000e+00	
					         0.44333	-7.00000e+00	
					         0.44500	-7.00000e+00	
					         0.44667	-7.00000e+00	
					         0.44833	-7.00000e+00	
					         0.45000	-8.00000e+00	
					         0.45167	-8.00000e+00	
					         0.45333	-8.00000e+00	
					         0.45500	-9.00000e+00	
					         0.45667	-9.00000e+00	
					         0.45833	-9.00000e+00	
					         0.46000	-9.00000e+00	
					         0.46167	-9.00000e+00	
					         0.46333	-9.00000e+00	
					         0.46500	-1.00000e+01	
					         0.46667	-1.00000e+01	
					         0.46833	-1.00000e+01	
					         0.47000	-1.00000e+01	
					         0.47167	-1.10000e+01	
					         0.47333	-1.10000e+01	
					         0.47500	-1.20000e+01	
					         0.47667	-1.20000e+01	
					         0.47833	-1.30000e+01	
					         0.48000	-1.40000e+01	
					         0.48167	-1.50000e+01	
					         0.48333	-1.60000e+01	
					         0.48500	-1.60000e+01	
					         0.48667	-1.70000e+01	
					         0.48833	-1.80000e+01	
					         0.49000	-1.80000e+01	
					         0.49167	-1.80000e+01	
					         0.49333	-1.90000e+01	
					         0.49500	-1.90000e+01	
					         0.49667	-1.90000e+01	
					         0.49833	-1.90000e+01	
					         0.50000	-1.90000e+01	
					         0.50167	-1.80000e+01	
					         0.50333	-1.80000e+01	
					         0.50500	-1.70000e+01	
					         0.50667	-1.70000e+01	
					         0.50833	-1.60000e+01	
					         0.51000	-1.50000e+01	
					         0.51167	-1.50000e+01	
					         0.51333	-1.40000e+01	
					         0.51500	-1.40000e+01	
					         0.51667	-1.40000e+01	
					         0.51833	-1.30000e+01	
					         0.52000	-1.40000e+01	
					         0.52167	-1.40000e+01	
					         0.52333	-1.50000e+01	
					         0.52500	-1.60000e+01	
					         0.52667	-1.70000e+01	
					         0.52833	-1.80000e+01	
					         0.53000	-2.00000e+01	
					         0.53167	-2.20000e+01	
					         0.53333	-2.30000e+01	
					         0.53500	-2.50000e+01	
					         0.53667	-2.60000e+01	
					         0.53833	-2.60000e+01	
					         0.54000	-2.70000e+01	
					         0.54167	-2.70000e+01	
					         0.54333	-2.60000e+01	
					         0.54500	-2.60000e+01	
					         0.54667	-2.50000e+01	
					         0.54833	-2.40000e+01	
					         0.55000	-2.30000e+01	
					         0.55167	-2.10000e+01	
					         0.55333	-2.00000e+01	
					         0.55500	-1.80000e+01	
					         0.55667	-1.60000e+01	
					         0.55833	-1.40000e+01	
					         0.56000	-1.20000e+01	
					         0.56167	-1.00000e+01	
					         0.56333	-7.00000e+00	
					         0.56500	-4.00000e+00	
					         0.56667	-1.00000e+00	
					         0.56833	3.00000e+00	
					         0.57000	7.00000e+00	
					         0.57167	1.10000e+01	
					         0.57333	1.50000e+01	
					         0.57500	1.90000e+01	
					         0.57667	2.30000e+01	
					         0.57833	2.70000e+01	
					         0.58000	3.00000e+01	
					         0.58167	3.40000e+01	
					         0.58333	3.70000e+01	
					         0.58500	3.90000e+01	
					         0.58667	4.20000e+01	
					         0.58833	4.40000e+01	
					         0.59000	4.60000e+01	
					         0.59167	4.70000e+01	
					         0.59333	4.90000e+01	
					         0.59500	5.00000e+01	
					         0.59667	5.00000e+01	
					         0.59833	5.10000e+01	
					         0.60000	5.10000e+01	
					         0.60167	5.10000e+01	
					         0.60333	5.10000e+01	
					         0.60500	5.10000e+01	
					         0.60667	5.10000e+01	
					         0.60833	5.10000e+01	
					         0.61000	5.00000e+01	
					         0.61167	5.00000e+01	
					         0.61333	5.00000e+01	
					         0.61500	5.00000e+01	
					         0.61667	5.00000e+01	
					         0.61833	5.00000e+01	
					         0.62000	5.10000e+01	
					         0.62167	5.10000e+01	
					         0.62333	5.00000e+01	
					         0.62500	5.00000e+01	
					         0.62667	4.90000e+01	
					         0.62833	4.70000e+01	
					         0.63000	4.60000e+01	
					         0.63167	4.30000e+01	
					         0.63333	4.10000e+01	
					         0.63500	3.70000e+01	
					         0.63667	3.40000e+01	
					         0.63833	2.90000e+01	
					         0.64000	2.50000e+01	
					         0.64167	2.00000e+01	
					         0.64333	1.50000e+01	
					         0.64500	1.00000e+01	
					         0.64667	5.00000e+00	
					         0.64833	-1.00000e+00	
					         0.65000	-7.00000e+00	
					         0.65167	-1.30000e+01	
					         0.65333	-2.00000e+01	
					         0.65500	-2.80000e+01	
					         0.65667	-3.60000e+01	
					         0.65833	-4.30000e+01	
					         0.66000	-5.10000e+01	
					         0.66167	-5.90000e+01	
					         0.66333	-6.60000e+01	
					         0.66500	-7.40000e+01	
					         0.66667	-8.00000e+01	
					         0.66833	-8.70000e+01	
					         0.67000	-9.20000e+01	
					         0.67167	-9.60000e+01	
					         0.67333	-9.90000e+01	
					         0.67500	-1.02000e+02	
					         0.67667	-1.03000e+02	
					         0.67833	-1.04000e+02	
					         0.68000	-1.04000e+02	
					         0.68167	-1.03000e+02	
					         0.68333	-1.02000e+02	
					         0.68500	-1.00000e+02	
					         0.68667	-9.90000e+01	
					         0.68833	-9.70000e+01	
					         0.69000	-9.40000e+01	
					         0.69167	-9.20000e+01	
					         0.69333	-9.00000e+01	
					         0.69500	-8.80000e+01	
					         0.69667	-8.60000e+01	
					         0.69833	-8.50000e+01	
					         0.70000	-8.30000e+01	
					         0.70167	-8.20000e+01	
					         0.70333	-8.10000e+01	
					         0.70500	-8.00000e+01	
					         0.70667	-7.90000e+01	
					         0.70833	-7.80000e+01	
					         0.71000	-7.60000e+01	
					         0.71167	-7.40000e+01	
					         0.71333	-7.20000e+01	
					         0.71500	-6.80000e+01	
					         0.71667	-6.50000e+01	
					         0.71833	-6.10000e+01	
					         0.72000	-5.60000e+01	
					         0.72167	-5.20000e+01	
					         0.72333	-4.80000e+01	
					         0.72500	-4.30000e+01	
					         0.72667	-3.90000e+01	
					         0.72833	-3.60000e+01	
					         0.73000	-3.30000e+01	
					         0.73167	-2.90000e+01	
					         0.73333	-2.60000e+01	
					         0.73500	-2.20000e+01	
					         0.73667	-1.60000e+01	
					         0.73833	-8.00000e+00	
					         0.74000	4.00000e+00	
					         0.74167	1.90000e+01	
					         0.74333	3.90000e+01	
					         0.74500	6.40000e+01	
					         0.74667	9.30000e+01	
					         0.74833	1.27000e+02	
					         0.75000	1.65000e+02	
					         0.75167	2.06000e+02	
					         0.75333	2.48000e+02	
					         0.75500	2.91000e+02	
					         0.75667	3.32000e+02	
					         0.75833	3.69000e+02	
					         0.76000	4.00000e+02	
					         0.76167	4.22000e+02	
					         0.76333	4.35000e+02	
					         0.76500	4.36000e+02	
					         0.76667	4.26000e+02	
					         0.76833	4.05000e+02	
					         0.77000	3.73000e+02	
					         0.77167	3.32000e+02	
					         0.77333	2.82000e+02	
					         0.77500	2.25000e+02	
					         0.77667	1.65000e+02	
					         0.77833	1.02000e+02	
					         0.78000	4.00000e+01	
					         0.78167	-2.00000e+01	
					         0.78333	-7.60000e+01	
					         0.78500	-1.26000e+02	
					         0.78667	-1.70000e+02	
					         0.78833	-2.06000e+02	
					         0.79000	-2.35000e+02	
					         0.79167	-2.57000e+02	
					         0.79333	-2.73000e+02	
					         0.79500	-2.82000e+02	
					         0.79667	-2.85000e+02	
					         0.79833	-2.84000e+02	
					         0.80000	-2.78000e+02	
					         0.80167	-2.70000e+02	
					         0.80333	-2.59000e+02	
					         0.80500	-2.47000e+02	
					         0.80667	-2.33000e+02	
					         0.80833	-2.19000e+02	
					         0.81000	-2.05000e+02	
					         0.81167	-1.92000e+02	
					         0.81333	-1.79000e+02	
					         0.81500	-1.67000e+02	
					         0.81667	-1.56000e+02	
					         0.81833	-1.47000e+02	
					         0.82000	-1.38000e+02	
					         0.82167	-1.30000e+02	
					         0.82333	-1.24000e+02	
					         0.82500	-1.17000e+02	
					         0.82667	-1.12000e+02	
					         0.82833	-1.07000e+02	
					         0.83000	-1.02000e+02	
					         0.83167	-9.80000e+01	
					         0.83333	-9.40000e+01	
					         0.83500	-9.00000e+01	
					         0.83667	-8.60000e+01	
					         0.83833	-8.30000e+01	
					         0.84000	-7.90000e+01	
					         0.84167	-7.60000e+01	
					         0.84333	-7.30000e+01	
					         0.84500	-7.00000e+01	
					         0.84667	-6.70000e+01	
					         0.84833	-6.40000e+01	
					         0.85000	-6.10000e+01	
					         0.85167	-5.80000e+01	
					         0.85333	-5.60000e+01	
					         0.85500	-5.30000e+01	
					         0.85667	-5.10000e+01	
					         0.85833	-4.90000e+01	
					         0.86000	-4.70000e+01	
					         0.86167	-4.50000e+01	
					         0.86333	-4.30000e+01	
					         0.86500	-4.10000e+01	
					         0.86667	-3.90000e+01	
					         0.86833	-3.80000e+01	
					         0.87000	-3.70000e+01	
					         0.87167	-3.50000e+01	
					         0.87333	-3.40000e+01	
					         0.87500	-3.20000e+01	
					         0.87667	-3.10000e+01	
					         0.87833	-2.90000e+01	
					         0.88000	-2.70000e+01	
					         0.88167	-2.50000e+01	
					         0.88333	-2.40000e+01	
					         0.88500	-2.20000e+01	
					         0.88667	-2.00000e+01	
					         0.88833	-1.80000e+01	
					         0.89000	-1.60000e+01	
					         0.89167	-1.40000e+01	
					         0.89333	-1.10000e+01	
					         0.89500	-9.00000e+00	
					         0.89667	-6.00000e+00	
					         0.89833	-2.00000e+00	
					         0.90000	1.00000e+00	
					         0.90167	5.00000e+00	
					         0.90333	9.00000e+00	
					         0.90500	1.20000e+01	
					         0.90667	1.60000e+01	
					         0.90833	2.00000e+01	
					         0.91000	2.40000e+01	
					         0.91167	2.80000e+01	
					         0.91333	3.10000e+01	
					         0.91500	3.40000e+01	
					         0.91667	3.70000e+01	
					         0.91833	4.00000e+01	
					         0.92000	4.20000e+01	
					         0.92167	4.50000e+01	
					         0.92333	4.70000e+01	
					         0.92500	5.00000e+01	
					         0.92667	5.30000e+01	
					         0.92833	5.60000e+01	
					         0.93000	6.00000e+01	
					         0.93167	6.40000e+01	
					         0.93333	6.80000e+01	
					         0.93500	7.30000e+01	
					         0.93667	7.90000e+01	
					         0.93833	8.40000e+01	
					         0.94000	9.10000e+01	
					         0.94167	9.80000e+01	
					         0.94333	1.05000e+02	
					         0.94500	1.12000e+02	
					         0.94667	1.20000e+02	
					         0.94833	1.27000e+02	
					         0.95000	1.34000e+02	
					         0.95167	1.41000e+02	
					         0.95333	1.49000e+02	
					         0.95500	1.56000e+02	
					         0.95667	1.63000e+02	
					         0.95833	1.69000e+02	
					         0.96000	1.76000e+02	
					         0.96167	1.81000e+02	
					         0.96333	1.87000e+02	
					         0.96500	1.92000e+02	
					         0.96667	1.98000e+02	
					         0.96833	2.03000e+02	
					         0.97000	2.07000e+02	
					         0.97167	2.11000e+02	
					         0.97333	2.15000e+02	
					         0.97500	2.18000e+02	
					         0.97667	2.20000e+02	
					         0.97833	2.22000e+02	
					         0.98000	2.22000e+02	
					         0.98167	2.22000e+02	
					         0.98333	2.21000e+02	
					         0.98500	2.19000e+02	
					         0.98667	2.15000e+02	
					         0.98833	2.11000e+02	
					         0.99000	2.06000e+02	
					         0.99167	2.00000e+02	
					         0.99333	1.94000e+02	
					         0.99500	1.86000e+02	
					         0.99667	1.78000e+02	
					         0.99833	1.70000e+02	
					         1.00000	1.61000e+02	
					         1.00167	1.52000e+02	
					         1.00333	1.42000e+02	
					         1.00500	1.32000e+02	
					         1.00667	1.22000e+02	
					         1.00833	1.12000e+02	
					         1.01000	1.02000e+02	
					         1.01167	9.10000e+01	
					         1.01333	8.00000e+01	
					         1.01500	6.90000e+01	
					         1.01667	5.80000e+01	
					         1.01833	4.70000e+01	
					         1.02000	3.60000e+01	
					         1.02167	2.50000e+01	
					         1.02333	1.40000e+01	
					         1.02500	3.00000e+00	
					         1.02667	-7.00000e+00	
					         1.02833	-1.80000e+01	
					         1.03000	-2.80000e+01	
					         1.03167	-3.70000e+01	
					         1.03333	-4.60000e+01	
					         1.03500	-5.50000e+01	
					         1.03667	-6.30000e+01	
					         1.03833	-7.10000e+01	
					         1.04000	-7.80000e+01	
					         1.04167	-8.50000e+01	
					         1.04333	-9.20000e+01	
					         1.04500	-9.80000e+01	
					         1.04667	-1.03000e+02	
					         1.04833	-1.08000e+02	
					         1.05000	-1.12000e+02	
					         1.05167	-1.17000e+02	
					         1.05333	-1.21000e+02	
					         1.05500	-1.24000e+02	
					         1.05667	-1.27000e+02	
					         1.05833	-1.30000e+02	
					         1.06000	-1.33000e+02	
					         1.06167	-1.35000e+02	
					         1.06333	-1.37000e+02	
					         1.06500	-1.39000e+02	
					         1.06667	-1.40000e+02	
					         1.06833	-1.41000e+02	
					         1.07000	-1.42000e+02	
					         1.07167	-1.42000e+02	
					         1.07333	-1.42000e+02	
					         1.07500	-1.42000e+02	
					         1.07667	-1.42000e+02	
					         1.07833	-1.41000e+02	
					         1.08000	-1.40000e+02	
					         1.08167	-1.39000e+02	
					         1.08333	-1.38000e+02	
					         1.08500	-1.37000e+02	
					         1.08667	-1.35000e+02	
					         1.08833	-1.34000e+02	
					         1.09000	-1.32000e+02	
					         1.09167	-1.30000e+02	
					         1.09333	-1.28000e+02	
					         1.09500	-1.26000e+02	
					         1.09667	-1.24000e+02	
					         1.09833	-1.22000e+02	
					         1.10000	-1.21000e+02	
					         1.10167	-1.19000e+02	
					         1.10333	-1.17000e+02	
					         1.10500	-1.16000e+02	
					         1.10667	-1.15000e+02	
					         1.10833	-1.14000e+02	
					         1.11000	-1.13000e+02	
					         1.11167	-1.12000e+02	
					         1.11333	-1.10000e+02	
					         1.11500	-1.09000e+02	
					         1.11667	-1.08000e+02	
					         1.11833	-1.06000e+02	
					         1.12000	-1.04000e+02	
					         1.12167	-1.01000e+02	
					         1.12333	-9.90000e+01	
					         1.12500	-9.60000e+01	
					         1.12667	-9.30000e+01	
					         1.12833	-9.10000e+01	
					         1.13000	-8.80000e+01	
					         1.13167	-8.50000e+01	
					         1.13333	-8.20000e+01	
					         1.13500	-8.00000e+01	
					         1.13667	-7.70000e+01	
					         1.13833	-7.50000e+01	
					         1.14000	-7.40000e+01	
					         1.14167	-7.20000e+01	
					         1.14333	-7.00000e+01	
					         1.14500	-6.80000e+01	
					         1.14667	-6.60000e+01	
					         1.14833	-6.40000e+01	
					         1.15000	-6.10000e+01	
					         1.15167	-5.90000e+01	
					         1.15333	-5.60000e+01	
					         1.15500	-5.30000e+01	
					         1.15667	-5.00000e+01	
					         1.15833	-4.80000e+01	
					         1.16000	-4.50000e+01	
					         1.16167	-4.20000e+01	
					         1.16333	-3.90000e+01	
					         1.16500	-3.70000e+01	
					         1.16667	-3.50000e+01	
					         1.16833	-3.40000e+01	
					         1.17000	-3.20000e+01	
					         1.17167	-3.00000e+01	
					         1.17333	-2.90000e+01	
					         1.17500	-2.70000e+01	
					         1.17667	-2.60000e+01	
					         1.17833	-2.50000e+01	
					         1.18000	-2.30000e+01	
					         1.18167	-2.20000e+01	
					         1.18333	-2.10000e+01	
					         1.18500	-1.90000e+01	
					         1.18667	-1.80000e+01	
					         1.18833	-1.70000e+01	
					         1.19000	-1.60000e+01	
					         1.19167	-1.50000e+01	
					         1.19333	-1.50000e+01	
					         1.19500	-1.50000e+01	
					         1.19667	-1.40000e+01	
					         1.19833	-1.40000e+01	
					         1.20000	-1.40000e+01	
					         1.20167	-1.40000e+01	
					         1.20333	-1.40000e+01	
					         1.20500	-1.30000e+01	
					         1.20667	-1.20000e+01	
					         1.20833	-1.20000e+01	
					         1.21000	-1.10000e+01	
					         1.21167	-1.00000e+01	
					         1.21333	-1.00000e+01	
					         1.21500	-9.00000e+00	
					         1.21667	-9.00000e+00	
					         1.21833	-9.00000e+00	
					         1.22000	-9.00000e+00	
					         1.22167	-9.00000e+00	
					         1.22333	-9.00000e+00	
					         1.22500	-1.00000e+01	
					         1.22667	-1.00000e+01	
					         1.22833	-1.10000e+01	
					         1.23000	-1.20000e+01	
					         1.23167	-1.20000e+01	
					         1.23333	-1.30000e+01	
					         1.23500	-1.40000e+01	
					         1.23667	-1.50000e+01	
					         1.23833	-1.50000e+01	
					         1.24000	-1.60000e+01	
					         1.24167	-1.70000e+01	
					         1.24333	-1.80000e+01	
					         1.24500	-1.80000e+01	
					         1.24667	-1.90000e+01	
					         1.24833	-2.00000e+01	
					         1.25000	-2.00000e+01	
					         1.25167	-2.00000e+01	
					         1.25333	-2.10000e+01	
					         1.25500	-2.10000e+01	
					         1.25667	-2.10000e+01	
					         1.25833	-2.20000e+01	
					         1.26000	-2.30000e+01	
					         1.26167	-2.30000e+01	
					         1.26333	-2.40000e+01	
					         1.26500	-2.50000e+01	
					         1.26667	-2.60000e+01	
					         1.26833	-2.60000e+01	
					         1.27000	-2.60000e+01	
					         1.27167	-2.60000e+01	
					         1.27333	-2.60000e+01	
					         1.27500	-2.60000e+01	
					         1.27667	-2.50000e+01	
					         1.27833	-2.50000e+01	
					         1.28000	-2.40000e+01	
					         1.28167	-2.40000e+01	
					         1.28333	-2.40000e+01	
					         1.28500	-2.30000e+01	
					         1.28667	-2.30000e+01	
					         1.28833	-2.40000e+01	
					         1.29000	-2.40000e+01	
					         1.29167	-2.40000e+01	
					         1.29333	-2.40000e+01	
					         1.29500	-2.40000e+01	
					         1.29667	-2.30000e+01	
					         1.29833	-2.20000e+01	
					         1.30000	-2.10000e+01	
					         1.30167	-1.80000e+01	
					         1.30333	-1.50000e+01	
					         1.30500	-1.10000e+01	
					         1.30667	-6.00000e+00	
					         1.30833	-1.00000e+00	
					         1.31000	5.00000e+00	
					         1.31167	1.00000e+01	
					         1.31333	1.60000e+01	
					         1.31500	2.10000e+01	
					         1.31667	2.60000e+01	
					         1.31833	3.10000e+01	
					         1.32000	3.50000e+01	
					         1.32167	3.90000e+01	
					         1.32333	4.20000e+01	
					         1.32500	4.40000e+01	
					         1.32667	4.50000e+01	
					         1.32833	4.60000e+01	
					         1.33000	4.70000e+01	
					         1.33167	4.80000e+01	
					         1.33333	4.90000e+01	
					         1.33500	5.00000e+01	
					         1.33667	5.10000e+01	
					         1.33833	5.10000e+01	
					         1.34000	5.20000e+01	
					         1.34167	5.20000e+01	
					         1.34333	5.20000e+01	
					         1.34500	5.30000e+01	
					         1.34667	5.30000e+01	
					         1.34833	5.40000e+01	
					         1.35000	5.40000e+01	
					         1.35167	5.50000e+01	
					         1.35333	5.60000e+01	
					         1.35500	5.70000e+01	
					         1.35667	5.80000e+01	
					         1.35833	6.00000e+01	
					         1.36000	6.10000e+01	
					         1.36167	6.20000e+01	
					         1.36333	6.30000e+01	
					         1.36500	6.30000e+01	
					         1.36667	6.20000e+01	
					         1.36833	6.00000e+01	
					         1.37000	5.80000e+01	
					         1.37167	5.40000e+01	
					         1.37333	4.90000e+01	
					         1.37500	4.40000e+01	
					         1.37667	3.80000e+01	
					         1.37833	3.10000e+01	
					         1.38000	2.40000e+01	
					         1.38167	1.80000e+01	
					         1.38333	1.10000e+01	
					         1.38500	5.00000e+00	
					         1.38667	0.00000e+00	
					         1.38833	-5.00000e+00	
					         1.39000	-1.10000e+01	
					         1.39167	-1.60000e+01	
					         1.39333	-2.20000e+01	
					         1.39500	-2.80000e+01	
					         1.39667	-3.50000e+01	
					         1.39833	-4.10000e+01	
					         1.40000	-4.90000e+01	
					         1.40167	-5.60000e+01	
					         1.40333	-6.40000e+01	
					         1.40500	-7.20000e+01	
					         1.40667	-7.90000e+01	
					         1.40833	-8.60000e+01	
					         1.41000	-9.10000e+01	
					         1.41167	-9.50000e+01	
					         1.41333	-9.80000e+01	
					         1.41500	-1.00000e+02	
					         1.41667	-1.01000e+02	
					         1.41833	-1.01000e+02	
					         1.42000	-1.00000e+02	
					         1.42167	-9.90000e+01	
					         1.42333	-9.80000e+01	
					         1.42500	-9.60000e+01	
					         1.42667	-9.50000e+01	
					         1.42833	-9.40000e+01	
					         1.43000	-9.30000e+01	
					         1.43167	-9.20000e+01	
					         1.43333	-9.20000e+01	
					         1.43500	-9.20000e+01	
					         1.43667	-9.20000e+01	
					         1.43833	-9.10000e+01	
					         1.44000	-9.10000e+01	
					         1.44167	-9.00000e+01	
					         1.44333	-8.80000e+01	
					         1.44500	-8.70000e+01	
					         1.44667	-8.50000e+01	
					         1.44833	-8.30000e+01	
					         1.45000	-8.10000e+01	
					         1.45167	-7.90000e+01	
					         1.45333	-7.60000e+01	
					         1.45500	-7.30000e+01	
					         1.45667	-7.00000e+01	
					         1.45833	-6.60000e+01	
					         1.46000	-6.30000e+01	
					         1.46167	-5.90000e+01	
					         1.46333	-5.60000e+01	
					         1.46500	-5.30000e+01	
					         1.46667	-5.10000e+01	
					         1.46833	-4.90000e+01	
					         1.47000	-4.70000e+01	
					         1.47167	-4.50000e+01	
					         1.47333	-4.30000e+01	
					         1.47500	-4.10000e+01	
					         1.47667	-3.80000e+01	
					         1.47833	-3.30000e+01	
					         1.48000	-2.50000e+01	
					         1.48167	-1.40000e+01	
					         1.48333	2.00000e+00	
					         1.48500	2.20000e+01	
					         1.48667	4.80000e+01	
					         1.48833	7.80000e+01	
					         1.49000	1.13000e+02	
					         1.49167	1.53000e+02	
					         1.49333	1.96000e+02	
					         1.49500	2.41000e+02	
					         1.49667	2.86000e+02	
					         1.49833	3.30000e+02	
					         1.50000	3.71000e+02	
					         1.50167	4.05000e+02	
					         1.50333	4.31000e+02	
					         1.50500	4.47000e+02	
					         1.50667	4.52000e+02	
					         1.50833	4.46000e+02	
					         1.51000	4.28000e+02	
					         1.51167	3.98000e+02	
					         1.51333	3.58000e+02	
					         1.51500	3.09000e+02	
					         1.51667	2.52000e+02	
					         1.51833	1.90000e+02	
					         1.52000	1.26000e+02	
					         1.52167	6.10000e+01	
					         1.52333	-1.00000e+00	
					         1.52500	-6.00000e+01	
					         1.52667	-1.13000e+02	
					         1.52833	-1.59000e+02	
					         1.53000	-1.98000e+02	
					         1.53167	-2.29000e+02	
					         1.53333	-2.52000e+02	
					         1.53500	-2.68000e+02	
					         1.53667	-2.77000e+02	
					         1.53833	-2.81000e+02	
					         1.54000	-2.79000e+02	
					         1.54167	-2.73000e+02	
					         1.54333	-2.63000e+02	
					         1.54500	-2.52000e+02	
					         1.54667	-2.38000e+02	
					         1.54833	-2.24000e+02	
					         1.55000	-2.09000e+02	
					         1.55167	-1.95000e+02	
					         1.55333	-1.81000e+02	
					         1.55500	-1.67000e+02	
					         1.55667	-1.55000e+02	
					         1.55833	-1.43000e+02	
					         1.56000	-1.33000e+02	
					         1.56167	-1.24000e+02	
					         1.56333	-1.16000e+02	
					         1.56500	-1.08000e+02	
					         1.56667	-1.02000e+02	
					         1.56833	-9.60000e+01	
					         1.57000	-9.10000e+01	
					         1.57167	-8.60000e+01	
					         1.57333	-8.20000e+01	
					         1.57500	-7.80000e+01	
					         1.57667	-7.40000e+01	
					         1.57833	-7.10000e+01	
					         1.58000	-6.80000e+01	
					         1.58167	-6.50000e+01	
					         1.58333	-6.20000e+01	
					         1.58500	-5.90000e+01	
					         1.58667	-5.70000e+01	
					         1.58833	-5.50000e+01	
					         1.59000	-5.30000e+01	
					         1.59167	-5.10000e+01	
					         1.59333	-4.90000e+01	
					         1.59500	-4.70000e+01	
					         1.59667	-4.50000e+01	
					         1.59833	-4.30000e+01	
					         1.60000	-4.10000e+01	
					         1.60167	-4.00000e+01	
					         1.60333	-3.80000e+01	
					         1.60500	-3.60000e+01	
					         1.60667	-3.50000e+01	
					         1.60833	-3.30000e+01	
					         1.61000	-3.10000e+01	
					         1.61167	-3.00000e+01	
					         1.61333	-2.80000e+01	
					         1.61500	-2.60000e+01	
					         1.61667	-2.40000e+01	
					         1.61833	-2.20000e+01	
					         1.62000	-2.00000e+01	
					         1.62167	-1.70000e+01	
					         1.62333	-1.50000e+01	
					         1.62500	-1.20000e+01	
					         1.62667	-9.00000e+00	
					         1.62833	-6.00000e+00	
					         1.63000	-3.00000e+00	
					         1.63167	1.00000e+00	
					         1.63333	5.00000e+00	
					         1.63500	8.00000e+00	
					         1.63667	1.20000e+01	
					         1.63833	1.50000e+01	
					         1.64000	1.80000e+01	
					         1.64167	2.10000e+01	
					         1.64333	2.50000e+01	
					         1.64500	2.80000e+01	
					         1.64667	3.10000e+01	
					         1.64833	3.30000e+01	
					         1.65000	3.60000e+01	
					         1.65167	3.80000e+01	
					         1.65333	4.00000e+01	
					         1.65500	4.20000e+01	
					         1.65667	4.50000e+01	
					         1.65833	4.70000e+01	
					         1.66000	5.00000e+01	
					         1.66167	5.30000e+01	
					         1.66333	5.60000e+01	
					         1.66500	5.90000e+01	
					         1.66667	6.20000e+01	
					         1.66833	6.60000e+01	
					         1.67000	6.90000e+01	
					         1.67167	7.30000e+01	
					         1.67333	7.80000e+01	
					         1.67500	8.30000e+01	
					         1.67667	8.80000e+01	
					         1.67833	9.30000e+01	
					         1.68000	9.90000e+01	
					         1.68167	1.05000e+02	
					         1.68333	1.11000e+02	
					         1.68500	1.17000e+02	
					         1.68667	1.24000e+02	
					         1.68833	1.30000e+02	
					         1.69000	1.37000e+02	
					         1.69167	1.43000e+02	
					         1.69333	1.50000e+02	
					         1.69500	1.56000e+02	
					         1.69667	1.63000e+02	
					         1.69833	1.69000e+02	
					         1.70000	1.76000e+02	
					         1.70167	1.82000e+02	
					         1.70333	1.88000e+02	
					         1.70500	1.94000e+02	
					         1.70667	2.00000e+02	
					         1.70833	2.04000e+02	
					         1.71000	2.09000e+02	
					         1.71167	2.13000e+02	
					         1.71333	2.16000e+02	
					         1.71500	2.19000e+02	
					         1.71667	2.21000e+02	
					         1.71833	2.22000e+02	
					         1.72000	2.22000e+02	
					         1.72167	2.22000e+02	
					         1.72333	2.20000e+02	
					         1.72500	2.19000e+02	
					         1.72667	2.17000e+02	
					         1.72833	2.14000e+02	
					         1.73000	2.12000e+02	
					         1.73167	2.09000e+02	
					         1.73333	2.05000e+02	
					         1.73500	2.01000e+02	
					         1.73667	1.96000e+02	
					         1.73833	1.91000e+02	
					         1.74000	1.85000e+02	
					         1.74167	1.79000e+02	
					         1.74333	1.73000e+02	
					         1.74500	1.65000e+02	
					         1.74667	1.57000e+02	
					         1.74833	1.48000e+02	
					         1.75000	1.39000e+02	
					         1.75167	1.29000e+02	
					         1.75333	1.18000e+02	
					         1.75500	1.07000e+02	
					         1.75667	9.60000e+01	
					         1.75833	8.50000e+01	
					         1.76000	7.40000e+01	
					         1.76167	6.20000e+01	
					         1.76333	5.00000e+01	
					         1.76500	3.90000e+01	
					         1.76667	2.80000e+01	
					         1.76833	1.70000e+01	
					         1.77000	7.00000e+00	
					         1.77167	-3.00000e+00	
					         1.77333	-1.30000e+01	
					         1.77500	-2.20000e+01	
					         1.77667	-3.10000e+01	
					         1.77833	-4.00000e+01	
					         1.78000	-4.80000e+01	
					         1.78167	-5.60000e+01	
					         1.78333	-6.40000e+01	
					         1.78500	-7.10000e+01	
					         1.78667	-7.70000e+01	
					         1.78833	-8.30000e+01	
					         1.79000	-8.80000e+01	
					         1.79167	-9.30000e+01	
					         1.79333	-9.80000e+01	
					         1.79500	-1.01000e+02	
					         1.79667	-1.05000e+02	
					         1.79833	-1.07000e+02	
					         1.80000	-1.09000e+02	
					         1.80167	-1.11000e+02	
					         1.80333	-1.13000e+02	
					         1.80500	-1.14000e+02	
					         1.80667	-1.15000e+02	
					         1.80833	-1.16000e+02	
					         1.81000	-1.17000e+02	
					         1.81167	-1.17000e+02	
					         1.81333	-1.17000e+02	
					         1.81500	-1.17000e+02	
					         1.81667	-1.17000e+02	
					         1.81833	-1.17000e+02	
					         1.82000	-1.16000e+02	
					         1.82167	-1.15000e+02	
					         1.82333	-1.15000e+02	
					         1.82500	-1.14000e+02	
					         1.82667	-1.13000e+02	
					         1.82833	-1.11000e+02	
					         1.83000	-1.10000e+02	
					         1.83167	-1.09000e+02	
					         1.83333	-1.07000e+02	
					         1.83500	-1.06000e+02	
					         1.83667	-1.04000e+02	
					         1.83833	-1.02000e+02	
					         1.84000	-1.00000e+02	
					         1.84167	-9.90000e+01	
					         1.84333	-9.70000e+01	
					         1.84500	-9.50000e+01	
					         1.84667	-9.30000e+01	
					         1.84833	-9.10000e+01	
					         1.85000	-8.90000e+01	
					         1.85167	-8.80000e+01	
					         1.85333	-8.60000e+01	
					         1.85500	-8.50000e+01	
					         1.85667	-8.30000e+01	
					         1.85833	-8.20000e+01	
					         1.86000	-8.00000e+01	
					         1.86167	-7.80000e+01	
					         1.86333	-7.60000e+01	
					         1.86500	-7.40000e+01	
					         1.86667	-7.20000e+01	
					         1.86833	-6.90000e+01	
					         1.87000	-6.70000e+01	
					         1.87167	-6.50000e+01	
					         1.87333	-6.20000e+01	
					         1.87500	-6.00000e+01	
					         1.87667	-5.80000e+01	
					         1.87833	-5.60000e+01	
					         1.88000	-5.40000e+01	
					         1.88167	-5.20000e+01	
					         1.88333	-5.00000e+01	
					         1.88500	-4.80000e+01	
					         1.88667	-4.60000e+01	
					         1.88833	-4.40000e+01	
					         1.89000	-4.20000e+01	
					         1.89167	-4.00000e+01	
					         1.89333	-3.80000e+01	
					         1.89500	-3.60000e+01	
					         1.89667	-3.40000e+01	
					         1.89833	-3.20000e+01	
					         1.90000	-3.00000e+01	
					         1.90167	-2.80000e+01	
					         1.90333	-2.60000e+01	
					         1.90500	-2.40000e+01	
					         1.90667	-2.30000e+01	
					         1.90833	-2.10000e+01	
					         1.91000	-1.90000e+01	
					         1.91167	-1.70000e+01	
					         1.91333	-1.50000e+01	
					         1.91500	-1.30000e+01	
					         1.91667	-1.10000e+01	
					         1.91833	-1.00000e+01	
					         1.92000	-8.00000e+00	
					         1.92167	-6.00000e+00	
					         1.92333	-5.00000e+00	
					         1.92500	-4.00000e+00	
					         1.92667	-2.00000e+00	
					         1.92833	-1.00000e+00	
					         1.93000	0.00000e+00	
					         1.93167	1.00000e+00	
					         1.93333	1.00000e+00	
					         1.93500	2.00000e+00	
					         1.93667	2.00000e+00	
					         1.93833	2.00000e+00	
					         1.94000	2.00000e+00	
					         1.94167	3.00000e+00	
					         1.94333	3.00000e+00	
					         1.94500	4.00000e+00	
					         1.94667	4.00000e+00	
					         1.94833	5.00000e+00	
					         1.95000	6.00000e+00	
					         1.95167	7.00000e+00	
					         1.95333	8.00000e+00	
					         1.95500	8.00000e+00	
					         1.95667	9.00000e+00	
					         1.95833	1.00000e+01	
					         1.96000	1.10000e+01	
					         1.96167	1.10000e+01	
					         1.96333	1.10000e+01	
					         1.96500	1.20000e+01	
					         1.96667	1.20000e+01	
					         1.96833	1.20000e+01	
					         1.97000	1.20000e+01	
					         1.97167	1.10000e+01	
					         1.97333	1.10000e+01	
					         1.97500	1.10000e+01	
					         1.97667	1.00000e+01	
					         1.97833	1.00000e+01	
					         1.98000	1.00000e+01	
					         1.98167	9.00000e+00	
					         1.98333	8.00000e+00	
					         1.98500	7.00000e+00	
					         1.98667	6.00000e+00	
					         1.98833	4.00000e+00	
					         1.99000	2.00000e+00	
					         1.99167	0.00000e+00	
					         1.99333	-1.00000e+00	
					         1.99500	-3.00000e+00	
					         1.99667	-4.00000e+00	
					         1.99833	-5.00000e+00	
					         2.00000	-6.00000e+00	
					         2.00167	-6.00000e+00	
					         2.00333	-6.00000e+00	
					         2.00500	-6.00000e+00	
					         2.00667	-7.00000e+00	
					         2.00833	-7.00000e+00	
					         2.01000	-7.00000e+00	
					         2.01167	-7.00000e+00	
					         2.01333	-8.00000e+00	
					         2.01500	-9.00000e+00	
					         2.01667	-1.00000e+01	
					         2.01833	-1.10000e+01	
					         2.02000	-1.20000e+01	
					         2.02167	-1.30000e+01	
					         2.02333	-1.40000e+01	
					         2.02500	-1.50000e+01	
					         2.02667	-1.60000e+01	
					         2.02833	-1.60000e+01	
					         2.03000	-1.70000e+01	
					         2.03167	-1.70000e+01	
					         2.03333	-1.70000e+01	
					         2.03500	-1.70000e+01	
					         2.03667	-1.60000e+01	
					         2.03833	-1.40000e+01	
					         2.04000	-1.20000e+01	
					         2.04167	-9.00000e+00	
					         2.04333	-5.00000e+00	
					         2.04500	-1.00000e+00	
					         2.04667	4.00000e+00	
					         2.04833	9.00000e+00	
					         2.05000	1.50000e+01	
					         2.05167	2.10000e+01	
					         2.05333	2.70000e+01	
					         2.05500	3.20000e+01	
					         2.05667	3.70000e+01	
					         2.05833	4.20000e+01	
					         2.06000	4.70000e+01	
					         2.06167	5.10000e+01	
					         2.06333	5.40000e+01	
					         2.06500	5.70000e+01	
					         2.06667	6.00000e+01	
					         2.06833	6.20000e+01	
					         2.07000	6.50000e+01	
					         2.07167	6.60000e+01	
					         2.07333	6.80000e+01	
					         2.07500	6.90000e+01	
					         2.07667	7.00000e+01	
					         2.07833	7.00000e+01	
					         2.08000	7.10000e+01	
					         2.08167	7.00000e+01	
					         2.08333	7.00000e+01	
					         2.08500	6.90000e+01	
					         2.08667	6.80000e+01	
					         2.08833	6.80000e+01	
					         2.09000	6.70000e+01	
					         2.09167	6.60000e+01	
					         2.09333	6.60000e+01	
					         2.09500	6.60000e+01	
					         2.09667	6.50000e+01	
					         2.09833	6.50000e+01	
					         2.10000	6.50000e+01	
					         2.10167	6.50000e+01	
					         2.10333	6.40000e+01	
					         2.10500	6.40000e+01	
					         2.10667	6.30000e+01	
					         2.10833	6.20000e+01	
					         2.11000	6.00000e+01	
					         2.11167	5.70000e+01	
					         2.11333	5.30000e+01	
					         2.11500	4.90000e+01	
					         2.11667	4.50000e+01	
					         2.11833	4.00000e+01	
					         2.12000	3.50000e+01	
					         2.12167	2.90000e+01	
					         2.12333	2.30000e+01	
					         2.12500	1.70000e+01	
					         2.12667	1.10000e+01	
					         2.12833	5.00000e+00	
					         2.13000	-1.00000e+00	
					         2.13167	-7.00000e+00	
					         2.13333	-1.40000e+01	
					         2.13500	-2.10000e+01	
					         2.13667	-2.80000e+01	
					         2.13833	-3.60000e+01	
					         2.14000	-4.30000e+01	
					         2.14167	-5.00000e+01	
					         2.14333	-5.70000e+01	
					         2.14500	-6.40000e+01	
					         2.14667	-7.10000e+01	
					         2.14833	-7.70000e+01	
					         2.15000	-8.20000e+01	
					         2.15167	-8.60000e+01	
					         2.15333	-8.90000e+01	
					         2.15500	-9.20000e+01	
					         2.15667	-9.30000e+01	
					         2.15833	-9.30000e+01	
					         2.16000	-9.30000e+01	
					         2.16167	-9.20000e+01	
					         2.16333	-9.20000e+01	
					         2.16500	-9.00000e+01	
					         2.16667	-8.90000e+01	
					         2.16833	-8.80000e+01	
					         2.17000	-8.60000e+01	
					         2.17167	-8.50000e+01	
					         2.17333	-8.40000e+01	
					         2.17500	-8.30000e+01	
					         2.17667	-8.20000e+01	
					         2.17833	-8.10000e+01	
					         2.18000	-8.00000e+01	
					         2.18167	-7.90000e+01	
					         2.18333	-7.80000e+01	
					         2.18500	-7.60000e+01	
					         2.18667	-7.40000e+01	
					         2.18833	-7.10000e+01	
					         2.19000	-6.90000e+01	
					         2.19167	-6.60000e+01	
					         2.19333	-6.30000e+01	
					         2.19500	-5.90000e+01	
					         2.19667	-5.50000e+01	
					         2.19833	-5.10000e+01	
					         2.20000	-4.60000e+01	
					         2.20167	-4.20000e+01	
					         2.20333	-3.80000e+01	
					         2.20500	-3.40000e+01	
					         2.20667	-3.00000e+01	
					         2.20833	-2.80000e+01	
					         2.21000	-2.50000e+01	
					         2.21167	-2.30000e+01	
					         2.21333	-2.10000e+01	
					         2.21500	-1.80000e+01	
					         2.21667	-1.50000e+01	
					         2.21833	-9.00000e+00	
					         2.22000	-2.00000e+00	
					         2.22167	9.00000e+00	
					         2.22333	2.40000e+01	
					         2.22500	4.30000e+01	
					         2.22667	6.60000e+01	
					         2.22833	9.50000e+01	
					         2.23000	1.28000e+02	
					         2.23167	1.66000e+02	
					         2.23333	2.07000e+02	
					         2.23500	2.50000e+02	
					         2.23667	2.93000e+02	
					         2.23833	3.35000e+02	
					         2.24000	3.72000e+02	
					         2.24167	4.02000e+02	
					         2.24333	4.24000e+02	
					         2.24500	4.36000e+02	
					         2.24667	4.37000e+02	
					         2.24833	4.25000e+02	
					         2.25000	4.02000e+02	
					         2.25167	3.68000e+02	
					         2.25333	3.23000e+02	
					         2.25500	2.70000e+02	
					         2.25667	2.10000e+02	
					         2.25833	1.46000e+02	
					         2.26000	8.10000e+01	
					         2.26167	1.60000e+01	
					         2.26333	-4.50000e+01	
					         2.26500	-1.00000e+02	
					         2.26667	-1.50000e+02	
					         2.26833	-1.91000e+02	
					         2.27000	-2.25000e+02	
					         2.27167	-2.51000e+02	
					         2.27333	-2.68000e+02	
					         2.27500	-2.79000e+02	
					         2.27667	-2.84000e+02	
					         2.27833	-2.83000e+02	
					         2.28000	-2.78000e+02	
					         2.28167	-2.69000e+02	
					         2.28333	-2.57000e+02	
					         2.28500	-2.43000e+02	
					         2.28667	-2.29000e+02	
					         2.28833	-2.13000e+02	
					         2.29000	-1.98000e+02	
					         2.29167	-1.83000e+02	
					         2.29333	-1.69000e+02	
					         2.29500	-1.56000e+02	
