Grayscale intensity, in dB

Time (s) :	Trace 1 : 	Trace 2 : 	Trace 3 : 		Ecg : 		
0.00133   	-2.48499e+01	-3.93939e+01	-2.21429e+01		         0.00000	-2.10000e+01	
0.02019   	-2.25245e+01	-3.87913e+01	-2.22329e+01		         0.00167	-1.70000e+01	
0.03906   	-2.19386e+01	-3.65757e+01	-2.41875e+01		         0.00333	-1.30000e+01	
0.05793   	-1.98806e+01	-3.72106e+01	-2.64825e+01		         0.00500	-7.00000e+00	
0.07680   	-2.18966e+01	-3.95690e+01	-2.69957e+01		         0.00667	0.00000e+00	
0.09566   	-2.39666e+01	-3.85086e+01	-2.60963e+01		         0.00833	9.00000e+00	
0.11453   	-2.08382e+01	-3.63908e+01	-2.54408e+01		         0.01000	1.90000e+01	
0.13339   	-2.26555e+01	-3.44917e+01	-2.41180e+01		         0.01167	3.10000e+01	
0.15226   	-2.47711e+01	-3.12733e+01	-2.15514e+01		         0.01333	4.40000e+01	
0.17113   	-2.49876e+01	-3.24423e+01	-2.19013e+01		         0.01500	6.00000e+01	
0.19000   	-2.57196e+01	-3.28745e+01	-2.19140e+01		         0.01667	7.60000e+01	
0.20886   	-2.55407e+01	-3.40115e+01	-1.82137e+01		         0.01833	9.20000e+01	
0.22773   	-2.46392e+01	-3.67531e+01	-1.87652e+01		         0.02000	1.09000e+02	
0.24659   	-2.51355e+01	-3.84683e+01	-2.08428e+01		         0.02167	1.24000e+02	
0.26546   	-2.71529e+01	-3.83713e+01	-2.19110e+01		         0.02333	1.36000e+02	
0.28433   	-2.93640e+01	-4.32801e+01	-2.06810e+01		         0.02500	1.46000e+02	
0.30319   	-2.91609e+01	-4.33252e+01	-2.04382e+01		         0.02667	1.52000e+02	
0.32206   	-2.89012e+01	-4.50193e+01	-2.11514e+01		         0.02833	1.54000e+02	
0.34093   	-2.81526e+01	-4.50971e+01	-2.08133e+01		         0.03000	1.51000e+02	
0.35979   	-2.89815e+01	-4.46724e+01	-2.00452e+01		         0.03167	1.43000e+02	
0.37866   	-2.77927e+01	-4.39545e+01	-1.83190e+01		         0.03333	1.31000e+02	
0.39753   	-2.58363e+01	-3.97013e+01	-1.81735e+01		         0.03500	1.14000e+02	
0.41639   	-2.43711e+01	-3.89274e+01	-1.77831e+01		         0.03667	9.30000e+01	
0.43526   	-2.39764e+01	-3.80996e+01	-2.07934e+01		         0.03833	6.80000e+01	
0.45413   	-2.41414e+01	-3.62371e+01	-2.25719e+01		         0.04000	4.20000e+01	
0.47300   	-2.56328e+01	-4.01904e+01	-2.44449e+01		         0.04167	1.50000e+01	
0.49186   	-2.50146e+01	-3.83253e+01	-2.31401e+01		         0.04333	-1.20000e+01	
0.51073   	-2.61324e+01	-3.92796e+01	-2.43404e+01		         0.04500	-3.70000e+01	
0.52959   	-2.64551e+01	-3.89272e+01	-2.41651e+01		         0.04667	-6.00000e+01	
0.54846   	-2.60143e+01	-3.97929e+01	-2.44450e+01		         0.04833	-8.00000e+01	
0.56733   	-2.53954e+01	-3.92686e+01	-2.40948e+01		         0.05000	-9.70000e+01	
0.58619   	-2.38153e+01	-4.08744e+01	-2.46031e+01		         0.05167	-1.09000e+02	
0.60506   	-2.15279e+01	-3.84281e+01	-2.39184e+01		         0.05333	-1.19000e+02	
0.62393   	-2.14103e+01	-4.12226e+01	-2.32175e+01		         0.05500	-1.24000e+02	
0.64280   	-2.13755e+01	-4.14802e+01	-2.28019e+01		         0.05667	-1.26000e+02	
0.66166   	-2.31860e+01	-4.12634e+01	-2.24376e+01		         0.05833	-1.25000e+02	
0.68053   	-2.54902e+01	-4.01089e+01	-2.27780e+01		         0.06000	-1.22000e+02	
0.69939   	-2.62406e+01	-3.98969e+01	-2.29656e+01		         0.06167	-1.17000e+02	
0.71826   	-2.73674e+01	-4.01235e+01	-2.38339e+01		         0.06333	-1.10000e+02	
0.73713   	-2.79862e+01	-3.96753e+01	-2.47710e+01		         0.06500	-1.03000e+02	
0.75600   	-2.78282e+01	-4.02978e+01	-2.43225e+01		         0.06667	-9.40000e+01	
0.77486   	-2.77799e+01	-4.12168e+01	-2.35913e+01		         0.06833	-8.60000e+01	
0.79373   	-2.79857e+01	-4.17459e+01	-2.33681e+01		         0.07000	-7.80000e+01	
0.81260   	-2.75893e+01	-4.22536e+01	-2.34921e+01		         0.07167	-7.00000e+01	
0.83146   	-2.65231e+01	-4.04589e+01	-2.34267e+01		         0.07333	-6.30000e+01	
0.85033   	-2.67146e+01	-3.95790e+01	-2.34693e+01		         0.07500	-5.60000e+01	
0.86920   	-2.55950e+01	-3.68268e+01	-2.28076e+01		         0.07667	-5.00000e+01	
0.88806   	-1.96730e+01	-3.62223e+01	-2.53073e+01		         0.07833	-4.50000e+01	
0.90693   	-1.85997e+01	-3.44624e+01	-2.80618e+01		         0.08000	-4.10000e+01	
0.92580   	-2.03998e+01	-3.82386e+01	-2.82644e+01		         0.08167	-3.80000e+01	
0.94466   	-2.45051e+01	-3.97440e+01	-2.83909e+01		         0.08333	-3.40000e+01	
0.96353   	-2.61284e+01	-3.77002e+01	-2.80054e+01		         0.08500	-3.20000e+01	
0.98239   	-2.61257e+01	-3.62085e+01	-2.69629e+01		         0.08667	-2.90000e+01	
1.00126   	-2.70225e+01	-3.39186e+01	-2.48418e+01		         0.08833	-2.70000e+01	
1.02013   	-2.70544e+01	-3.35586e+01	-2.53605e+01		         0.09000	-2.60000e+01	
1.03900   	-2.86973e+01	-3.50701e+01	-2.39954e+01		         0.09167	-2.50000e+01	
1.05786   	-2.82115e+01	-3.55485e+01	-2.25896e+01		         0.09333	-2.50000e+01	
1.07673   	-2.98812e+01	-4.00468e+01	-2.48384e+01		         0.09500	-2.50000e+01	
1.09559   	-3.17337e+01	-4.19457e+01	-2.61495e+01		         0.09667	-2.50000e+01	
1.11446   	-3.37306e+01	-4.54781e+01	-2.65289e+01		         0.09833	-2.60000e+01	
1.13333   	-3.26146e+01	-4.72646e+01	-2.70874e+01		         0.10000	-2.70000e+01	
1.15220   	-3.10205e+01	-4.93719e+01	-2.68910e+01		         0.10167	-2.70000e+01	
1.17106   	-2.94935e+01	-5.28722e+01	-2.69986e+01		         0.10333	-2.80000e+01	
1.18993   	-3.05186e+01	-5.12880e+01	-2.71425e+01		         0.10500	-2.80000e+01	
1.20880   	-3.41088e+01	-5.20070e+01	-2.73683e+01		         0.10667	-2.90000e+01	
1.22766   	-3.24683e+01	-5.17967e+01	-2.68986e+01		         0.10833	-2.90000e+01	
1.24653   	-3.04921e+01	-4.95862e+01	-2.81450e+01		         0.11000	-2.90000e+01	
1.26540   	-3.27100e+01	-4.84582e+01	-2.58688e+01		         0.11167	-2.80000e+01	
1.28426   	-3.32261e+01	-4.63099e+01	-2.57965e+01		         0.11333	-2.80000e+01	
1.30313   	-3.05107e+01	-4.43447e+01	-2.53427e+01		         0.11500	-2.70000e+01	
1.32200   	-3.23232e+01	-4.45955e+01	-2.55033e+01		         0.11667	-2.60000e+01	
1.34086   	-3.42720e+01	-4.41948e+01	-2.55487e+01		         0.11833	-2.40000e+01	
1.35973   	-3.28634e+01	-4.37374e+01	-2.39041e+01		         0.12000	-2.30000e+01	
1.37860   	-3.21947e+01	-4.26306e+01	-2.42649e+01		         0.12167	-2.20000e+01	
1.39746   	-3.08197e+01	-4.43248e+01	-2.48111e+01		         0.12333	-2.00000e+01	
1.41633   	-3.04520e+01	-4.39006e+01	-2.53610e+01		         0.12500	-2.00000e+01	
1.43520   	-2.99380e+01	-4.34418e+01	-2.54495e+01		         0.12667	-1.90000e+01	
1.45406   	-2.76533e+01	-4.33828e+01	-2.45261e+01		         0.12833	-1.80000e+01	
1.47293   	-2.70228e+01	-4.14366e+01	-2.45860e+01		         0.13000	-1.70000e+01	
1.49180   	-2.67862e+01	-4.11770e+01	-2.45195e+01		         0.13167	-1.60000e+01	
1.51066   	-2.66367e+01	-4.02697e+01	-2.48371e+01		         0.13333	-1.60000e+01	
1.52953   	-2.66399e+01	-4.03943e+01	-2.47707e+01		         0.13500	-1.50000e+01	
1.54840   	-2.67217e+01	-4.18071e+01	-2.49643e+01		         0.13667	-1.40000e+01	
1.56727   	-2.65137e+01	-4.19875e+01	-2.51079e+01		         0.13833	-1.30000e+01	
1.58613   	-2.62834e+01	-4.23899e+01	-2.51490e+01		         0.14000	-1.30000e+01	
1.60500   	-2.63316e+01	-4.24939e+01	-2.51191e+01		         0.14167	-1.20000e+01	
1.62386   	-2.62202e+01	-4.27023e+01	-2.48572e+01		         0.14333	-1.20000e+01	
1.64273   	-2.62802e+01	-4.30641e+01	-2.44400e+01		         0.14500	-1.10000e+01	
1.66160   	-2.66777e+01	-4.47821e+01	-2.42619e+01		         0.14667	-1.00000e+01	
1.68078   	-2.74435e+01	-4.43815e+01	-2.41674e+01		         0.14833	-1.00000e+01	
1.69933   	-2.75470e+01	-4.45132e+01	-2.34688e+01		         0.15000	-9.00000e+00	
1.71820   	-2.75538e+01	-4.25348e+01	-2.30918e+01		         0.15167	-9.00000e+00	
1.73706   	-2.60630e+01	-4.09939e+01	-2.29190e+01		         0.15333	-9.00000e+00	
1.75593   	-2.63694e+01	-4.00271e+01	-2.52412e+01		         0.15500	-9.00000e+00	
1.77480   	-2.09807e+01	-3.97690e+01	-2.75354e+01		         0.15667	-9.00000e+00	
1.79366   	-2.52841e+01	-4.11235e+01	-3.04567e+01		         0.15833	-9.00000e+00	
1.81253   	-2.74107e+01	-4.00841e+01	-2.98748e+01		         0.16000	-8.00000e+00	
1.83140   	-2.83616e+01	-4.00304e+01	-2.95860e+01		         0.16167	-8.00000e+00	
1.85027   	-2.75610e+01	-4.00065e+01	-2.81252e+01		         0.16333	-8.00000e+00	
1.86913   	-2.93020e+01	-3.67270e+01	-2.54248e+01		         0.16500	-8.00000e+00	
1.88800   	-3.12526e+01	-3.56155e+01	-2.74701e+01		         0.16667	-7.00000e+00	
1.90687   	-3.26786e+01	-3.65809e+01	-2.51582e+01		         0.16833	-7.00000e+00	
1.92573   	-3.34506e+01	-3.96222e+01	-2.41127e+01		         0.17000	-7.00000e+00	
1.94460   	-3.39466e+01	-4.22705e+01	-2.47906e+01		         0.17167	-7.00000e+00	
1.96346   	-3.51725e+01	-4.51145e+01	-2.38596e+01		         0.17333	-7.00000e+00	
1.98233   	-3.50166e+01	-4.45595e+01	-2.40517e+01		         0.17500	-6.00000e+00	
2.00120   	-3.29439e+01	-4.90040e+01	-2.57296e+01		         0.17667	-6.00000e+00	
2.02006   	-3.10180e+01	-5.08763e+01	-2.59620e+01		         0.17833	-5.00000e+00	
2.03893   	-3.02451e+01	-5.33743e+01	-2.57102e+01		         0.18000	-5.00000e+00	
2.05780   	-3.04295e+01	-5.39804e+01	-2.68587e+01		         0.18167	-5.00000e+00	
2.07666   	-3.23378e+01	-5.49849e+01	-2.65584e+01		         0.18333	-5.00000e+00	
2.09553   	-3.43894e+01	-5.40890e+01	-2.60329e+01		         0.18500	-5.00000e+00	
2.11440   	-3.36531e+01	-5.39886e+01	-2.47486e+01		         0.18667	-5.00000e+00	
2.13327   	-3.39250e+01	-4.95934e+01	-2.44565e+01		         0.18833	-5.00000e+00	
2.15214   	-3.41777e+01	-4.91066e+01	-2.42274e+01		         0.19000	-5.00000e+00	
2.17100   	-3.40125e+01	-4.38299e+01	-2.55737e+01		         0.19167	-5.00000e+00	
2.18987   	-3.67099e+01	-4.49723e+01	-2.42262e+01		         0.19333	-5.00000e+00	
2.20873   	-3.82114e+01	-4.67447e+01	-2.57237e+01		         0.19500	-5.00000e+00	
2.22760   	-3.61927e+01	-4.96819e+01	-2.40500e+01		         0.19667	-5.00000e+00	
2.24646   	-3.52102e+01	-4.65593e+01	-2.36882e+01		         0.19833	-5.00000e+00	
2.26534   	-3.26653e+01	-4.46915e+01	-2.44801e+01		         0.20000	-5.00000e+00	
2.28420   	-3.05598e+01	-4.42431e+01	-2.53750e+01		         0.20167	-5.00000e+00	
2.30306   	-3.06168e+01	-4.51048e+01	-2.44192e+01		         0.20333	-5.00000e+00	
2.32194   	-3.01189e+01	-4.51752e+01	-2.38530e+01		         0.20500	-6.00000e+00	
2.34080   	-2.91559e+01	-4.49003e+01	-2.35770e+01		         0.20667	-6.00000e+00	
2.35966   	-2.85021e+01	-4.36841e+01	-2.37693e+01		         0.20833	-6.00000e+00	
2.37853   	-2.81016e+01	-4.27307e+01	-2.32770e+01		         0.21000	-6.00000e+00	
2.39740   	-2.81644e+01	-4.22237e+01	-2.32204e+01		         0.21167	-5.00000e+00	
2.41627   	-2.83160e+01	-4.29501e+01	-2.35367e+01		         0.21333	-5.00000e+00	
2.43513   	-2.85547e+01	-4.30975e+01	-2.39558e+01		         0.21500	-4.00000e+00	
2.45400   	-2.87316e+01	-4.31344e+01	-2.45165e+01		         0.21667	-4.00000e+00	
2.47287   	-2.89053e+01	-4.25940e+01	-2.48379e+01		         0.21833	-4.00000e+00	
2.49173   	-2.91646e+01	-4.26997e+01	-2.50192e+01		         0.22000	-4.00000e+00	
2.51060   	-2.94299e+01	-4.30526e+01	-2.50969e+01		         0.22167	-4.00000e+00	
2.52946   	-2.97920e+01	-4.38235e+01	-2.51439e+01		         0.22333	-3.00000e+00	
2.54833   	-3.05015e+01	-4.46263e+01	-2.50803e+01		         0.22500	-2.00000e+00	
2.56720   	-3.00453e+01	-4.60438e+01	-2.42172e+01		         0.22667	-2.00000e+00	
2.58606   	-2.90153e+01	-4.22200e+01	-2.39707e+01		         0.22833	-2.00000e+00	
2.60493   	-2.88184e+01	-3.83803e+01	-2.44372e+01		         0.23000	-1.00000e+00	
2.62380   	-2.83258e+01	-3.92678e+01	-2.65076e+01		         0.23167	-1.00000e+00	
2.64267   	-3.01567e+01	-4.10231e+01	-2.99860e+01		         0.23333	-2.00000e+00	
					         0.23500	-2.00000e+00	
					         0.23667	-3.00000e+00	
					         0.23833	-4.00000e+00	
					         0.24000	-5.00000e+00	
					         0.24167	-6.00000e+00	
					         0.24333	-7.00000e+00	
					         0.24500	-8.00000e+00	
					         0.24667	-9.00000e+00	
					         0.24833	-1.00000e+01	
					         0.25000	-1.20000e+01	
					         0.25167	-1.30000e+01	
					         0.25333	-1.40000e+01	
					         0.25500	-1.60000e+01	
					         0.25667	-1.80000e+01	
					         0.25833	-1.90000e+01	
					         0.26000	-2.10000e+01	
					         0.26167	-2.30000e+01	
					         0.26333	-2.50000e+01	
					         0.26500	-2.70000e+01	
					         0.26667	-2.90000e+01	
					         0.26833	-3.00000e+01	
					         0.27000	-3.10000e+01	
					         0.27167	-3.20000e+01	
					         0.27333	-3.30000e+01	
					         0.27500	-3.30000e+01	
					         0.27667	-3.40000e+01	
					         0.27833	-3.40000e+01	
					         0.28000	-3.40000e+01	
					         0.28167	-3.40000e+01	
					         0.28333	-3.40000e+01	
					         0.28500	-3.50000e+01	
					         0.28667	-3.50000e+01	
					         0.28833	-3.50000e+01	
					         0.29000	-3.50000e+01	
					         0.29167	-3.60000e+01	
					         0.29333	-3.70000e+01	
					         0.29500	-3.80000e+01	
					         0.29667	-4.00000e+01	
					         0.29833	-4.10000e+01	
					         0.30000	-4.20000e+01	
					         0.30167	-4.30000e+01	
					         0.30333	-4.40000e+01	
					         0.30500	-4.40000e+01	
					         0.30667	-4.50000e+01	
					         0.30833	-4.50000e+01	
					         0.31000	-4.60000e+01	
					         0.31167	-4.50000e+01	
					         0.31333	-4.40000e+01	
					         0.31500	-4.30000e+01	
					         0.31667	-4.10000e+01	
					         0.31833	-3.90000e+01	
					         0.32000	-3.70000e+01	
					         0.32167	-3.50000e+01	
					         0.32333	-3.30000e+01	
					         0.32500	-3.00000e+01	
					         0.32667	-2.80000e+01	
					         0.32833	-2.60000e+01	
					         0.33000	-2.30000e+01	
					         0.33167	-2.10000e+01	
					         0.33333	-1.90000e+01	
					         0.33500	-1.80000e+01	
					         0.33667	-1.60000e+01	
					         0.33833	-1.40000e+01	
					         0.34000	-1.30000e+01	
					         0.34167	-1.10000e+01	
					         0.34333	-1.00000e+01	
					         0.34500	-8.00000e+00	
					         0.34667	-7.00000e+00	
					         0.34833	-6.00000e+00	
					         0.35000	-5.00000e+00	
					         0.35167	-4.00000e+00	
					         0.35333	-3.00000e+00	
					         0.35500	-3.00000e+00	
					         0.35667	-2.00000e+00	
					         0.35833	-2.00000e+00	
					         0.36000	-1.00000e+00	
					         0.36167	-1.00000e+00	
					         0.36333	0.00000e+00	
					         0.36500	1.00000e+00	
					         0.36667	2.00000e+00	
					         0.36833	2.00000e+00	
					         0.37000	3.00000e+00	
					         0.37167	4.00000e+00	
					         0.37333	4.00000e+00	
					         0.37500	4.00000e+00	
					         0.37667	4.00000e+00	
					         0.37833	3.00000e+00	
					         0.38000	3.00000e+00	
					         0.38167	2.00000e+00	
					         0.38333	2.00000e+00	
					         0.38500	1.00000e+00	
					         0.38667	0.00000e+00	
					         0.38833	-1.00000e+00	
					         0.39000	-2.00000e+00	
					         0.39167	-3.00000e+00	
					         0.39333	-4.00000e+00	
					         0.39500	-5.00000e+00	
					         0.39667	-5.00000e+00	
					         0.39833	-5.00000e+00	
					         0.40000	-5.00000e+00	
					         0.40167	-5.00000e+00	
					         0.40333	-5.00000e+00	
					         0.40500	-5.00000e+00	
					         0.40667	-5.00000e+00	
					         0.40833	-4.00000e+00	
					         0.41000	-4.00000e+00	
					         0.41167	-3.00000e+00	
					         0.41333	-3.00000e+00	
					         0.41500	-3.00000e+00	
					         0.41667	-3.00000e+00	
					         0.41833	-3.00000e+00	
					         0.42000	-3.00000e+00	
					         0.42167	-4.00000e+00	
					         0.42333	-4.00000e+00	
					         0.42500	-4.00000e+00	
					         0.42667	-4.00000e+00	
					         0.42833	-4.00000e+00	
					         0.43000	-4.00000e+00	
					         0.43167	-4.00000e+00	
					         0.43333	-4.00000e+00	
					         0.43500	-4.00000e+00	
					         0.43667	-4.00000e+00	
					         0.43833	-4.00000e+00	
					         0.44000	-4.00000e+00	
					         0.44167	-3.00000e+00	
					         0.44333	-3.00000e+00	
					         0.44500	-3.00000e+00	
					         0.44667	-3.00000e+00	
					         0.44833	-3.00000e+00	
					         0.45000	-3.00000e+00	
					         0.45167	-4.00000e+00	
					         0.45333	-4.00000e+00	
					         0.45500	-4.00000e+00	
					         0.45667	-4.00000e+00	
					         0.45833	-4.00000e+00	
					         0.46000	-4.00000e+00	
					         0.46167	-4.00000e+00	
					         0.46333	-4.00000e+00	
					         0.46500	-4.00000e+00	
					         0.46667	-4.00000e+00	
					         0.46833	-3.00000e+00	
					         0.47000	-3.00000e+00	
					         0.47167	-3.00000e+00	
					         0.47333	-2.00000e+00	
					         0.47500	-2.00000e+00	
					         0.47667	-2.00000e+00	
					         0.47833	-1.00000e+00	
					         0.48000	-1.00000e+00	
					         0.48167	-1.00000e+00	
					         0.48333	-2.00000e+00	
					         0.48500	-2.00000e+00	
					         0.48667	-2.00000e+00	
					         0.48833	-2.00000e+00	
					         0.49000	-2.00000e+00	
					         0.49167	-1.00000e+00	
					         0.49333	-1.00000e+00	
					         0.49500	0.00000e+00	
					         0.49667	1.00000e+00	
					         0.49833	2.00000e+00	
					         0.50000	3.00000e+00	
					         0.50167	3.00000e+00	
					         0.50333	4.00000e+00	
					         0.50500	5.00000e+00	
					         0.50667	6.00000e+00	
					         0.50833	7.00000e+00	
					         0.51000	8.00000e+00	
					         0.51167	8.00000e+00	
					         0.51333	8.00000e+00	
					         0.51500	7.00000e+00	
					         0.51667	7.00000e+00	
					         0.51833	6.00000e+00	
					         0.52000	5.00000e+00	
					         0.52167	4.00000e+00	
					         0.52333	3.00000e+00	
					         0.52500	1.00000e+00	
					         0.52667	0.00000e+00	
					         0.52833	-1.00000e+00	
					         0.53000	-3.00000e+00	
					         0.53167	-4.00000e+00	
					         0.53333	-5.00000e+00	
					         0.53500	-6.00000e+00	
					         0.53667	-7.00000e+00	
					         0.53833	-7.00000e+00	
					         0.54000	-8.00000e+00	
					         0.54167	-8.00000e+00	
					         0.54333	-9.00000e+00	
					         0.54500	-8.00000e+00	
					         0.54667	-8.00000e+00	
					         0.54833	-8.00000e+00	
					         0.55000	-7.00000e+00	
					         0.55167	-7.00000e+00	
					         0.55333	-6.00000e+00	
					         0.55500	-6.00000e+00	
					         0.55667	-5.00000e+00	
					         0.55833	-4.00000e+00	
					         0.56000	-4.00000e+00	
					         0.56167	-3.00000e+00	
					         0.56333	-2.00000e+00	
					         0.56500	-2.00000e+00	
					         0.56667	-2.00000e+00	
					         0.56833	-2.00000e+00	
					         0.57000	-2.00000e+00	
					         0.57167	-2.00000e+00	
					         0.57333	-2.00000e+00	
					         0.57500	-2.00000e+00	
					         0.57667	-2.00000e+00	
					         0.57833	-2.00000e+00	
					         0.58000	-2.00000e+00	
					         0.58167	-2.00000e+00	
					         0.58333	-1.00000e+00	
					         0.58500	-1.00000e+00	
					         0.58667	0.00000e+00	
					         0.58833	0.00000e+00	
					         0.59000	0.00000e+00	
					         0.59167	0.00000e+00	
					         0.59333	-1.00000e+00	
					         0.59500	-1.00000e+00	
					         0.59667	-2.00000e+00	
					         0.59833	-2.00000e+00	
					         0.60000	-3.00000e+00	
					         0.60167	-3.00000e+00	
					         0.60333	-3.00000e+00	
					         0.60500	-4.00000e+00	
					         0.60667	-4.00000e+00	
					         0.60833	-4.00000e+00	
					         0.61000	-3.00000e+00	
					         0.61167	-2.00000e+00	
					         0.61333	-1.00000e+00	
					         0.61500	-1.00000e+00	
					         0.61667	0.00000e+00	
					         0.61833	0.00000e+00	
					         0.62000	1.00000e+00	
					         0.62167	1.00000e+00	
					         0.62333	1.00000e+00	
					         0.62500	1.00000e+00	
					         0.62667	1.00000e+00	
					         0.62833	1.00000e+00	
					         0.63000	1.00000e+00	
					         0.63167	1.00000e+00	
					         0.63333	1.00000e+00	
					         0.63500	0.00000e+00	
					         0.63667	0.00000e+00	
					         0.63833	0.00000e+00	
					         0.64000	-1.00000e+00	
					         0.64167	-1.00000e+00	
					         0.64333	-1.00000e+00	
					         0.64500	-2.00000e+00	
					         0.64667	-2.00000e+00	
					         0.64833	-2.00000e+00	
					         0.65000	-2.00000e+00	
					         0.65167	-2.00000e+00	
					         0.65333	-2.00000e+00	
					         0.65500	-2.00000e+00	
					         0.65667	-1.00000e+00	
					         0.65833	0.00000e+00	
					         0.66000	0.00000e+00	
					         0.66167	1.00000e+00	
					         0.66333	1.00000e+00	
					         0.66500	2.00000e+00	
					         0.66667	2.00000e+00	
					         0.66833	3.00000e+00	
					         0.67000	3.00000e+00	
					         0.67167	4.00000e+00	
					         0.67333	4.00000e+00	
					         0.67500	5.00000e+00	
					         0.67667	5.00000e+00	
					         0.67833	6.00000e+00	
					         0.68000	7.00000e+00	
					         0.68167	7.00000e+00	
					         0.68333	7.00000e+00	
					         0.68500	7.00000e+00	
					         0.68667	7.00000e+00	
					         0.68833	7.00000e+00	
					         0.69000	7.00000e+00	
					         0.69167	6.00000e+00	
					         0.69333	6.00000e+00	
					         0.69500	6.00000e+00	
					         0.69667	6.00000e+00	
					         0.69833	5.00000e+00	
					         0.70000	5.00000e+00	
					         0.70167	4.00000e+00	
					         0.70333	4.00000e+00	
					         0.70500	3.00000e+00	
					         0.70667	3.00000e+00	
					         0.70833	3.00000e+00	
					         0.71000	3.00000e+00	
					         0.71167	2.00000e+00	
					         0.71333	3.00000e+00	
					         0.71500	3.00000e+00	
					         0.71667	3.00000e+00	
					         0.71833	3.00000e+00	
					         0.72000	3.00000e+00	
					         0.72167	3.00000e+00	
					         0.72333	4.00000e+00	
					         0.72500	4.00000e+00	
					         0.72667	5.00000e+00	
					         0.72833	5.00000e+00	
					         0.73000	5.00000e+00	
					         0.73167	5.00000e+00	
					         0.73333	4.00000e+00	
					         0.73500	3.00000e+00	
					         0.73667	2.00000e+00	
					         0.73833	1.00000e+00	
					         0.74000	0.00000e+00	
					         0.74167	0.00000e+00	
					         0.74333	-1.00000e+00	
					         0.74500	-1.00000e+00	
					         0.74667	-1.00000e+00	
					         0.74833	-1.00000e+00	
					         0.75000	-1.00000e+00	
					         0.75167	0.00000e+00	
					         0.75333	1.00000e+00	
					         0.75500	2.00000e+00	
					         0.75667	3.00000e+00	
					         0.75833	4.00000e+00	
					         0.76000	5.00000e+00	
					         0.76167	6.00000e+00	
					         0.76333	6.00000e+00	
					         0.76500	7.00000e+00	
					         0.76667	7.00000e+00	
					         0.76833	6.00000e+00	
					         0.77000	6.00000e+00	
					         0.77167	5.00000e+00	
					         0.77333	5.00000e+00	
					         0.77500	4.00000e+00	
					         0.77667	4.00000e+00	
					         0.77833	4.00000e+00	
					         0.78000	3.00000e+00	
					         0.78167	3.00000e+00	
					         0.78333	3.00000e+00	
					         0.78500	3.00000e+00	
					         0.78667	3.00000e+00	
					         0.78833	3.00000e+00	
					         0.79000	3.00000e+00	
					         0.79167	4.00000e+00	
					         0.79333	4.00000e+00	
					         0.79500	5.00000e+00	
					         0.79667	6.00000e+00	
					         0.79833	6.00000e+00	
					         0.80000	7.00000e+00	
					         0.80167	8.00000e+00	
					         0.80333	9.00000e+00	
					         0.80500	9.00000e+00	
					         0.80667	1.00000e+01	
					         0.80833	1.00000e+01	
					         0.81000	9.00000e+00	
					         0.81167	8.00000e+00	
					         0.81333	7.00000e+00	
					         0.81500	5.00000e+00	
					         0.81667	3.00000e+00	
					         0.81833	0.00000e+00	
					         0.82000	-2.00000e+00	
					         0.82167	-4.00000e+00	
					         0.82333	-6.00000e+00	
					         0.82500	-9.00000e+00	
					         0.82667	-1.10000e+01	
					         0.82833	-1.20000e+01	
					         0.83000	-1.40000e+01	
					         0.83167	-1.50000e+01	
					         0.83333	-1.60000e+01	
					         0.83500	-1.70000e+01	
					         0.83667	-1.70000e+01	
					         0.83833	-1.70000e+01	
					         0.84000	-1.70000e+01	
					         0.84167	-1.60000e+01	
					         0.84333	-1.50000e+01	
					         0.84500	-1.40000e+01	
					         0.84667	-1.20000e+01	
					         0.84833	-9.00000e+00	
					         0.85000	-6.00000e+00	
					         0.85167	-1.00000e+00	
					         0.85333	4.00000e+00	
					         0.85500	1.10000e+01	
					         0.85667	1.90000e+01	
					         0.85833	2.80000e+01	
					         0.86000	3.90000e+01	
					         0.86167	5.20000e+01	
					         0.86333	6.60000e+01	
					         0.86500	8.20000e+01	
					         0.86667	9.80000e+01	
					         0.86833	1.15000e+02	
					         0.87000	1.31000e+02	
					         0.87167	1.45000e+02	
					         0.87333	1.56000e+02	
					         0.87500	1.63000e+02	
					         0.87667	1.67000e+02	
					         0.87833	1.65000e+02	
					         0.88000	1.58000e+02	
					         0.88167	1.46000e+02	
					         0.88333	1.29000e+02	
					         0.88500	1.08000e+02	
					         0.88667	8.20000e+01	
					         0.88833	5.50000e+01	
					         0.89000	2.70000e+01	
					         0.89167	-1.00000e+00	
					         0.89333	-2.80000e+01	
					         0.89500	-5.20000e+01	
					         0.89667	-7.30000e+01	
					         0.89833	-9.00000e+01	
					         0.90000	-1.04000e+02	
					         0.90167	-1.14000e+02	
					         0.90333	-1.20000e+02	
					         0.90500	-1.23000e+02	
					         0.90667	-1.23000e+02	
					         0.90833	-1.21000e+02	
					         0.91000	-1.17000e+02	
					         0.91167	-1.11000e+02	
					         0.91333	-1.04000e+02	
					         0.91500	-9.70000e+01	
					         0.91667	-8.90000e+01	
					         0.91833	-8.10000e+01	
					         0.92000	-7.40000e+01	
					         0.92167	-6.80000e+01	
					         0.92333	-6.20000e+01	
					         0.92500	-5.60000e+01	
					         0.92667	-5.20000e+01	
					         0.92833	-4.80000e+01	
					         0.93000	-4.50000e+01	
					         0.93167	-4.20000e+01	
					         0.93333	-4.00000e+01	
					         0.93500	-3.90000e+01	
					         0.93667	-3.80000e+01	
					         0.93833	-3.70000e+01	
					         0.94000	-3.60000e+01	
					         0.94167	-3.50000e+01	
					         0.94333	-3.40000e+01	
					         0.94500	-3.20000e+01	
					         0.94667	-3.10000e+01	
					         0.94833	-3.00000e+01	
					         0.95000	-2.90000e+01	
					         0.95167	-2.80000e+01	
					         0.95333	-2.70000e+01	
					         0.95500	-2.60000e+01	
					         0.95667	-2.40000e+01	
					         0.95833	-2.30000e+01	
					         0.96000	-2.20000e+01	
					         0.96167	-2.10000e+01	
					         0.96333	-2.00000e+01	
					         0.96500	-1.90000e+01	
					         0.96667	-1.80000e+01	
					         0.96833	-1.70000e+01	
					         0.97000	-1.60000e+01	
					         0.97167	-1.50000e+01	
					         0.97333	-1.50000e+01	
					         0.97500	-1.40000e+01	
					         0.97667	-1.30000e+01	
					         0.97833	-1.30000e+01	
					         0.98000	-1.30000e+01	
					         0.98167	-1.20000e+01	
					         0.98333	-1.10000e+01	
					         0.98500	-1.10000e+01	
					         0.98667	-1.00000e+01	
					         0.98833	-1.00000e+01	
					         0.99000	-9.00000e+00	
					         0.99167	-8.00000e+00	
					         0.99333	-8.00000e+00	
					         0.99500	-7.00000e+00	
					         0.99667	-7.00000e+00	
					         0.99833	-7.00000e+00	
					         1.00000	-6.00000e+00	
					         1.00167	-6.00000e+00	
					         1.00333	-6.00000e+00	
					         1.00500	-5.00000e+00	
					         1.00667	-5.00000e+00	
					         1.00833	-5.00000e+00	
					         1.01000	-4.00000e+00	
					         1.01167	-3.00000e+00	
					         1.01333	-2.00000e+00	
					         1.01500	-1.00000e+00	
					         1.01667	0.00000e+00	
					         1.01833	2.00000e+00	
					         1.02000	3.00000e+00	
					         1.02167	5.00000e+00	
					         1.02333	6.00000e+00	
					         1.02500	8.00000e+00	
					         1.02667	1.00000e+01	
					         1.02833	1.10000e+01	
					         1.03000	1.20000e+01	
					         1.03167	1.30000e+01	
					         1.03333	1.40000e+01	
					         1.03500	1.50000e+01	
					         1.03667	1.50000e+01	
					         1.03833	1.50000e+01	
					         1.04000	1.40000e+01	
					         1.04167	1.40000e+01	
					         1.04333	1.30000e+01	
					         1.04500	1.30000e+01	
					         1.04667	1.20000e+01	
					         1.04833	1.10000e+01	
					         1.05000	1.10000e+01	
					         1.05167	1.00000e+01	
					         1.05333	1.00000e+01	
					         1.05500	9.00000e+00	
					         1.05667	9.00000e+00	
					         1.05833	8.00000e+00	
					         1.06000	8.00000e+00	
					         1.06167	7.00000e+00	
					         1.06333	7.00000e+00	
					         1.06500	7.00000e+00	
					         1.06667	7.00000e+00	
					         1.06833	6.00000e+00	
					         1.07000	6.00000e+00	
					         1.07167	6.00000e+00	
					         1.07333	5.00000e+00	
					         1.07500	5.00000e+00	
					         1.07667	4.00000e+00	
					         1.07833	4.00000e+00	
					         1.08000	4.00000e+00	
					         1.08167	4.00000e+00	
					         1.08333	5.00000e+00	
					         1.08500	5.00000e+00	
					         1.08667	5.00000e+00	
					         1.08833	5.00000e+00	
					         1.09000	5.00000e+00	
					         1.09167	4.00000e+00	
					         1.09333	4.00000e+00	
					         1.09500	4.00000e+00	
					         1.09667	3.00000e+00	
					         1.09833	3.00000e+00	
					         1.10000	2.00000e+00	
					         1.10167	2.00000e+00	
					         1.10333	1.00000e+00	
					         1.10500	0.00000e+00	
					         1.10667	-1.00000e+00	
					         1.10833	-2.00000e+00	
					         1.11000	-3.00000e+00	
					         1.11167	-4.00000e+00	
					         1.11333	-5.00000e+00	
					         1.11500	-6.00000e+00	
					         1.11667	-8.00000e+00	
					         1.11833	-1.00000e+01	
					         1.12000	-1.20000e+01	
					         1.12167	-1.40000e+01	
					         1.12333	-1.50000e+01	
					         1.12500	-1.70000e+01	
					         1.12667	-1.80000e+01	
					         1.12833	-2.00000e+01	
					         1.13000	-2.10000e+01	
					         1.13167	-2.20000e+01	
					         1.13333	-2.30000e+01	
					         1.13500	-2.30000e+01	
					         1.13667	-2.40000e+01	
					         1.13833	-2.50000e+01	
					         1.14000	-2.50000e+01	
					         1.14167	-2.60000e+01	
					         1.14333	-2.70000e+01	
					         1.14500	-2.80000e+01	
					         1.14667	-2.90000e+01	
					         1.14833	-3.00000e+01	
					         1.15000	-3.10000e+01	
					         1.15167	-3.20000e+01	
					         1.15333	-3.30000e+01	
					         1.15500	-3.30000e+01	
					         1.15667	-3.40000e+01	
					         1.15833	-3.40000e+01	
					         1.16000	-3.30000e+01	
					         1.16167	-3.20000e+01	
					         1.16333	-3.00000e+01	
					         1.16500	-2.80000e+01	
					         1.16667	-2.50000e+01	
					         1.16833	-2.20000e+01	
					         1.17000	-1.80000e+01	
					         1.17167	-1.50000e+01	
					         1.17333	-1.10000e+01	
					         1.17500	-8.00000e+00	
					         1.17667	-4.00000e+00	
					         1.17833	-1.00000e+00	
					         1.18000	1.00000e+00	
					         1.18167	3.00000e+00	
					         1.18333	5.00000e+00	
					         1.18500	6.00000e+00	
					         1.18667	7.00000e+00	
					         1.18833	7.00000e+00	
					         1.19000	7.00000e+00	
					         1.19167	8.00000e+00	
					         1.19333	8.00000e+00	
					         1.19500	8.00000e+00	
					         1.19667	8.00000e+00	
					         1.19833	8.00000e+00	
					         1.20000	8.00000e+00	
					         1.20167	9.00000e+00	
					         1.20333	9.00000e+00	
					         1.20500	1.00000e+01	
					         1.20667	1.10000e+01	
					         1.20833	1.20000e+01	
					         1.21000	1.20000e+01	
					         1.21167	1.30000e+01	
					         1.21333	1.20000e+01	
					         1.21500	1.20000e+01	
					         1.21667	1.10000e+01	
					         1.21833	1.00000e+01	
					         1.22000	9.00000e+00	
					         1.22167	8.00000e+00	
					         1.22333	7.00000e+00	
					         1.22500	5.00000e+00	
					         1.22667	4.00000e+00	
					         1.22833	2.00000e+00	
					         1.23000	1.00000e+00	
					         1.23167	-1.00000e+00	
					         1.23333	-2.00000e+00	
					         1.23500	-3.00000e+00	
					         1.23667	-3.00000e+00	
					         1.23833	-3.00000e+00	
					         1.24000	-3.00000e+00	
					         1.24167	-3.00000e+00	
					         1.24333	-2.00000e+00	
					         1.24500	-1.00000e+00	
					         1.24667	0.00000e+00	
					         1.24833	1.00000e+00	
					         1.25000	3.00000e+00	
					         1.25167	4.00000e+00	
					         1.25333	5.00000e+00	
					         1.25500	6.00000e+00	
					         1.25667	7.00000e+00	
					         1.25833	7.00000e+00	
					         1.26000	7.00000e+00	
					         1.26167	7.00000e+00	
					         1.26333	7.00000e+00	
					         1.26500	7.00000e+00	
					         1.26667	6.00000e+00	
					         1.26833	5.00000e+00	
					         1.27000	3.00000e+00	
					         1.27167	1.00000e+00	
					         1.27333	0.00000e+00	
					         1.27500	-1.00000e+00	
					         1.27667	-2.00000e+00	
					         1.27833	-2.00000e+00	
					         1.28000	-2.00000e+00	
					         1.28167	-2.00000e+00	
					         1.28333	-1.00000e+00	
					         1.28500	-1.00000e+00	
					         1.28667	0.00000e+00	
					         1.28833	0.00000e+00	
					         1.29000	1.00000e+00	
					         1.29167	2.00000e+00	
					         1.29333	3.00000e+00	
					         1.29500	3.00000e+00	
					         1.29667	3.00000e+00	
					         1.29833	2.00000e+00	
					         1.30000	1.00000e+00	
					         1.30167	0.00000e+00	
					         1.30333	-1.00000e+00	
					         1.30500	-2.00000e+00	
					         1.30667	-3.00000e+00	
					         1.30833	-4.00000e+00	
					         1.31000	-5.00000e+00	
					         1.31167	-5.00000e+00	
					         1.31333	-5.00000e+00	
					         1.31500	-5.00000e+00	
					         1.31667	-5.00000e+00	
					         1.31833	-4.00000e+00	
					         1.32000	-3.00000e+00	
					         1.32167	-1.00000e+00	
					         1.32333	0.00000e+00	
					         1.32500	2.00000e+00	
					         1.32667	3.00000e+00	
					         1.32833	4.00000e+00	
					         1.33000	5.00000e+00	
					         1.33167	6.00000e+00	
					         1.33333	7.00000e+00	
					         1.33500	7.00000e+00	
					         1.33667	7.00000e+00	
					         1.33833	6.00000e+00	
					         1.34000	4.00000e+00	
					         1.34167	3.00000e+00	
					         1.34333	1.00000e+00	
					         1.34500	0.00000e+00	
					         1.34667	0.00000e+00	
					         1.34833	-1.00000e+00	
					         1.35000	-1.00000e+00	
					         1.35167	-1.00000e+00	
					         1.35333	-1.00000e+00	
					         1.35500	0.00000e+00	
					         1.35667	0.00000e+00	
					         1.35833	1.00000e+00	
					         1.36000	3.00000e+00	
					         1.36167	4.00000e+00	
					         1.36333	5.00000e+00	
					         1.36500	5.00000e+00	
					         1.36667	5.00000e+00	
					         1.36833	5.00000e+00	
					         1.37000	4.00000e+00	
					         1.37167	4.00000e+00	
					         1.37333	3.00000e+00	
					         1.37500	2.00000e+00	
					         1.37667	1.00000e+00	
					         1.37833	0.00000e+00	
					         1.38000	-2.00000e+00	
					         1.38167	-3.00000e+00	
					         1.38333	-4.00000e+00	
					         1.38500	-5.00000e+00	
					         1.38667	-6.00000e+00	
					         1.38833	-7.00000e+00	
					         1.39000	-8.00000e+00	
					         1.39167	-8.00000e+00	
					         1.39333	-9.00000e+00	
					         1.39500	-1.00000e+01	
					         1.39667	-1.10000e+01	
					         1.39833	-1.20000e+01	
					         1.40000	-1.20000e+01	
					         1.40167	-1.20000e+01	
					         1.40333	-1.20000e+01	
					         1.40500	-1.10000e+01	
					         1.40667	-1.10000e+01	
					         1.40833	-1.00000e+01	
					         1.41000	-9.00000e+00	
					         1.41167	-7.00000e+00	
					         1.41333	-6.00000e+00	
					         1.41500	-5.00000e+00	
					         1.41667	-4.00000e+00	
					         1.41833	-3.00000e+00	
					         1.42000	-2.00000e+00	
					         1.42167	-2.00000e+00	
					         1.42333	-2.00000e+00	
					         1.42500	-2.00000e+00	
					         1.42667	-3.00000e+00	
					         1.42833	-3.00000e+00	
					         1.43000	-3.00000e+00	
					         1.43167	-4.00000e+00	
					         1.43333	-4.00000e+00	
					         1.43500	-5.00000e+00	
					         1.43667	-6.00000e+00	
					         1.43833	-6.00000e+00	
					         1.44000	-7.00000e+00	
					         1.44167	-7.00000e+00	
					         1.44333	-8.00000e+00	
					         1.44500	-8.00000e+00	
					         1.44667	-9.00000e+00	
					         1.44833	-9.00000e+00	
					         1.45000	-9.00000e+00	
					         1.45167	-1.00000e+01	
					         1.45333	-1.00000e+01	
					         1.45500	-1.10000e+01	
					         1.45667	-1.10000e+01	
					         1.45833	-1.10000e+01	
					         1.46000	-1.20000e+01	
					         1.46167	-1.20000e+01	
					         1.46333	-1.30000e+01	
					         1.46500	-1.30000e+01	
					         1.46667	-1.40000e+01	
					         1.46833	-1.40000e+01	
					         1.47000	-1.40000e+01	
					         1.47167	-1.40000e+01	
					         1.47333	-1.40000e+01	
					         1.47500	-1.40000e+01	
					         1.47667	-1.30000e+01	
					         1.47833	-1.30000e+01	
					         1.48000	-1.20000e+01	
					         1.48167	-1.20000e+01	
					         1.48333	-1.10000e+01	
					         1.48500	-1.00000e+01	
					         1.48667	-9.00000e+00	
					         1.48833	-8.00000e+00	
					         1.49000	-8.00000e+00	
					         1.49167	-7.00000e+00	
					         1.49333	-7.00000e+00	
					         1.49500	-7.00000e+00	
					         1.49667	-7.00000e+00	
					         1.49833	-8.00000e+00	
					         1.50000	-9.00000e+00	
					         1.50167	-1.00000e+01	
					         1.50333	-1.10000e+01	
					         1.50500	-1.10000e+01	
					         1.50667	-1.20000e+01	
					         1.50833	-1.30000e+01	
					         1.51000	-1.30000e+01	
					         1.51167	-1.30000e+01	
					         1.51333	-1.30000e+01	
					         1.51500	-1.30000e+01	
					         1.51667	-1.30000e+01	
					         1.51833	-1.20000e+01	
					         1.52000	-1.20000e+01	
					         1.52167	-1.10000e+01	
					         1.52333	-1.00000e+01	
					         1.52500	-9.00000e+00	
					         1.52667	-8.00000e+00	
					         1.52833	-7.00000e+00	
					         1.53000	-6.00000e+00	
					         1.53167	-6.00000e+00	
					         1.53333	-5.00000e+00	
					         1.53500	-5.00000e+00	
					         1.53667	-5.00000e+00	
					         1.53833	-5.00000e+00	
					         1.54000	-5.00000e+00	
					         1.54167	-5.00000e+00	
					         1.54333	-6.00000e+00	
					         1.54500	-6.00000e+00	
					         1.54667	-7.00000e+00	
					         1.54833	-8.00000e+00	
					         1.55000	-9.00000e+00	
					         1.55167	-9.00000e+00	
					         1.55333	-1.00000e+01	
					         1.55500	-1.00000e+01	
					         1.55667	-1.10000e+01	
					         1.55833	-1.10000e+01	
					         1.56000	-1.10000e+01	
					         1.56167	-1.10000e+01	
					         1.56333	-1.00000e+01	
					         1.56500	-9.00000e+00	
					         1.56667	-8.00000e+00	
					         1.56833	-7.00000e+00	
					         1.57000	-5.00000e+00	
					         1.57167	-3.00000e+00	
					         1.57333	-1.00000e+00	
					         1.57500	1.00000e+00	
					         1.57667	3.00000e+00	
					         1.57833	5.00000e+00	
					         1.58000	6.00000e+00	
					         1.58167	7.00000e+00	
					         1.58333	8.00000e+00	
					         1.58500	8.00000e+00	
					         1.58667	8.00000e+00	
					         1.58833	8.00000e+00	
					         1.59000	7.00000e+00	
					         1.59167	6.00000e+00	
					         1.59333	5.00000e+00	
					         1.59500	3.00000e+00	
					         1.59667	1.00000e+00	
					         1.59833	-1.00000e+00	
					         1.60000	-2.00000e+00	
					         1.60167	-3.00000e+00	
					         1.60333	-3.00000e+00	
					         1.60500	-3.00000e+00	
					         1.60667	-3.00000e+00	
					         1.60833	-2.00000e+00	
					         1.61000	-1.00000e+00	
					         1.61167	0.00000e+00	
					         1.61333	1.00000e+00	
					         1.61500	2.00000e+00	
					         1.61667	2.00000e+00	
					         1.61833	3.00000e+00	
					         1.62000	4.00000e+00	
					         1.62167	4.00000e+00	
					         1.62333	4.00000e+00	
					         1.62500	4.00000e+00	
					         1.62667	4.00000e+00	
					         1.62833	4.00000e+00	
					         1.63000	5.00000e+00	
					         1.63167	5.00000e+00	
					         1.63333	6.00000e+00	
					         1.63500	6.00000e+00	
					         1.63667	6.00000e+00	
					         1.63833	6.00000e+00	
					         1.64000	6.00000e+00	
					         1.64167	6.00000e+00	
					         1.64333	6.00000e+00	
					         1.64500	5.00000e+00	
					         1.64667	5.00000e+00	
					         1.64833	4.00000e+00	
					         1.65000	4.00000e+00	
					         1.65167	4.00000e+00	
					         1.65333	5.00000e+00	
					         1.65500	5.00000e+00	
					         1.65667	6.00000e+00	
					         1.65833	7.00000e+00	
					         1.66000	8.00000e+00	
					         1.66167	9.00000e+00	
					         1.66333	1.00000e+01	
					         1.66500	1.20000e+01	
					         1.66667	1.40000e+01	
					         1.66833	1.50000e+01	
					         1.67000	1.70000e+01	
					         1.67167	1.80000e+01	
					         1.67333	1.90000e+01	
					         1.67500	2.00000e+01	
					         1.67667	1.90000e+01	
					         1.67833	1.90000e+01	
					         1.68000	1.80000e+01	
					         1.68167	1.70000e+01	
					         1.68333	1.60000e+01	
					         1.68500	1.40000e+01	
					         1.68667	1.20000e+01	
					         1.68833	9.00000e+00	
					         1.69000	7.00000e+00	
					         1.69167	4.00000e+00	
					         1.69333	2.00000e+00	
					         1.69500	0.00000e+00	
					         1.69667	-1.00000e+00	
					         1.69833	-3.00000e+00	
					         1.70000	-3.00000e+00	
					         1.70167	-4.00000e+00	
					         1.70333	-5.00000e+00	
					         1.70500	-5.00000e+00	
					         1.70667	-6.00000e+00	
					         1.70833	-6.00000e+00	
					         1.71000	-7.00000e+00	
					         1.71167	-7.00000e+00	
					         1.71333	-8.00000e+00	
					         1.71500	-8.00000e+00	
					         1.71667	-7.00000e+00	
					         1.71833	-6.00000e+00	
					         1.72000	-5.00000e+00	
					         1.72167	-2.00000e+00	
					         1.72333	1.00000e+00	
					         1.72500	5.00000e+00	
					         1.72667	1.10000e+01	
					         1.72833	1.80000e+01	
					         1.73000	2.80000e+01	
					         1.73167	3.80000e+01	
					         1.73333	5.10000e+01	
					         1.73500	6.50000e+01	
					         1.73667	8.10000e+01	
					         1.73833	9.80000e+01	
					         1.74000	1.15000e+02	
					         1.74167	1.32000e+02	
					         1.74333	1.48000e+02	
					         1.74500	1.61000e+02	
					         1.74667	1.71000e+02	
					         1.74833	1.77000e+02	
					         1.75000	1.78000e+02	
					         1.75167	1.74000e+02	
					         1.75333	1.64000e+02	
					         1.75500	1.49000e+02	
					         1.75667	1.29000e+02	
					         1.75833	1.05000e+02	
					         1.76000	7.80000e+01	
					         1.76167	4.90000e+01	
					         1.76333	2.00000e+01	
					         1.76500	-9.00000e+00	
					         1.76667	-3.60000e+01	
					         1.76833	-6.10000e+01	
					         1.77000	-8.10000e+01	
					         1.77167	-9.80000e+01	
					         1.77333	-1.12000e+02	
					         1.77500	-1.21000e+02	
					         1.77667	-1.26000e+02	
					         1.77833	-1.29000e+02	
					         1.78000	-1.28000e+02	
					         1.78167	-1.25000e+02	
					         1.78333	-1.20000e+02	
					         1.78500	-1.14000e+02	
					         1.78667	-1.07000e+02	
					         1.78833	-9.90000e+01	
					         1.79000	-9.10000e+01	
					         1.79167	-8.30000e+01	
					         1.79333	-7.50000e+01	
					         1.79500	-6.80000e+01	
					         1.79667	-6.20000e+01	
					         1.79833	-5.60000e+01	
					         1.80000	-5.10000e+01	
					         1.80167	-4.70000e+01	
					         1.80333	-4.30000e+01	
					         1.80500	-4.00000e+01	
					         1.80667	-3.80000e+01	
					         1.80833	-3.60000e+01	
					         1.81000	-3.40000e+01	
					         1.81167	-3.30000e+01	
					         1.81333	-3.20000e+01	
					         1.81500	-3.00000e+01	
					         1.81667	-2.90000e+01	
					         1.81833	-2.80000e+01	
					         1.82000	-2.60000e+01	
					         1.82167	-2.50000e+01	
					         1.82333	-2.30000e+01	
					         1.82500	-2.20000e+01	
					         1.82667	-2.10000e+01	
					         1.82833	-1.90000e+01	
					         1.83000	-1.80000e+01	
					         1.83167	-1.70000e+01	
					         1.83333	-1.60000e+01	
					         1.83500	-1.60000e+01	
					         1.83667	-1.50000e+01	
					         1.83833	-1.40000e+01	
					         1.84000	-1.40000e+01	
					         1.84167	-1.40000e+01	
					         1.84333	-1.40000e+01	
					         1.84500	-1.40000e+01	
					         1.84667	-1.40000e+01	
					         1.84833	-1.30000e+01	
					         1.85000	-1.30000e+01	
					         1.85167	-1.30000e+01	
					         1.85333	-1.30000e+01	
					         1.85500	-1.30000e+01	
					         1.85667	-1.30000e+01	
					         1.85833	-1.20000e+01	
					         1.86000	-1.20000e+01	
					         1.86167	-1.20000e+01	
					         1.86333	-1.20000e+01	
					         1.86500	-1.10000e+01	
					         1.86667	-1.00000e+01	
					         1.86833	-1.00000e+01	
					         1.87000	-8.00000e+00	
					         1.87167	-7.00000e+00	
					         1.87333	-6.00000e+00	
					         1.87500	-5.00000e+00	
					         1.87667	-4.00000e+00	
					         1.87833	-2.00000e+00	
					         1.88000	-1.00000e+00	
					         1.88167	0.00000e+00	
					         1.88333	0.00000e+00	
					         1.88500	1.00000e+00	
					         1.88667	1.00000e+00	
					         1.88833	1.00000e+00	
					         1.89000	0.00000e+00	
					         1.89167	0.00000e+00	
					         1.89333	-1.00000e+00	
					         1.89500	-1.00000e+00	
					         1.89667	-2.00000e+00	
					         1.89833	-2.00000e+00	
					         1.90000	-2.00000e+00	
					         1.90167	-2.00000e+00	
					         1.90333	-2.00000e+00	
					         1.90500	-1.00000e+00	
					         1.90667	-1.00000e+00	
					         1.90833	-1.00000e+00	
					         1.91000	0.00000e+00	
					         1.91167	0.00000e+00	
					         1.91333	0.00000e+00	
					         1.91500	0.00000e+00	
					         1.91667	1.00000e+00	
					         1.91833	1.00000e+00	
					         1.92000	1.00000e+00	
					         1.92167	1.00000e+00	
					         1.92333	1.00000e+00	
					         1.92500	1.00000e+00	
					         1.92667	1.00000e+00	
					         1.92833	1.00000e+00	
					         1.93000	1.00000e+00	
					         1.93167	1.00000e+00	
					         1.93333	1.00000e+00	
					         1.93500	0.00000e+00	
					         1.93667	0.00000e+00	
					         1.93833	0.00000e+00	
					         1.94000	-1.00000e+00	
					         1.94167	-1.00000e+00	
					         1.94333	-1.00000e+00	
					         1.94500	-1.00000e+00	
					         1.94667	-2.00000e+00	
					         1.94833	-2.00000e+00	
					         1.95000	-2.00000e+00	
					         1.95167	-1.00000e+00	
					         1.95333	-1.00000e+00	
					         1.95500	-1.00000e+00	
					         1.95667	-1.00000e+00	
					         1.95833	-1.00000e+00	
					         1.96000	-1.00000e+00	
					         1.96167	-1.00000e+00	
					         1.96333	-2.00000e+00	
					         1.96500	-2.00000e+00	
					         1.96667	-3.00000e+00	
					         1.96833	-4.00000e+00	
					         1.97000	-5.00000e+00	
					         1.97167	-7.00000e+00	
					         1.97333	-8.00000e+00	
					         1.97500	-9.00000e+00	
					         1.97667	-1.10000e+01	
					         1.97833	-1.20000e+01	
					         1.98000	-1.30000e+01	
					         1.98167	-1.50000e+01	
					         1.98333	-1.60000e+01	
					         1.98500	-1.70000e+01	
					         1.98667	-1.80000e+01	
					         1.98833	-2.00000e+01	
					         1.99000	-2.10000e+01	
					         1.99167	-2.20000e+01	
					         1.99333	-2.30000e+01	
					         1.99500	-2.40000e+01	
					         1.99667	-2.60000e+01	
					         1.99833	-2.70000e+01	
					         2.00000	-2.80000e+01	
					         2.00167	-3.00000e+01	
					         2.00333	-3.10000e+01	
					         2.00500	-3.20000e+01	
					         2.00667	-3.30000e+01	
					         2.00833	-3.40000e+01	
					         2.01000	-3.50000e+01	
					         2.01167	-3.60000e+01	
					         2.01333	-3.70000e+01	
					         2.01500	-3.80000e+01	
					         2.01667	-3.80000e+01	
					         2.01833	-3.80000e+01	
					         2.02000	-3.80000e+01	
					         2.02167	-3.80000e+01	
					         2.02333	-3.70000e+01	
					         2.02500	-3.60000e+01	
					         2.02667	-3.60000e+01	
					         2.02833	-3.50000e+01	
					         2.03000	-3.40000e+01	
					         2.03167	-3.30000e+01	
					         2.03333	-3.20000e+01	
					         2.03500	-3.10000e+01	
					         2.03667	-3.00000e+01	
					         2.03833	-2.90000e+01	
					         2.04000	-2.70000e+01	
					         2.04167	-2.60000e+01	
					         2.04333	-2.50000e+01	
					         2.04500	-2.40000e+01	
					         2.04667	-2.20000e+01	
					         2.04833	-2.10000e+01	
					         2.05000	-1.90000e+01	
					         2.05167	-1.80000e+01	
					         2.05333	-1.60000e+01	
					         2.05500	-1.50000e+01	
					         2.05667	-1.40000e+01	
					         2.05833	-1.30000e+01	
					         2.06000	-1.10000e+01	
					         2.06167	-1.00000e+01	
					         2.06333	-9.00000e+00	
					         2.06500	-8.00000e+00	
					         2.06667	-7.00000e+00	
					         2.06833	-7.00000e+00	
					         2.07000	-6.00000e+00	
					         2.07167	-5.00000e+00	
					         2.07333	-5.00000e+00	
					         2.07500	-4.00000e+00	
					         2.07667	-4.00000e+00	
					         2.07833	-3.00000e+00	
					         2.08000	-3.00000e+00	
					         2.08167	-2.00000e+00	
					         2.08333	-2.00000e+00	
					         2.08500	-2.00000e+00	
					         2.08667	-1.00000e+00	
					         2.08833	-1.00000e+00	
					         2.09000	-1.00000e+00	
					         2.09167	0.00000e+00	
					         2.09333	0.00000e+00	
					         2.09500	1.00000e+00	
					         2.09667	2.00000e+00	
					         2.09833	3.00000e+00	
					         2.10000	4.00000e+00	
					         2.10167	5.00000e+00	
					         2.10333	5.00000e+00	
					         2.10500	6.00000e+00	
					         2.10667	7.00000e+00	
					         2.10833	7.00000e+00	
					         2.11000	7.00000e+00	
					         2.11167	7.00000e+00	
					         2.11333	7.00000e+00	
					         2.11500	6.00000e+00	
					         2.11667	6.00000e+00	
					         2.11833	5.00000e+00	
					         2.12000	4.00000e+00	
					         2.12167	2.00000e+00	
					         2.12333	1.00000e+00	
					         2.12500	0.00000e+00	
					         2.12667	-1.00000e+00	
					         2.12833	-2.00000e+00	
					         2.13000	-3.00000e+00	
					         2.13167	-4.00000e+00	
					         2.13333	-5.00000e+00	
					         2.13500	-6.00000e+00	
					         2.13667	-6.00000e+00	
					         2.13833	-7.00000e+00	
					         2.14000	-7.00000e+00	
					         2.14167	-7.00000e+00	
					         2.14333	-7.00000e+00	
					         2.14500	-7.00000e+00	
					         2.14667	-7.00000e+00	
					         2.14833	-7.00000e+00	
					         2.15000	-6.00000e+00	
					         2.15167	-6.00000e+00	
					         2.15333	-5.00000e+00	
					         2.15500	-5.00000e+00	
					         2.15667	-4.00000e+00	
					         2.15833	-3.00000e+00	
					         2.16000	-2.00000e+00	
					         2.16167	-1.00000e+00	
					         2.16333	0.00000e+00	
					         2.16500	1.00000e+00	
					         2.16667	2.00000e+00	
					         2.16833	3.00000e+00	
					         2.17000	4.00000e+00	
					         2.17167	5.00000e+00	
					         2.17333	5.00000e+00	
					         2.17500	5.00000e+00	
					         2.17667	5.00000e+00	
					         2.17833	5.00000e+00	
					         2.18000	4.00000e+00	
					         2.18167	3.00000e+00	
					         2.18333	1.00000e+00	
					         2.18500	0.00000e+00	
					         2.18667	-1.00000e+00	
					         2.18833	-3.00000e+00	
					         2.19000	-4.00000e+00	
					         2.19167	-5.00000e+00	
					         2.19333	-6.00000e+00	
					         2.19500	-7.00000e+00	
					         2.19667	-7.00000e+00	
					         2.19833	-7.00000e+00	
					         2.20000	-8.00000e+00	
					         2.20167	-8.00000e+00	
					         2.20333	-9.00000e+00	
					         2.20500	-9.00000e+00	
					         2.20667	-9.00000e+00	
					         2.20833	-9.00000e+00	
					         2.21000	-9.00000e+00	
					         2.21167	-9.00000e+00	
					         2.21333	-9.00000e+00	
					         2.21500	-9.00000e+00	
					         2.21667	-8.00000e+00	
					         2.21833	-8.00000e+00	
					         2.22000	-8.00000e+00	
					         2.22167	-7.00000e+00	
					         2.22333	-7.00000e+00	
					         2.22500	-6.00000e+00	
					         2.22667	-5.00000e+00	
					         2.22833	-4.00000e+00	
					         2.23000	-3.00000e+00	
					         2.23167	-3.00000e+00	
					         2.23333	-2.00000e+00	
					         2.23500	-1.00000e+00	
					         2.23667	0.00000e+00	
					         2.23833	1.00000e+00	
					         2.24000	2.00000e+00	
					         2.24167	2.00000e+00	
					         2.24333	3.00000e+00	
					         2.24500	4.00000e+00	
					         2.24667	4.00000e+00	
					         2.24833	5.00000e+00	
					         2.25000	5.00000e+00	
					         2.25167	5.00000e+00	
					         2.25333	4.00000e+00	
					         2.25500	4.00000e+00	
					         2.25667	3.00000e+00	
					         2.25833	2.00000e+00	
					         2.26000	1.00000e+00	
					         2.26167	0.00000e+00	
					         2.26333	-1.00000e+00	
					         2.26500	-1.00000e+00	
					         2.26667	-2.00000e+00	
					         2.26833	-3.00000e+00	
					         2.27000	-3.00000e+00	
					         2.27167	-4.00000e+00	
					         2.27333	-4.00000e+00	
					         2.27500	-5.00000e+00	
					         2.27667	-4.00000e+00	
					         2.27833	-4.00000e+00	
					         2.28000	-3.00000e+00	
					         2.28167	-3.00000e+00	
					         2.28333	-2.00000e+00	
					         2.28500	-1.00000e+00	
					         2.28667	1.00000e+00	
					         2.28833	2.00000e+00	
					         2.29000	4.00000e+00	
					         2.29167	6.00000e+00	
					         2.29333	7.00000e+00	
					         2.29500	8.00000e+00	
					         2.29667	9.00000e+00	
					         2.29833	1.00000e+01	
					         2.30000	1.00000e+01	
					         2.30167	1.10000e+01	
					         2.30333	1.10000e+01	
					         2.30500	1.20000e+01	
					         2.30667	1.20000e+01	
					         2.30833	1.20000e+01	
					         2.31000	1.10000e+01	
					         2.31167	1.10000e+01	
					         2.31333	1.10000e+01	
					         2.31500	1.00000e+01	
					         2.31667	1.00000e+01	
					         2.31833	1.00000e+01	
					         2.32000	1.00000e+01	
					         2.32167	9.00000e+00	
					         2.32333	9.00000e+00	
					         2.32500	9.00000e+00	
					         2.32667	8.00000e+00	
					         2.32833	8.00000e+00	
					         2.33000	8.00000e+00	
					         2.33167	8.00000e+00	
					         2.33333	8.00000e+00	
					         2.33500	8.00000e+00	
					         2.33667	9.00000e+00	
					         2.33833	9.00000e+00	
					         2.34000	9.00000e+00	
					         2.34167	9.00000e+00	
					         2.34333	8.00000e+00	
					         2.34500	7.00000e+00	
					         2.34667	5.00000e+00	
					         2.34833	3.00000e+00	
					         2.35000	2.00000e+00	
					         2.35167	0.00000e+00	
					         2.35333	-1.00000e+00	
					         2.35500	-1.00000e+00	
					         2.35667	-2.00000e+00	
					         2.35833	-2.00000e+00	
					         2.36000	-2.00000e+00	
					         2.36167	-2.00000e+00	
					         2.36333	-1.00000e+00	
					         2.36500	-1.00000e+00	
					         2.36667	-1.00000e+00	
					         2.36833	0.00000e+00	
					         2.37000	0.00000e+00	
					         2.37167	0.00000e+00	
					         2.37333	-1.00000e+00	
					         2.37500	-2.00000e+00	
					         2.37667	-3.00000e+00	
					         2.37833	-4.00000e+00	
					         2.38000	-5.00000e+00	
					         2.38167	-7.00000e+00	
					         2.38333	-8.00000e+00	
					         2.38500	-9.00000e+00	
					         2.38667	-9.00000e+00	
					         2.38833	-1.00000e+01	
					         2.39000	-1.00000e+01	
					         2.39167	-9.00000e+00	
					         2.39333	-9.00000e+00	
					         2.39500	-8.00000e+00	
					         2.39667	-8.00000e+00	
					         2.39833	-7.00000e+00	
					         2.40000	-8.00000e+00	
					         2.40167	-8.00000e+00	
					         2.40333	-9.00000e+00	
					         2.40500	-1.00000e+01	
					         2.40667	-1.10000e+01	
					         2.40833	-1.20000e+01	
					         2.41000	-1.20000e+01	
					         2.41167	-1.10000e+01	
					         2.41333	-1.00000e+01	
					         2.41500	-8.00000e+00	
					         2.41667	-5.00000e+00	
					         2.41833	-2.00000e+00	
					         2.42000	0.00000e+00	
					         2.42167	2.00000e+00	
					         2.42333	4.00000e+00	
					         2.42500	6.00000e+00	
					         2.42667	7.00000e+00	
					         2.42833	8.00000e+00	
					         2.43000	8.00000e+00	
					         2.43167	8.00000e+00	
					         2.43333	7.00000e+00	
					         2.43500	5.00000e+00	
					         2.43667	4.00000e+00	
					         2.43833	2.00000e+00	
					         2.44000	1.00000e+00	
					         2.44167	0.00000e+00	
					         2.44333	1.00000e+00	
					         2.44500	1.00000e+00	
					         2.44667	1.00000e+00	
					         2.44833	2.00000e+00	
					         2.45000	2.00000e+00	
					         2.45167	2.00000e+00	
					         2.45333	2.00000e+00	
					         2.45500	2.00000e+00	
					         2.45667	2.00000e+00	
					         2.45833	1.00000e+00	
					         2.46000	0.00000e+00	
					         2.46167	-1.00000e+00	
					         2.46333	-2.00000e+00	
					         2.46500	-3.00000e+00	
					         2.46667	-4.00000e+00	
					         2.46833	-4.00000e+00	
					         2.47000	-5.00000e+00	
					         2.47167	-5.00000e+00	
					         2.47333	-5.00000e+00	
					         2.47500	-4.00000e+00	
					         2.47667	-3.00000e+00	
					         2.47833	-1.00000e+00	
					         2.48000	0.00000e+00	
					         2.48167	2.00000e+00	
					         2.48333	3.00000e+00	
					         2.48500	5.00000e+00	
					         2.48667	6.00000e+00	
					         2.48833	8.00000e+00	
					         2.49000	9.00000e+00	
					         2.49167	1.00000e+01	
					         2.49333	1.00000e+01	
					         2.49500	1.10000e+01	
					         2.49667	1.00000e+01	
					         2.49833	9.00000e+00	
					         2.50000	8.00000e+00	
					         2.50167	7.00000e+00	
					         2.50333	6.00000e+00	
					         2.50500	5.00000e+00	
					         2.50667	4.00000e+00	
					         2.50833	3.00000e+00	
					         2.51000	3.00000e+00	
					         2.51167	2.00000e+00	
					         2.51333	1.00000e+00	
					         2.51500	1.00000e+00	
					         2.51667	1.00000e+00	
					         2.51833	1.00000e+00	
					         2.52000	1.00000e+00	
					         2.52167	1.00000e+00	
					         2.52333	2.00000e+00	
					         2.52500	2.00000e+00	
					         2.52667	2.00000e+00	
					         2.52833	3.00000e+00	
					         2.53000	4.00000e+00	
					         2.53167	5.00000e+00	
					         2.53333	6.00000e+00	
					         2.53500	8.00000e+00	
					         2.53667	9.00000e+00	
					         2.53833	1.00000e+01	
					         2.54000	1.10000e+01	
					         2.54167	1.10000e+01	
					         2.54333	1.10000e+01	
					         2.54500	1.00000e+01	
					         2.54667	9.00000e+00	
					         2.54833	8.00000e+00	
					         2.55000	6.00000e+00	
					         2.55167	3.00000e+00	
					         2.55333	0.00000e+00	
					         2.55500	-2.00000e+00	
					         2.55667	-5.00000e+00	
					         2.55833	-7.00000e+00	
					         2.56000	-9.00000e+00	
					         2.56167	-1.10000e+01	
					         2.56333	-1.20000e+01	
					         2.56500	-1.30000e+01	
					         2.56667	-1.40000e+01	
					         2.56833	-1.40000e+01	
					         2.57000	-1.40000e+01	
					         2.57167	-1.40000e+01	
					         2.57333	-1.30000e+01	
					         2.57500	-1.30000e+01	
					         2.57667	-1.20000e+01	
					         2.57833	-1.10000e+01	
					         2.58000	-1.00000e+01	
					         2.58167	-9.00000e+00	
					         2.58333	-7.00000e+00	
					         2.58500	-5.00000e+00	
					         2.58667	-3.00000e+00	
					         2.58833	1.00000e+00	
					         2.59000	5.00000e+00	
					         2.59167	1.10000e+01	
					         2.59333	1.80000e+01	
					         2.59500	2.70000e+01	
					         2.59667	3.80000e+01	
					         2.59833	5.10000e+01	
					         2.60000	6.50000e+01	
					         2.60167	8.20000e+01	
					         2.60333	9.90000e+01	
					         2.60500	1.18000e+02	
					         2.60667	1.36000e+02	
					         2.60833	1.53000e+02	
					         2.61000	1.67000e+02	
					         2.61167	1.77000e+02	
					         2.61333	1.83000e+02	
					         2.61500	1.83000e+02	
					         2.61667	1.78000e+02	
					         2.61833	1.67000e+02	
					         2.62000	1.51000e+02	
					         2.62167	1.30000e+02	
					         2.62333	1.06000e+02	
					         2.62500	7.80000e+01	
					         2.62667	4.90000e+01	
					         2.62833	2.00000e+01	
					         2.63000	-9.00000e+00	
					         2.63167	-3.50000e+01	
					         2.63333	-5.90000e+01	
					         2.63500	-7.90000e+01	
					         2.63667	-9.60000e+01	
					         2.63833	-1.08000e+02	
					         2.64000	-1.17000e+02	
					         2.64167	-1.21000e+02	
					         2.64333	-1.22000e+02	
					         2.64500	-1.21000e+02	
					         2.64667	-1.17000e+02	
					         2.64833	-1.11000e+02	
					         2.65000	-1.05000e+02	
					         2.65167	-9.70000e+01	
					         2.65333	-8.80000e+01	
					         2.65500	-8.00000e+01	
					         2.65667	-7.10000e+01	
					         2.65833	-6.30000e+01	
					         2.66000	-5.60000e+01	
					         2.66167	-5.00000e+01	
