Grayscale intensity, in dB

Time (s) :	Trace 1 : 	Trace 2 : 	Trace 3 : 		Ecg : 		
0.00150   	-2.54112e+01	-4.08467e+01	-3.27913e+01		         0.00000	-3.00000e+00	
0.02226   	-2.47002e+01	-3.99715e+01	-3.36120e+01		         0.00167	-2.00000e+00	
0.04301   	-2.40852e+01	-3.93587e+01	-3.35701e+01		         0.00333	0.00000e+00	
0.06377   	-2.32459e+01	-4.06533e+01	-3.40351e+01		         0.00500	1.00000e+00	
0.08452   	-2.13458e+01	-4.16615e+01	-3.46426e+01		         0.00667	3.00000e+00	
0.10527   	-2.02578e+01	-4.12409e+01	-3.27349e+01		         0.00833	5.00000e+00	
0.12602   	-1.76860e+01	-4.12402e+01	-3.34868e+01		         0.01000	8.00000e+00	
0.14678   	-1.64036e+01	-3.60971e+01	-3.18879e+01		         0.01167	1.10000e+01	
0.16753   	-1.66915e+01	-3.33183e+01	-3.19523e+01		         0.01333	1.60000e+01	
0.18828   	-1.72668e+01	-2.86500e+01	-3.08195e+01		         0.01500	2.20000e+01	
0.20904   	-1.80076e+01	-2.11477e+01	-3.17476e+01		         0.01667	3.00000e+01	
0.22979   	-1.92206e+01	-2.02144e+01	-3.17699e+01		         0.01833	4.10000e+01	
0.25054   	-2.14072e+01	-1.57439e+01	-3.10127e+01		         0.02000	5.50000e+01	
0.27130   	-2.35991e+01	-1.80920e+01	-3.39032e+01		         0.02167	7.20000e+01	
0.29205   	-2.53464e+01	-2.22178e+01	-3.32377e+01		         0.02333	9.10000e+01	
0.31281   	-2.81900e+01	-2.48532e+01	-3.16057e+01		         0.02500	1.14000e+02	
0.33356   	-3.09484e+01	-2.59263e+01	-3.40482e+01		         0.02667	1.38000e+02	
0.35431   	-3.10146e+01	-2.75995e+01	-2.95860e+01		         0.02833	1.63000e+02	
0.37506   	-3.13878e+01	-2.73414e+01	-2.90325e+01		         0.03000	1.88000e+02	
0.39582   	-3.16269e+01	-2.60235e+01	-3.21344e+01		         0.03167	2.12000e+02	
0.41657   	-3.18089e+01	-2.68642e+01	-3.12113e+01		         0.03333	2.32000e+02	
0.43732   	-3.14864e+01	-2.98908e+01	-3.26862e+01		         0.03500	2.49000e+02	
0.45808   	-3.15185e+01	-3.38095e+01	-3.19588e+01		         0.03667	2.61000e+02	
0.47884   	-3.20212e+01	-3.19156e+01	-3.43016e+01		         0.03833	2.67000e+02	
0.49958   	-3.25857e+01	-3.11677e+01	-3.48922e+01		         0.04000	2.66000e+02	
0.52034   	-3.13540e+01	-3.15337e+01	-3.74681e+01		         0.04167	2.58000e+02	
0.54109   	-3.02178e+01	-2.78124e+01	-3.52893e+01		         0.04333	2.45000e+02	
0.56185   	-3.06656e+01	-2.92857e+01	-3.60467e+01		         0.04500	2.25000e+02	
0.58260   	-2.81955e+01	-2.89603e+01	-3.39954e+01		         0.04667	2.01000e+02	
0.60335   	-2.61554e+01	-2.96780e+01	-3.48659e+01		         0.04833	1.73000e+02	
0.62410   	-2.41576e+01	-3.02864e+01	-3.53838e+01		         0.05000	1.42000e+02	
0.64486   	-2.44637e+01	-3.15800e+01	-3.43492e+01		         0.05167	1.09000e+02	
0.66561   	-2.46841e+01	-3.17089e+01	-3.30022e+01		         0.05333	7.70000e+01	
0.68637   	-2.53510e+01	-3.26614e+01	-3.34810e+01		         0.05500	4.60000e+01	
0.70712   	-2.51844e+01	-3.34870e+01	-3.54678e+01		         0.05667	1.70000e+01	
0.72788   	-2.47500e+01	-3.30993e+01	-3.31345e+01		         0.05833	-1.00000e+01	
0.74863   	-2.46727e+01	-3.28983e+01	-3.21448e+01		         0.06000	-3.30000e+01	
0.76938   	-2.56008e+01	-3.35825e+01	-3.23371e+01		         0.06167	-5.20000e+01	
0.79013   	-2.62487e+01	-3.37294e+01	-3.16975e+01		         0.06333	-6.90000e+01	
0.81089   	-2.69643e+01	-3.40623e+01	-3.15270e+01		         0.06500	-8.10000e+01	
0.83164   	-2.77892e+01	-3.46829e+01	-3.24874e+01		         0.06667	-9.10000e+01	
0.85239   	-2.85504e+01	-3.53974e+01	-3.07361e+01		         0.06833	-9.80000e+01	
0.87314   	-2.89415e+01	-3.59600e+01	-3.06668e+01		         0.07000	-1.02000e+02	
0.89390   	-2.88726e+01	-3.63304e+01	-3.02659e+01		         0.07167	-1.04000e+02	
0.91465   	-2.85048e+01	-3.73469e+01	-2.98281e+01		         0.07333	-1.03000e+02	
0.93541   	-2.84280e+01	-3.85241e+01	-2.96124e+01		         0.07500	-1.02000e+02	
0.95616   	-2.85134e+01	-3.90224e+01	-2.91322e+01		         0.07667	-9.80000e+01	
0.97691   	-2.84890e+01	-4.03302e+01	-2.86484e+01		         0.07833	-9.40000e+01	
0.99767   	-2.88640e+01	-4.54230e+01	-2.87677e+01		         0.08000	-9.00000e+01	
1.01842   	-3.02708e+01	-4.60461e+01	-2.94171e+01		         0.08167	-8.50000e+01	
1.03917   	-3.15589e+01	-4.82578e+01	-2.84970e+01		         0.08333	-8.00000e+01	
1.05993   	-3.20825e+01	-4.97062e+01	-2.72421e+01		         0.08500	-7.60000e+01	
1.08068   	-3.03216e+01	-4.91952e+01	-2.81008e+01		         0.08667	-7.20000e+01	
1.10143   	-2.82428e+01	-4.87396e+01	-2.45373e+01		         0.08833	-6.80000e+01	
1.12219   	-2.63044e+01	-4.81487e+01	-2.50126e+01		         0.09000	-6.50000e+01	
1.14294   	-2.51474e+01	-4.91383e+01	-2.62954e+01		         0.09167	-6.20000e+01	
1.16369   	-2.61662e+01	-4.84636e+01	-2.70985e+01		         0.09333	-6.00000e+01	
1.18445   	-2.69040e+01	-5.04067e+01	-2.82046e+01		         0.09500	-5.80000e+01	
1.20520   	-2.82939e+01	-5.38624e+01	-3.14025e+01		         0.09667	-5.70000e+01	
1.22596   	-2.96223e+01	-5.31672e+01	-3.49634e+01		         0.09833	-5.60000e+01	
1.24671   	-2.96875e+01	-4.76443e+01	-3.61095e+01		         0.10000	-5.50000e+01	
1.26746   	-3.01031e+01	-4.02304e+01	-3.89359e+01		         0.10167	-5.40000e+01	
1.28821   	-2.98115e+01	-3.90948e+01	-3.82761e+01		         0.10333	-5.30000e+01	
1.30897   	-3.05289e+01	-3.20815e+01	-3.82989e+01		         0.10500	-5.20000e+01	
1.32972   	-3.13114e+01	-3.17484e+01	-3.79815e+01		         0.10667	-5.20000e+01	
1.35047   	-3.13678e+01	-3.37906e+01	-3.95953e+01		         0.10833	-5.10000e+01	
1.37123   	-3.11213e+01	-3.42483e+01	-4.09089e+01		         0.11000	-5.00000e+01	
1.39198   	-3.39768e+01	-3.42840e+01	-4.09718e+01		         0.11167	-5.00000e+01	
1.41273   	-3.47278e+01	-3.36335e+01	-4.17564e+01		         0.11333	-4.90000e+01	
1.43349   	-3.48886e+01	-3.92170e+01	-4.30198e+01		         0.11500	-4.90000e+01	
1.45424   	-3.54654e+01	-4.44901e+01	-4.29348e+01		         0.11667	-4.80000e+01	
1.47499   	-3.70610e+01	-4.75138e+01	-4.18918e+01		         0.11833	-4.80000e+01	
1.49575   	-3.74293e+01	-5.00351e+01	-4.23467e+01		         0.12000	-4.70000e+01	
1.51650   	-3.68845e+01	-4.95477e+01	-4.32275e+01		         0.12167	-4.70000e+01	
1.53725   	-3.59359e+01	-4.88104e+01	-4.33179e+01		         0.12333	-4.60000e+01	
1.55801   	-3.50630e+01	-4.91949e+01	-3.97638e+01		         0.12500	-4.60000e+01	
1.57876   	-3.60352e+01	-4.71467e+01	-3.89265e+01		         0.12667	-4.60000e+01	
1.59952   	-3.64413e+01	-4.45776e+01	-3.95973e+01		         0.12833	-4.50000e+01	
1.62027   	-3.73312e+01	-4.10617e+01	-3.60798e+01		         0.13000	-4.40000e+01	
1.64102   	-3.82262e+01	-3.83592e+01	-3.59792e+01		         0.13167	-4.30000e+01	
1.66177   	-3.78941e+01	-3.73340e+01	-3.55786e+01		         0.13333	-4.20000e+01	
1.68253   	-3.67243e+01	-3.71483e+01	-3.69542e+01		         0.13500	-4.10000e+01	
1.70328   	-3.48479e+01	-3.69314e+01	-3.40604e+01		         0.13667	-3.90000e+01	
1.72404   	-3.30939e+01	-3.56504e+01	-3.40032e+01		         0.13833	-3.70000e+01	
1.74479   	-3.20449e+01	-3.58010e+01	-3.41310e+01		         0.14000	-3.60000e+01	
1.76554   	-3.11419e+01	-3.60995e+01	-3.39629e+01		         0.14167	-3.40000e+01	
1.78629   	-3.00827e+01	-3.70344e+01	-3.24472e+01		         0.14333	-3.20000e+01	
1.80705   	-2.93150e+01	-3.72660e+01	-3.11276e+01		         0.14500	-3.10000e+01	
1.82780   	-2.91506e+01	-3.70277e+01	-3.12332e+01		         0.14667	-2.90000e+01	
1.84856   	-2.92088e+01	-3.76832e+01	-3.13930e+01		         0.14833	-2.80000e+01	
1.86931   	-2.93424e+01	-3.83324e+01	-3.21556e+01		         0.15000	-2.60000e+01	
1.89006   	-2.94642e+01	-3.93266e+01	-3.14706e+01		         0.15167	-2.50000e+01	
1.91082   	-2.94283e+01	-3.92881e+01	-3.09480e+01		         0.15333	-2.30000e+01	
1.93157   	-2.94201e+01	-3.92390e+01	-3.09320e+01		         0.15500	-2.20000e+01	
1.95232   	-2.93441e+01	-3.98499e+01	-3.08180e+01		         0.15667	-2.10000e+01	
1.97308   	-2.93584e+01	-4.01311e+01	-3.16265e+01		         0.15833	-2.10000e+01	
1.99383   	-2.91706e+01	-3.94559e+01	-3.15132e+01		         0.16000	-2.00000e+01	
2.01458   	-2.91638e+01	-3.95035e+01	-3.06643e+01		         0.16167	-1.90000e+01	
2.03533   	-2.90938e+01	-3.89315e+01	-3.03234e+01		         0.16333	-1.90000e+01	
2.05609   	-2.90311e+01	-3.94949e+01	-3.04232e+01		         0.16500	-1.80000e+01	
2.07684   	-2.89221e+01	-3.93787e+01	-3.06630e+01		         0.16667	-1.70000e+01	
2.09760   	-2.89654e+01	-4.11685e+01	-3.10013e+01		         0.16833	-1.70000e+01	
2.11835   	-2.95600e+01	-4.34357e+01	-3.14174e+01		         0.17000	-1.70000e+01	
2.13910   	-3.03837e+01	-4.39175e+01	-3.09431e+01		         0.17167	-1.70000e+01	
2.15986   	-3.07787e+01	-4.53259e+01	-3.11481e+01		         0.17333	-1.60000e+01	
2.18061   	-3.06084e+01	-4.84655e+01	-3.05603e+01		         0.17500	-1.60000e+01	
2.20136   	-2.75560e+01	-4.44147e+01	-2.95898e+01		         0.17667	-1.60000e+01	
2.22212   	-2.62024e+01	-4.42036e+01	-2.98276e+01		         0.17833	-1.60000e+01	
2.24287   	-2.61493e+01	-4.48212e+01	-3.05414e+01		         0.18000	-1.50000e+01	
2.26362   	-2.73032e+01	-4.52444e+01	-3.15838e+01		         0.18167	-1.40000e+01	
2.28437   	-2.77984e+01	-4.49043e+01	-3.22890e+01		         0.18333	-1.40000e+01	
2.30513   	-2.88786e+01	-4.77491e+01	-3.22264e+01		         0.18500	-1.30000e+01	
2.32589   	-2.97680e+01	-4.79723e+01	-3.56474e+01		         0.18667	-1.20000e+01	
2.34664   	-2.91461e+01	-4.92858e+01	-3.75599e+01		         0.18833	-1.10000e+01	
2.36739   	-2.82596e+01	-4.74257e+01	-3.81663e+01		         0.19000	-1.00000e+01	
2.38815   	-2.96061e+01	-4.22149e+01	-3.81916e+01		         0.19167	-9.00000e+00	
2.40890   	-3.14016e+01	-3.85480e+01	-3.84021e+01		         0.19333	-8.00000e+00	
2.42965   	-3.16143e+01	-3.27791e+01	-3.84658e+01		         0.19500	-7.00000e+00	
2.45040   	-3.20810e+01	-3.03795e+01	-3.82962e+01		         0.19667	-6.00000e+00	
2.47116   	-3.29559e+01	-2.81926e+01	-3.91993e+01		         0.19833	-6.00000e+00	
2.49191   	-3.20708e+01	-2.89150e+01	-4.04853e+01		         0.20000	-5.00000e+00	
2.51266   	-3.13132e+01	-3.33868e+01	-3.94509e+01		         0.20167	-4.00000e+00	
2.53342   	-3.06510e+01	-3.48308e+01	-4.08961e+01		         0.20333	-4.00000e+00	
2.55417   	-3.08066e+01	-3.82216e+01	-4.22502e+01		         0.20500	-3.00000e+00	
2.57493   	-3.11914e+01	-3.99696e+01	-4.22913e+01		         0.20667	-3.00000e+00	
2.59568   	-3.18961e+01	-4.12739e+01	-4.29399e+01		         0.20833	-3.00000e+00	
2.61643   	-3.22231e+01	-4.20597e+01	-4.15724e+01		         0.21000	-3.00000e+00	
2.63719   	-3.24946e+01	-4.50682e+01	-4.35416e+01		         0.21167	-2.00000e+00	
2.65794   	-3.28146e+01	-4.53096e+01	-4.16228e+01		         0.21333	-2.00000e+00	
2.67869   	-3.39905e+01	-4.52934e+01	-4.05700e+01		         0.21500	-1.00000e+00	
2.69944   	-3.52655e+01	-4.34830e+01	-3.98404e+01		         0.21667	-1.00000e+00	
2.72020   	-3.63309e+01	-4.27827e+01	-3.76754e+01		         0.21833	-1.00000e+00	
2.74095   	-3.62801e+01	-3.90801e+01	-3.69568e+01		         0.22000	0.00000e+00	
2.76170   	-3.69485e+01	-3.48878e+01	-3.61997e+01		         0.22167	0.00000e+00	
2.78246   	-3.67444e+01	-3.57841e+01	-3.68030e+01		         0.22333	0.00000e+00	
2.80321   	-3.68468e+01	-3.57994e+01	-3.59230e+01		         0.22500	1.00000e+00	
2.82397   	-3.44289e+01	-3.36124e+01	-3.42281e+01		         0.22667	1.00000e+00	
2.84472   	-3.43837e+01	-3.32568e+01	-3.35435e+01		         0.22833	1.00000e+00	
2.86547   	-3.39155e+01	-3.43682e+01	-3.33309e+01		         0.23000	2.00000e+00	
2.88623   	-3.21236e+01	-3.57978e+01	-3.37431e+01		         0.23167	2.00000e+00	
2.90698   	-2.92884e+01	-3.59110e+01	-3.41530e+01		         0.23333	2.00000e+00	
2.92773   	-2.84288e+01	-3.57986e+01	-3.22977e+01		         0.23500	3.00000e+00	
2.94849   	-2.82507e+01	-3.72682e+01	-3.34739e+01		         0.23667	3.00000e+00	
2.96924   	-2.84548e+01	-3.70364e+01	-3.32379e+01		         0.23833	3.00000e+00	
2.98999   	-2.86589e+01	-3.67354e+01	-3.32130e+01		         0.24000	4.00000e+00	
3.01075   	-2.89321e+01	-3.66928e+01	-3.20870e+01		         0.24167	4.00000e+00	
3.03150   	-2.91216e+01	-3.71119e+01	-3.23163e+01		         0.24333	5.00000e+00	
3.05226   	-2.93600e+01	-3.73090e+01	-3.21178e+01		         0.24500	5.00000e+00	
3.07301   	-2.94556e+01	-3.92383e+01	-3.14280e+01		         0.24667	6.00000e+00	
3.09376   	-2.94069e+01	-3.84873e+01	-3.24739e+01		         0.24833	6.00000e+00	
3.11451   	-2.94579e+01	-3.76041e+01	-3.22994e+01		         0.25000	7.00000e+00	
3.13527   	-2.94107e+01	-3.79966e+01	-3.22361e+01		         0.25167	8.00000e+00	
3.15602   	-2.93401e+01	-3.85974e+01	-3.18546e+01		         0.25333	9.00000e+00	
3.17677   	-2.93827e+01	-3.92285e+01	-3.15994e+01		         0.25500	9.00000e+00	
3.19753   	-2.95006e+01	-3.93824e+01	-3.15207e+01		         0.25667	1.00000e+01	
3.21828   	-3.00780e+01	-4.08495e+01	-3.17890e+01		         0.25833	1.10000e+01	
3.23903   	-3.11728e+01	-4.26290e+01	-3.22210e+01		         0.26000	1.20000e+01	
3.25979   	-3.19176e+01	-4.51218e+01	-3.17825e+01		         0.26167	1.30000e+01	
3.28054   	-3.19256e+01	-4.66728e+01	-3.11277e+01		         0.26333	1.40000e+01	
3.30130   	-3.00141e+01	-4.46876e+01	-3.03028e+01		         0.26500	1.50000e+01	
3.32205   	-2.75203e+01	-4.40272e+01	-3.10389e+01		         0.26667	1.60000e+01	
3.34280   	-2.72839e+01	-4.42467e+01	-3.06607e+01		         0.26833	1.60000e+01	
3.36355   	-2.80152e+01	-4.44393e+01	-3.27396e+01		         0.27000	1.70000e+01	
3.38431   	-2.81041e+01	-4.35590e+01	-3.35219e+01		         0.27167	1.80000e+01	
					         0.27333	1.90000e+01	
					         0.27500	2.00000e+01	
					         0.27667	2.10000e+01	
					         0.27833	2.10000e+01	
					         0.28000	2.20000e+01	
					         0.28167	2.20000e+01	
					         0.28333	2.20000e+01	
					         0.28500	2.30000e+01	
					         0.28667	2.30000e+01	
					         0.28833	2.30000e+01	
					         0.29000	2.40000e+01	
					         0.29167	2.40000e+01	
					         0.29333	2.50000e+01	
					         0.29500	2.60000e+01	
					         0.29667	2.70000e+01	
					         0.29833	2.80000e+01	
					         0.30000	2.90000e+01	
					         0.30167	3.00000e+01	
					         0.30333	3.10000e+01	
					         0.30500	3.20000e+01	
					         0.30667	3.20000e+01	
					         0.30833	3.30000e+01	
					         0.31000	3.40000e+01	
					         0.31167	3.40000e+01	
					         0.31333	3.50000e+01	
					         0.31500	3.50000e+01	
					         0.31667	3.60000e+01	
					         0.31833	3.60000e+01	
					         0.32000	3.70000e+01	
					         0.32167	3.70000e+01	
					         0.32333	3.80000e+01	
					         0.32500	3.80000e+01	
					         0.32667	3.90000e+01	
					         0.32833	4.00000e+01	
					         0.33000	4.10000e+01	
					         0.33167	4.10000e+01	
					         0.33333	4.20000e+01	
					         0.33500	4.30000e+01	
					         0.33667	4.40000e+01	
					         0.33833	4.50000e+01	
					         0.34000	4.60000e+01	
					         0.34167	4.70000e+01	
					         0.34333	4.80000e+01	
					         0.34500	5.00000e+01	
					         0.34667	5.10000e+01	
					         0.34833	5.20000e+01	
					         0.35000	5.30000e+01	
					         0.35167	5.40000e+01	
					         0.35333	5.40000e+01	
					         0.35500	5.30000e+01	
					         0.35667	5.20000e+01	
					         0.35833	5.10000e+01	
					         0.36000	4.90000e+01	
					         0.36167	4.60000e+01	
					         0.36333	4.30000e+01	
					         0.36500	4.00000e+01	
					         0.36667	3.60000e+01	
					         0.36833	3.20000e+01	
					         0.37000	2.90000e+01	
					         0.37167	2.50000e+01	
					         0.37333	2.20000e+01	
					         0.37500	1.90000e+01	
					         0.37667	1.60000e+01	
					         0.37833	1.30000e+01	
					         0.38000	1.10000e+01	
					         0.38167	9.00000e+00	
					         0.38333	7.00000e+00	
					         0.38500	6.00000e+00	
					         0.38667	4.00000e+00	
					         0.38833	2.00000e+00	
					         0.39000	1.00000e+00	
					         0.39167	-1.00000e+00	
					         0.39333	-2.00000e+00	
					         0.39500	-4.00000e+00	
					         0.39667	-5.00000e+00	
					         0.39833	-7.00000e+00	
					         0.40000	-9.00000e+00	
					         0.40167	-1.00000e+01	
					         0.40333	-1.10000e+01	
					         0.40500	-1.30000e+01	
					         0.40667	-1.40000e+01	
					         0.40833	-1.50000e+01	
					         0.41000	-1.60000e+01	
					         0.41167	-1.70000e+01	
					         0.41333	-1.80000e+01	
					         0.41500	-1.90000e+01	
					         0.41667	-2.00000e+01	
					         0.41833	-2.10000e+01	
					         0.42000	-2.20000e+01	
					         0.42167	-2.30000e+01	
					         0.42333	-2.40000e+01	
					         0.42500	-2.50000e+01	
					         0.42667	-2.60000e+01	
					         0.42833	-2.70000e+01	
					         0.43000	-2.80000e+01	
					         0.43167	-2.90000e+01	
					         0.43333	-3.00000e+01	
					         0.43500	-3.10000e+01	
					         0.43667	-3.10000e+01	
					         0.43833	-3.10000e+01	
					         0.44000	-3.20000e+01	
					         0.44167	-3.20000e+01	
					         0.44333	-3.20000e+01	
					         0.44500	-3.20000e+01	
					         0.44667	-3.20000e+01	
					         0.44833	-3.10000e+01	
					         0.45000	-3.10000e+01	
					         0.45167	-3.10000e+01	
					         0.45333	-3.00000e+01	
					         0.45500	-3.00000e+01	
					         0.45667	-2.90000e+01	
					         0.45833	-2.80000e+01	
					         0.46000	-2.70000e+01	
					         0.46167	-2.60000e+01	
					         0.46333	-2.50000e+01	
					         0.46500	-2.40000e+01	
					         0.46667	-2.30000e+01	
					         0.46833	-2.20000e+01	
					         0.47000	-2.10000e+01	
					         0.47167	-2.00000e+01	
					         0.47333	-1.80000e+01	
					         0.47500	-1.70000e+01	
					         0.47667	-1.60000e+01	
					         0.47833	-1.50000e+01	
					         0.48000	-1.40000e+01	
					         0.48167	-1.30000e+01	
					         0.48333	-1.20000e+01	
					         0.48500	-1.10000e+01	
					         0.48667	-1.00000e+01	
					         0.48833	-9.00000e+00	
					         0.49000	-8.00000e+00	
					         0.49167	-8.00000e+00	
					         0.49333	-7.00000e+00	
					         0.49500	-7.00000e+00	
					         0.49667	-6.00000e+00	
					         0.49833	-6.00000e+00	
					         0.50000	-6.00000e+00	
					         0.50167	-6.00000e+00	
					         0.50333	-6.00000e+00	
					         0.50500	-5.00000e+00	
					         0.50667	-6.00000e+00	
					         0.50833	-6.00000e+00	
					         0.51000	-6.00000e+00	
					         0.51167	-6.00000e+00	
					         0.51333	-6.00000e+00	
					         0.51500	-6.00000e+00	
					         0.51667	-6.00000e+00	
					         0.51833	-6.00000e+00	
					         0.52000	-6.00000e+00	
					         0.52167	-6.00000e+00	
					         0.52333	-6.00000e+00	
					         0.52500	-5.00000e+00	
					         0.52667	-5.00000e+00	
					         0.52833	-5.00000e+00	
					         0.53000	-4.00000e+00	
					         0.53167	-4.00000e+00	
					         0.53333	-3.00000e+00	
					         0.53500	-3.00000e+00	
					         0.53667	-2.00000e+00	
					         0.53833	-2.00000e+00	
					         0.54000	-1.00000e+00	
					         0.54167	0.00000e+00	
					         0.54333	0.00000e+00	
					         0.54500	1.00000e+00	
					         0.54667	1.00000e+00	
					         0.54833	1.00000e+00	
					         0.55000	1.00000e+00	
					         0.55167	0.00000e+00	
					         0.55333	0.00000e+00	
					         0.55500	-1.00000e+00	
					         0.55667	-1.00000e+00	
					         0.55833	-2.00000e+00	
					         0.56000	-3.00000e+00	
					         0.56167	-3.00000e+00	
					         0.56333	-4.00000e+00	
					         0.56500	-4.00000e+00	
					         0.56667	-4.00000e+00	
					         0.56833	-3.00000e+00	
					         0.57000	-3.00000e+00	
					         0.57167	-2.00000e+00	
					         0.57333	-2.00000e+00	
					         0.57500	-2.00000e+00	
					         0.57667	-1.00000e+00	
					         0.57833	-1.00000e+00	
					         0.58000	-1.00000e+00	
					         0.58167	0.00000e+00	
					         0.58333	0.00000e+00	
					         0.58500	0.00000e+00	
					         0.58667	-1.00000e+00	
					         0.58833	-1.00000e+00	
					         0.59000	-2.00000e+00	
					         0.59167	-3.00000e+00	
					         0.59333	-3.00000e+00	
					         0.59500	-4.00000e+00	
					         0.59667	-5.00000e+00	
					         0.59833	-6.00000e+00	
					         0.60000	-6.00000e+00	
					         0.60167	-7.00000e+00	
					         0.60333	-8.00000e+00	
					         0.60500	-8.00000e+00	
					         0.60667	-9.00000e+00	
					         0.60833	-9.00000e+00	
					         0.61000	-1.00000e+01	
					         0.61167	-1.00000e+01	
					         0.61333	-1.00000e+01	
					         0.61500	-1.00000e+01	
					         0.61667	-1.00000e+01	
					         0.61833	-1.00000e+01	
					         0.62000	-1.00000e+01	
					         0.62167	-1.00000e+01	
					         0.62333	-9.00000e+00	
					         0.62500	-9.00000e+00	
					         0.62667	-8.00000e+00	
					         0.62833	-8.00000e+00	
					         0.63000	-7.00000e+00	
					         0.63167	-7.00000e+00	
					         0.63333	-6.00000e+00	
					         0.63500	-5.00000e+00	
					         0.63667	-5.00000e+00	
					         0.63833	-4.00000e+00	
					         0.64000	-4.00000e+00	
					         0.64167	-3.00000e+00	
					         0.64333	-3.00000e+00	
					         0.64500	-4.00000e+00	
					         0.64667	-4.00000e+00	
					         0.64833	-5.00000e+00	
					         0.65000	-5.00000e+00	
					         0.65167	-6.00000e+00	
					         0.65333	-6.00000e+00	
					         0.65500	-7.00000e+00	
					         0.65667	-8.00000e+00	
					         0.65833	-8.00000e+00	
					         0.66000	-9.00000e+00	
					         0.66167	-1.00000e+01	
					         0.66333	-1.10000e+01	
					         0.66500	-1.10000e+01	
					         0.66667	-1.10000e+01	
					         0.66833	-1.20000e+01	
					         0.67000	-1.20000e+01	
					         0.67167	-1.20000e+01	
					         0.67333	-1.20000e+01	
					         0.67500	-1.20000e+01	
					         0.67667	-1.20000e+01	
					         0.67833	-1.20000e+01	
					         0.68000	-1.20000e+01	
					         0.68167	-1.20000e+01	
					         0.68333	-1.10000e+01	
					         0.68500	-1.10000e+01	
					         0.68667	-1.10000e+01	
					         0.68833	-1.00000e+01	
					         0.69000	-9.00000e+00	
					         0.69167	-9.00000e+00	
					         0.69333	-8.00000e+00	
					         0.69500	-7.00000e+00	
					         0.69667	-7.00000e+00	
					         0.69833	-6.00000e+00	
					         0.70000	-6.00000e+00	
					         0.70167	-5.00000e+00	
					         0.70333	-5.00000e+00	
					         0.70500	-4.00000e+00	
					         0.70667	-4.00000e+00	
					         0.70833	-3.00000e+00	
					         0.71000	-3.00000e+00	
					         0.71167	-2.00000e+00	
					         0.71333	-2.00000e+00	
					         0.71500	-2.00000e+00	
					         0.71667	-2.00000e+00	
					         0.71833	-2.00000e+00	
					         0.72000	-2.00000e+00	
					         0.72167	-2.00000e+00	
					         0.72333	-1.00000e+00	
					         0.72500	-1.00000e+00	
					         0.72667	-1.00000e+00	
					         0.72833	-1.00000e+00	
					         0.73000	-1.00000e+00	
					         0.73167	-1.00000e+00	
					         0.73333	-1.00000e+00	
					         0.73500	-1.00000e+00	
					         0.73667	-1.00000e+00	
					         0.73833	-2.00000e+00	
					         0.74000	-2.00000e+00	
					         0.74167	-3.00000e+00	
					         0.74333	-4.00000e+00	
					         0.74500	-5.00000e+00	
					         0.74667	-6.00000e+00	
					         0.74833	-7.00000e+00	
					         0.75000	-8.00000e+00	
					         0.75167	-9.00000e+00	
					         0.75333	-9.00000e+00	
					         0.75500	-1.00000e+01	
					         0.75667	-1.00000e+01	
					         0.75833	-1.10000e+01	
					         0.76000	-1.10000e+01	
					         0.76167	-1.10000e+01	
					         0.76333	-1.10000e+01	
					         0.76500	-1.10000e+01	
					         0.76667	-1.10000e+01	
					         0.76833	-1.10000e+01	
					         0.77000	-1.10000e+01	
					         0.77167	-1.10000e+01	
					         0.77333	-1.20000e+01	
					         0.77500	-1.20000e+01	
					         0.77667	-1.20000e+01	
					         0.77833	-1.20000e+01	
					         0.78000	-1.20000e+01	
					         0.78167	-1.30000e+01	
					         0.78333	-1.30000e+01	
					         0.78500	-1.30000e+01	
					         0.78667	-1.30000e+01	
					         0.78833	-1.30000e+01	
					         0.79000	-1.20000e+01	
					         0.79167	-1.20000e+01	
					         0.79333	-1.20000e+01	
					         0.79500	-1.10000e+01	
					         0.79667	-1.00000e+01	
					         0.79833	-9.00000e+00	
					         0.80000	-8.00000e+00	
					         0.80167	-7.00000e+00	
					         0.80333	-6.00000e+00	
					         0.80500	-6.00000e+00	
					         0.80667	-5.00000e+00	
					         0.80833	-5.00000e+00	
					         0.81000	-5.00000e+00	
					         0.81167	-5.00000e+00	
					         0.81333	-5.00000e+00	
					         0.81500	-5.00000e+00	
					         0.81667	-5.00000e+00	
					         0.81833	-6.00000e+00	
					         0.82000	-6.00000e+00	
					         0.82167	-7.00000e+00	
					         0.82333	-8.00000e+00	
					         0.82500	-8.00000e+00	
					         0.82667	-9.00000e+00	
					         0.82833	-9.00000e+00	
					         0.83000	-9.00000e+00	
					         0.83167	-9.00000e+00	
					         0.83333	-9.00000e+00	
					         0.83500	-9.00000e+00	
					         0.83667	-9.00000e+00	
					         0.83833	-9.00000e+00	
					         0.84000	-9.00000e+00	
					         0.84167	-9.00000e+00	
					         0.84333	-9.00000e+00	
					         0.84500	-8.00000e+00	
					         0.84667	-8.00000e+00	
					         0.84833	-7.00000e+00	
					         0.85000	-6.00000e+00	
					         0.85167	-6.00000e+00	
					         0.85333	-5.00000e+00	
					         0.85500	-4.00000e+00	
					         0.85667	-3.00000e+00	
					         0.85833	-1.00000e+00	
					         0.86000	1.00000e+00	
					         0.86167	2.00000e+00	
					         0.86333	4.00000e+00	
					         0.86500	5.00000e+00	
					         0.86667	6.00000e+00	
					         0.86833	7.00000e+00	
					         0.87000	8.00000e+00	
					         0.87167	8.00000e+00	
					         0.87333	9.00000e+00	
					         0.87500	8.00000e+00	
					         0.87667	8.00000e+00	
					         0.87833	7.00000e+00	
					         0.88000	7.00000e+00	
					         0.88167	6.00000e+00	
					         0.88333	5.00000e+00	
					         0.88500	4.00000e+00	
					         0.88667	4.00000e+00	
					         0.88833	3.00000e+00	
					         0.89000	2.00000e+00	
					         0.89167	2.00000e+00	
					         0.89333	1.00000e+00	
					         0.89500	1.00000e+00	
					         0.89667	1.00000e+00	
					         0.89833	1.00000e+00	
					         0.90000	0.00000e+00	
					         0.90167	0.00000e+00	
					         0.90333	0.00000e+00	
					         0.90500	0.00000e+00	
					         0.90667	-1.00000e+00	
					         0.90833	-1.00000e+00	
					         0.91000	-1.00000e+00	
					         0.91167	-1.00000e+00	
					         0.91333	-1.00000e+00	
					         0.91500	-1.00000e+00	
					         0.91667	-1.00000e+00	
					         0.91833	-2.00000e+00	
					         0.92000	-2.00000e+00	
					         0.92167	-2.00000e+00	
					         0.92333	-1.00000e+00	
					         0.92500	-1.00000e+00	
					         0.92667	0.00000e+00	
					         0.92833	1.00000e+00	
					         0.93000	3.00000e+00	
					         0.93167	5.00000e+00	
					         0.93333	7.00000e+00	
					         0.93500	9.00000e+00	
					         0.93667	1.10000e+01	
					         0.93833	1.40000e+01	
					         0.94000	1.60000e+01	
					         0.94167	1.80000e+01	
					         0.94333	2.00000e+01	
					         0.94500	2.20000e+01	
					         0.94667	2.30000e+01	
					         0.94833	2.40000e+01	
					         0.95000	2.50000e+01	
					         0.95167	2.60000e+01	
					         0.95333	2.60000e+01	
					         0.95500	2.60000e+01	
					         0.95667	2.60000e+01	
					         0.95833	2.60000e+01	
					         0.96000	2.60000e+01	
					         0.96167	2.60000e+01	
					         0.96333	2.60000e+01	
					         0.96500	2.60000e+01	
					         0.96667	2.60000e+01	
					         0.96833	2.50000e+01	
					         0.97000	2.50000e+01	
					         0.97167	2.40000e+01	
					         0.97333	2.40000e+01	
					         0.97500	2.20000e+01	
					         0.97667	2.10000e+01	
					         0.97833	1.90000e+01	
					         0.98000	1.70000e+01	
					         0.98167	1.50000e+01	
					         0.98333	1.40000e+01	
					         0.98500	1.20000e+01	
					         0.98667	1.10000e+01	
					         0.98833	1.00000e+01	
					         0.99000	9.00000e+00	
					         0.99167	9.00000e+00	
					         0.99333	9.00000e+00	
					         0.99500	9.00000e+00	
					         0.99667	1.00000e+01	
					         0.99833	1.00000e+01	
					         1.00000	1.10000e+01	
					         1.00167	1.20000e+01	
					         1.00333	1.20000e+01	
					         1.00500	1.30000e+01	
					         1.00667	1.30000e+01	
					         1.00833	1.30000e+01	
					         1.01000	1.30000e+01	
					         1.01167	1.30000e+01	
					         1.01333	1.20000e+01	
					         1.01500	1.20000e+01	
					         1.01667	1.10000e+01	
					         1.01833	1.00000e+01	
					         1.02000	9.00000e+00	
					         1.02167	7.00000e+00	
					         1.02333	6.00000e+00	
					         1.02500	5.00000e+00	
					         1.02667	4.00000e+00	
					         1.02833	2.00000e+00	
					         1.03000	1.00000e+00	
					         1.03167	-1.00000e+00	
					         1.03333	-2.00000e+00	
					         1.03500	-4.00000e+00	
					         1.03667	-5.00000e+00	
					         1.03833	-7.00000e+00	
					         1.04000	-8.00000e+00	
					         1.04167	-1.00000e+01	
					         1.04333	-1.20000e+01	
					         1.04500	-1.40000e+01	
					         1.04667	-1.50000e+01	
					         1.04833	-1.70000e+01	
					         1.05000	-1.80000e+01	
					         1.05167	-1.90000e+01	
					         1.05333	-1.90000e+01	
					         1.05500	-2.00000e+01	
					         1.05667	-2.00000e+01	
					         1.05833	-2.00000e+01	
					         1.06000	-1.90000e+01	
					         1.06167	-1.90000e+01	
					         1.06333	-1.80000e+01	
					         1.06500	-1.80000e+01	
					         1.06667	-1.70000e+01	
					         1.06833	-1.60000e+01	
					         1.07000	-1.60000e+01	
					         1.07167	-1.50000e+01	
					         1.07333	-1.50000e+01	
					         1.07500	-1.50000e+01	
					         1.07667	-1.50000e+01	
					         1.07833	-1.50000e+01	
					         1.08000	-1.50000e+01	
					         1.08167	-1.50000e+01	
					         1.08333	-1.50000e+01	
					         1.08500	-1.50000e+01	
					         1.08667	-1.50000e+01	
					         1.08833	-1.50000e+01	
					         1.09000	-1.60000e+01	
					         1.09167	-1.60000e+01	
					         1.09333	-1.60000e+01	
					         1.09500	-1.60000e+01	
					         1.09667	-1.60000e+01	
					         1.09833	-1.50000e+01	
					         1.10000	-1.50000e+01	
					         1.10167	-1.50000e+01	
					         1.10333	-1.50000e+01	
					         1.10500	-1.50000e+01	
					         1.10667	-1.50000e+01	
					         1.10833	-1.60000e+01	
					         1.11000	-1.60000e+01	
					         1.11167	-1.70000e+01	
					         1.11333	-1.80000e+01	
					         1.11500	-1.90000e+01	
					         1.11667	-1.90000e+01	
					         1.11833	-1.80000e+01	
					         1.12000	-1.60000e+01	
					         1.12167	-1.30000e+01	
					         1.12333	-6.00000e+00	
					         1.12500	3.00000e+00	
					         1.12667	1.60000e+01	
					         1.12833	3.30000e+01	
					         1.13000	5.40000e+01	
					         1.13167	7.90000e+01	
					         1.13333	1.05000e+02	
					         1.13500	1.34000e+02	
					         1.13667	1.63000e+02	
					         1.13833	1.92000e+02	
					         1.14000	2.18000e+02	
					         1.14167	2.40000e+02	
					         1.14333	2.58000e+02	
					         1.14500	2.69000e+02	
					         1.14667	2.73000e+02	
					         1.14833	2.70000e+02	
					         1.15000	2.60000e+02	
					         1.15167	2.44000e+02	
					         1.15333	2.22000e+02	
					         1.15500	1.96000e+02	
					         1.15667	1.66000e+02	
					         1.15833	1.35000e+02	
					         1.16000	1.03000e+02	
					         1.16167	7.10000e+01	
					         1.16333	4.20000e+01	
					         1.16500	1.40000e+01	
					         1.16667	-1.00000e+01	
					         1.16833	-3.20000e+01	
					         1.17000	-4.90000e+01	
					         1.17167	-6.40000e+01	
					         1.17333	-7.60000e+01	
					         1.17500	-8.50000e+01	
					         1.17667	-9.10000e+01	
					         1.17833	-9.50000e+01	
					         1.18000	-9.80000e+01	
					         1.18167	-9.80000e+01	
					         1.18333	-9.80000e+01	
					         1.18500	-9.60000e+01	
					         1.18667	-9.30000e+01	
					         1.18833	-9.00000e+01	
					         1.19000	-8.70000e+01	
					         1.19167	-8.40000e+01	
					         1.19333	-8.10000e+01	
					         1.19500	-7.80000e+01	
					         1.19667	-7.50000e+01	
					         1.19833	-7.20000e+01	
					         1.20000	-7.00000e+01	
					         1.20167	-6.80000e+01	
					         1.20333	-6.60000e+01	
					         1.20500	-6.40000e+01	
					         1.20667	-6.30000e+01	
					         1.20833	-6.10000e+01	
					         1.21000	-6.00000e+01	
					         1.21167	-5.90000e+01	
					         1.21333	-5.70000e+01	
					         1.21500	-5.60000e+01	
					         1.21667	-5.50000e+01	
					         1.21833	-5.30000e+01	
					         1.22000	-5.20000e+01	
					         1.22167	-5.00000e+01	
					         1.22333	-4.90000e+01	
					         1.22500	-4.80000e+01	
					         1.22667	-4.60000e+01	
					         1.22833	-4.50000e+01	
					         1.23000	-4.30000e+01	
					         1.23167	-4.20000e+01	
					         1.23333	-4.00000e+01	
					         1.23500	-3.80000e+01	
					         1.23667	-3.70000e+01	
					         1.23833	-3.50000e+01	
					         1.24000	-3.30000e+01	
					         1.24167	-3.20000e+01	
					         1.24333	-3.00000e+01	
					         1.24500	-2.90000e+01	
					         1.24667	-2.80000e+01	
					         1.24833	-2.70000e+01	
					         1.25000	-2.70000e+01	
					         1.25167	-2.60000e+01	
					         1.25333	-2.60000e+01	
					         1.25500	-2.60000e+01	
					         1.25667	-2.60000e+01	
					         1.25833	-2.70000e+01	
					         1.26000	-2.70000e+01	
					         1.26167	-2.70000e+01	
					         1.26333	-2.60000e+01	
					         1.26500	-2.60000e+01	
					         1.26667	-2.60000e+01	
					         1.26833	-2.50000e+01	
					         1.27000	-2.40000e+01	
					         1.27167	-2.30000e+01	
					         1.27333	-2.20000e+01	
					         1.27500	-2.10000e+01	
					         1.27667	-2.00000e+01	
					         1.27833	-1.90000e+01	
					         1.28000	-1.80000e+01	
					         1.28167	-1.70000e+01	
					         1.28333	-1.70000e+01	
					         1.28500	-1.60000e+01	
					         1.28667	-1.50000e+01	
					         1.28833	-1.40000e+01	
					         1.29000	-1.30000e+01	
					         1.29167	-1.30000e+01	
					         1.29333	-1.20000e+01	
					         1.29500	-1.10000e+01	
					         1.29667	-1.10000e+01	
					         1.29833	-1.00000e+01	
					         1.30000	-1.00000e+01	
					         1.30167	-9.00000e+00	
					         1.30333	-9.00000e+00	
					         1.30500	-8.00000e+00	
					         1.30667	-8.00000e+00	
					         1.30833	-8.00000e+00	
					         1.31000	-7.00000e+00	
					         1.31167	-7.00000e+00	
					         1.31333	-6.00000e+00	
					         1.31500	-6.00000e+00	
					         1.31667	-5.00000e+00	
					         1.31833	-5.00000e+00	
					         1.32000	-4.00000e+00	
					         1.32167	-3.00000e+00	
					         1.32333	-2.00000e+00	
					         1.32500	-1.00000e+00	
					         1.32667	0.00000e+00	
					         1.32833	1.00000e+00	
					         1.33000	1.00000e+00	
					         1.33167	2.00000e+00	
					         1.33333	3.00000e+00	
					         1.33500	4.00000e+00	
					         1.33667	4.00000e+00	
					         1.33833	5.00000e+00	
					         1.34000	5.00000e+00	
					         1.34167	5.00000e+00	
					         1.34333	5.00000e+00	
					         1.34500	5.00000e+00	
					         1.34667	5.00000e+00	
					         1.34833	5.00000e+00	
					         1.35000	5.00000e+00	
					         1.35167	5.00000e+00	
					         1.35333	5.00000e+00	
					         1.35500	5.00000e+00	
					         1.35667	5.00000e+00	
					         1.35833	5.00000e+00	
					         1.36000	6.00000e+00	
					         1.36167	6.00000e+00	
					         1.36333	7.00000e+00	
					         1.36500	8.00000e+00	
					         1.36667	8.00000e+00	
					         1.36833	9.00000e+00	
					         1.37000	1.00000e+01	
					         1.37167	1.20000e+01	
					         1.37333	1.30000e+01	
					         1.37500	1.50000e+01	
					         1.37667	1.60000e+01	
					         1.37833	1.80000e+01	
					         1.38000	1.90000e+01	
					         1.38167	2.00000e+01	
					         1.38333	2.10000e+01	
					         1.38500	2.10000e+01	
					         1.38667	2.10000e+01	
					         1.38833	2.10000e+01	
					         1.39000	2.10000e+01	
					         1.39167	2.10000e+01	
					         1.39333	2.10000e+01	
					         1.39500	2.00000e+01	
					         1.39667	2.00000e+01	
					         1.39833	2.00000e+01	
					         1.40000	2.00000e+01	
					         1.40167	2.00000e+01	
					         1.40333	2.10000e+01	
					         1.40500	2.20000e+01	
					         1.40667	2.30000e+01	
					         1.40833	2.40000e+01	
					         1.41000	2.50000e+01	
					         1.41167	2.60000e+01	
					         1.41333	2.60000e+01	
					         1.41500	2.70000e+01	
					         1.41667	2.80000e+01	
					         1.41833	2.80000e+01	
					         1.42000	2.80000e+01	
					         1.42167	2.80000e+01	
					         1.42333	2.90000e+01	
					         1.42500	2.90000e+01	
					         1.42667	2.90000e+01	
					         1.42833	2.90000e+01	
					         1.43000	2.90000e+01	
					         1.43167	2.90000e+01	
					         1.43333	3.00000e+01	
					         1.43500	3.10000e+01	
					         1.43667	3.20000e+01	
					         1.43833	3.30000e+01	
					         1.44000	3.40000e+01	
					         1.44167	3.60000e+01	
					         1.44333	3.70000e+01	
					         1.44500	3.90000e+01	
					         1.44667	4.00000e+01	
					         1.44833	4.20000e+01	
					         1.45000	4.30000e+01	
					         1.45167	4.40000e+01	
					         1.45333	4.50000e+01	
					         1.45500	4.50000e+01	
					         1.45667	4.60000e+01	
					         1.45833	4.60000e+01	
					         1.46000	4.60000e+01	
					         1.46167	4.50000e+01	
					         1.46333	4.50000e+01	
					         1.46500	4.30000e+01	
					         1.46667	4.20000e+01	
					         1.46833	4.00000e+01	
					         1.47000	3.80000e+01	
					         1.47167	3.60000e+01	
					         1.47333	3.40000e+01	
					         1.47500	3.10000e+01	
					         1.47667	2.90000e+01	
					         1.47833	2.50000e+01	
					         1.48000	2.20000e+01	
					         1.48167	1.90000e+01	
					         1.48333	1.60000e+01	
					         1.48500	1.20000e+01	
					         1.48667	9.00000e+00	
					         1.48833	5.00000e+00	
					         1.49000	2.00000e+00	
					         1.49167	-1.00000e+00	
					         1.49333	-4.00000e+00	
					         1.49500	-7.00000e+00	
					         1.49667	-9.00000e+00	
					         1.49833	-1.20000e+01	
					         1.50000	-1.40000e+01	
					         1.50167	-1.60000e+01	
					         1.50333	-1.80000e+01	
					         1.50500	-1.90000e+01	
					         1.50667	-2.00000e+01	
					         1.50833	-2.10000e+01	
					         1.51000	-2.20000e+01	
					         1.51167	-2.20000e+01	
					         1.51333	-2.30000e+01	
					         1.51500	-2.30000e+01	
					         1.51667	-2.30000e+01	
					         1.51833	-2.30000e+01	
					         1.52000	-2.30000e+01	
					         1.52167	-2.30000e+01	
					         1.52333	-2.30000e+01	
					         1.52500	-2.40000e+01	
					         1.52667	-2.40000e+01	
					         1.52833	-2.50000e+01	
					         1.53000	-2.60000e+01	
					         1.53167	-2.70000e+01	
					         1.53333	-2.70000e+01	
					         1.53500	-2.80000e+01	
					         1.53667	-2.90000e+01	
					         1.53833	-3.00000e+01	
					         1.54000	-3.00000e+01	
					         1.54167	-3.00000e+01	
					         1.54333	-3.00000e+01	
					         1.54500	-3.00000e+01	
					         1.54667	-3.00000e+01	
					         1.54833	-2.90000e+01	
					         1.55000	-2.90000e+01	
					         1.55167	-2.80000e+01	
					         1.55333	-2.80000e+01	
					         1.55500	-2.80000e+01	
					         1.55667	-2.70000e+01	
					         1.55833	-2.70000e+01	
					         1.56000	-2.70000e+01	
					         1.56167	-2.60000e+01	
					         1.56333	-2.60000e+01	
					         1.56500	-2.50000e+01	
					         1.56667	-2.50000e+01	
					         1.56833	-2.40000e+01	
					         1.57000	-2.30000e+01	
					         1.57167	-2.20000e+01	
					         1.57333	-2.00000e+01	
					         1.57500	-1.80000e+01	
					         1.57667	-1.70000e+01	
					         1.57833	-1.50000e+01	
					         1.58000	-1.30000e+01	
					         1.58167	-1.20000e+01	
					         1.58333	-1.00000e+01	
					         1.58500	-9.00000e+00	
					         1.58667	-7.00000e+00	
					         1.58833	-6.00000e+00	
					         1.59000	-5.00000e+00	
					         1.59167	-4.00000e+00	
					         1.59333	-3.00000e+00	
					         1.59500	-2.00000e+00	
					         1.59667	-2.00000e+00	
					         1.59833	-1.00000e+00	
					         1.60000	0.00000e+00	
					         1.60167	1.00000e+00	
					         1.60333	2.00000e+00	
					         1.60500	2.00000e+00	
					         1.60667	3.00000e+00	
					         1.60833	3.00000e+00	
					         1.61000	4.00000e+00	
					         1.61167	4.00000e+00	
					         1.61333	5.00000e+00	
					         1.61500	5.00000e+00	
					         1.61667	6.00000e+00	
					         1.61833	6.00000e+00	
					         1.62000	6.00000e+00	
					         1.62167	7.00000e+00	
					         1.62333	7.00000e+00	
					         1.62500	7.00000e+00	
					         1.62667	7.00000e+00	
					         1.62833	8.00000e+00	
					         1.63000	8.00000e+00	
					         1.63167	9.00000e+00	
					         1.63333	9.00000e+00	
					         1.63500	1.00000e+01	
					         1.63667	1.00000e+01	
					         1.63833	1.10000e+01	
					         1.64000	1.10000e+01	
					         1.64167	1.10000e+01	
					         1.64333	1.20000e+01	
					         1.64500	1.20000e+01	
					         1.64667	1.20000e+01	
					         1.64833	1.20000e+01	
					         1.65000	1.20000e+01	
					         1.65167	1.20000e+01	
					         1.65333	1.20000e+01	
					         1.65500	1.20000e+01	
					         1.65667	1.10000e+01	
					         1.65833	1.10000e+01	
					         1.66000	1.10000e+01	
					         1.66167	1.10000e+01	
					         1.66333	1.00000e+01	
					         1.66500	1.00000e+01	
					         1.66667	9.00000e+00	
					         1.66833	9.00000e+00	
					         1.67000	8.00000e+00	
					         1.67167	7.00000e+00	
					         1.67333	6.00000e+00	
					         1.67500	5.00000e+00	
					         1.67667	4.00000e+00	
					         1.67833	3.00000e+00	
					         1.68000	2.00000e+00	
					         1.68167	2.00000e+00	
					         1.68333	1.00000e+00	
					         1.68500	1.00000e+00	
					         1.68667	0.00000e+00	
					         1.68833	0.00000e+00	
					         1.69000	-1.00000e+00	
					         1.69167	-1.00000e+00	
					         1.69333	-2.00000e+00	
					         1.69500	-3.00000e+00	
					         1.69667	-3.00000e+00	
					         1.69833	-4.00000e+00	
					         1.70000	-5.00000e+00	
					         1.70167	-6.00000e+00	
					         1.70333	-6.00000e+00	
					         1.70500	-7.00000e+00	
					         1.70667	-8.00000e+00	
					         1.70833	-9.00000e+00	
					         1.71000	-9.00000e+00	
					         1.71167	-1.00000e+01	
					         1.71333	-1.00000e+01	
					         1.71500	-1.00000e+01	
					         1.71667	-1.10000e+01	
					         1.71833	-1.10000e+01	
					         1.72000	-1.20000e+01	
					         1.72167	-1.20000e+01	
					         1.72333	-1.30000e+01	
					         1.72500	-1.30000e+01	
					         1.72667	-1.40000e+01	
					         1.72833	-1.40000e+01	
					         1.73000	-1.50000e+01	
					         1.73167	-1.60000e+01	
					         1.73333	-1.60000e+01	
					         1.73500	-1.60000e+01	
					         1.73667	-1.60000e+01	
					         1.73833	-1.60000e+01	
					         1.74000	-1.60000e+01	
					         1.74167	-1.50000e+01	
					         1.74333	-1.40000e+01	
					         1.74500	-1.30000e+01	
					         1.74667	-1.20000e+01	
					         1.74833	-1.00000e+01	
					         1.75000	-9.00000e+00	
					         1.75167	-7.00000e+00	
					         1.75333	-6.00000e+00	
					         1.75500	-5.00000e+00	
					         1.75667	-4.00000e+00	
					         1.75833	-4.00000e+00	
					         1.76000	-4.00000e+00	
					         1.76167	-4.00000e+00	
					         1.76333	-4.00000e+00	
					         1.76500	-4.00000e+00	
					         1.76667	-4.00000e+00	
					         1.76833	-5.00000e+00	
					         1.77000	-5.00000e+00	
					         1.77167	-6.00000e+00	
					         1.77333	-6.00000e+00	
					         1.77500	-7.00000e+00	
					         1.77667	-7.00000e+00	
					         1.77833	-7.00000e+00	
					         1.78000	-7.00000e+00	
					         1.78167	-7.00000e+00	
					         1.78333	-6.00000e+00	
					         1.78500	-6.00000e+00	
					         1.78667	-6.00000e+00	
					         1.78833	-5.00000e+00	
					         1.79000	-4.00000e+00	
					         1.79167	-3.00000e+00	
					         1.79333	-2.00000e+00	
					         1.79500	0.00000e+00	
					         1.79667	1.00000e+00	
					         1.79833	2.00000e+00	
					         1.80000	4.00000e+00	
					         1.80167	5.00000e+00	
					         1.80333	7.00000e+00	
					         1.80500	8.00000e+00	
					         1.80667	9.00000e+00	
					         1.80833	1.00000e+01	
					         1.81000	1.10000e+01	
					         1.81167	1.10000e+01	
					         1.81333	1.10000e+01	
					         1.81500	1.20000e+01	
					         1.81667	1.20000e+01	
					         1.81833	1.10000e+01	
					         1.82000	1.10000e+01	
					         1.82167	1.00000e+01	
					         1.82333	9.00000e+00	
					         1.82500	8.00000e+00	
					         1.82667	7.00000e+00	
					         1.82833	5.00000e+00	
					         1.83000	4.00000e+00	
					         1.83167	2.00000e+00	
					         1.83333	1.00000e+00	
					         1.83500	-1.00000e+00	
					         1.83667	-3.00000e+00	
					         1.83833	-5.00000e+00	
					         1.84000	-6.00000e+00	
					         1.84167	-8.00000e+00	
					         1.84333	-9.00000e+00	
					         1.84500	-1.00000e+01	
					         1.84667	-1.10000e+01	
					         1.84833	-1.20000e+01	
					         1.85000	-1.20000e+01	
					         1.85167	-1.30000e+01	
					         1.85333	-1.40000e+01	
					         1.85500	-1.50000e+01	
					         1.85667	-1.60000e+01	
					         1.85833	-1.70000e+01	
					         1.86000	-1.80000e+01	
					         1.86167	-2.00000e+01	
					         1.86333	-2.10000e+01	
					         1.86500	-2.30000e+01	
					         1.86667	-2.40000e+01	
					         1.86833	-2.50000e+01	
					         1.87000	-2.60000e+01	
					         1.87167	-2.60000e+01	
					         1.87333	-2.70000e+01	
					         1.87500	-2.70000e+01	
					         1.87667	-2.60000e+01	
					         1.87833	-2.60000e+01	
					         1.88000	-2.60000e+01	
					         1.88167	-2.50000e+01	
					         1.88333	-2.40000e+01	
					         1.88500	-2.40000e+01	
					         1.88667	-2.30000e+01	
					         1.88833	-2.20000e+01	
					         1.89000	-2.20000e+01	
					         1.89167	-2.10000e+01	
					         1.89333	-2.00000e+01	
					         1.89500	-1.90000e+01	
					         1.89667	-1.80000e+01	
					         1.89833	-1.60000e+01	
					         1.90000	-1.50000e+01	
					         1.90167	-1.40000e+01	
					         1.90333	-1.30000e+01	
					         1.90500	-1.20000e+01	
					         1.90667	-1.10000e+01	
					         1.90833	-1.00000e+01	
					         1.91000	-9.00000e+00	
					         1.91167	-9.00000e+00	
					         1.91333	-9.00000e+00	
					         1.91500	-9.00000e+00	
					         1.91667	-9.00000e+00	
					         1.91833	-9.00000e+00	
					         1.92000	-1.00000e+01	
					         1.92167	-1.00000e+01	
					         1.92333	-1.00000e+01	
					         1.92500	-1.00000e+01	
					         1.92667	-1.00000e+01	
					         1.92833	-1.00000e+01	
					         1.93000	-1.00000e+01	
					         1.93167	-9.00000e+00	
					         1.93333	-9.00000e+00	
					         1.93500	-8.00000e+00	
					         1.93667	-7.00000e+00	
					         1.93833	-7.00000e+00	
					         1.94000	-6.00000e+00	
					         1.94167	-6.00000e+00	
					         1.94333	-6.00000e+00	
					         1.94500	-6.00000e+00	
					         1.94667	-6.00000e+00	
					         1.94833	-6.00000e+00	
					         1.95000	-6.00000e+00	
					         1.95167	-6.00000e+00	
					         1.95333	-6.00000e+00	
					         1.95500	-7.00000e+00	
					         1.95667	-8.00000e+00	
					         1.95833	-8.00000e+00	
					         1.96000	-9.00000e+00	
					         1.96167	-9.00000e+00	
					         1.96333	-1.00000e+01	
					         1.96500	-1.00000e+01	
					         1.96667	-1.10000e+01	
					         1.96833	-1.10000e+01	
					         1.97000	-1.10000e+01	
					         1.97167	-1.20000e+01	
					         1.97333	-1.20000e+01	
					         1.97500	-1.10000e+01	
					         1.97667	-1.10000e+01	
					         1.97833	-1.00000e+01	
					         1.98000	-9.00000e+00	
					         1.98167	-8.00000e+00	
					         1.98333	-7.00000e+00	
					         1.98500	-6.00000e+00	
					         1.98667	-5.00000e+00	
					         1.98833	-4.00000e+00	
					         1.99000	-3.00000e+00	
					         1.99167	-2.00000e+00	
					         1.99333	-1.00000e+00	
					         1.99500	-1.00000e+00	
					         1.99667	0.00000e+00	
					         1.99833	1.00000e+00	
					         2.00000	2.00000e+00	
					         2.00167	3.00000e+00	
					         2.00333	4.00000e+00	
					         2.00500	4.00000e+00	
					         2.00667	5.00000e+00	
					         2.00833	6.00000e+00	
					         2.01000	6.00000e+00	
					         2.01167	6.00000e+00	
					         2.01333	6.00000e+00	
					         2.01500	6.00000e+00	
					         2.01667	6.00000e+00	
					         2.01833	6.00000e+00	
					         2.02000	5.00000e+00	
					         2.02167	4.00000e+00	
					         2.02333	3.00000e+00	
					         2.02500	2.00000e+00	
					         2.02667	1.00000e+00	
					         2.02833	0.00000e+00	
					         2.03000	-1.00000e+00	
					         2.03167	-2.00000e+00	
					         2.03333	-2.00000e+00	
					         2.03500	-2.00000e+00	
					         2.03667	-1.00000e+00	
					         2.03833	-1.00000e+00	
					         2.04000	1.00000e+00	
					         2.04167	2.00000e+00	
					         2.04333	4.00000e+00	
					         2.04500	7.00000e+00	
					         2.04667	9.00000e+00	
					         2.04833	1.20000e+01	
					         2.05000	1.50000e+01	
					         2.05167	1.70000e+01	
					         2.05333	2.00000e+01	
					         2.05500	2.20000e+01	
					         2.05667	2.40000e+01	
					         2.05833	2.60000e+01	
					         2.06000	2.80000e+01	
					         2.06167	2.90000e+01	
					         2.06333	3.00000e+01	
					         2.06500	3.10000e+01	
					         2.06667	3.10000e+01	
					         2.06833	3.20000e+01	
					         2.07000	3.20000e+01	
					         2.07167	3.20000e+01	
					         2.07333	3.20000e+01	
					         2.07500	3.10000e+01	
					         2.07667	3.00000e+01	
					         2.07833	2.90000e+01	
					         2.08000	2.80000e+01	
					         2.08167	2.70000e+01	
					         2.08333	2.50000e+01	
					         2.08500	2.40000e+01	
					         2.08667	2.20000e+01	
					         2.08833	2.00000e+01	
					         2.09000	1.90000e+01	
					         2.09167	1.70000e+01	
					         2.09333	1.50000e+01	
					         2.09500	1.40000e+01	
					         2.09667	1.30000e+01	
					         2.09833	1.20000e+01	
					         2.10000	1.10000e+01	
					         2.10167	1.10000e+01	
					         2.10333	1.10000e+01	
					         2.10500	1.10000e+01	
					         2.10667	1.10000e+01	
					         2.10833	1.20000e+01	
					         2.11000	1.30000e+01	
					         2.11167	1.40000e+01	
					         2.11333	1.40000e+01	
					         2.11500	1.50000e+01	
					         2.11667	1.60000e+01	
					         2.11833	1.60000e+01	
					         2.12000	1.60000e+01	
					         2.12167	1.60000e+01	
					         2.12333	1.60000e+01	
					         2.12500	1.50000e+01	
					         2.12667	1.50000e+01	
					         2.12833	1.40000e+01	
					         2.13000	1.30000e+01	
					         2.13167	1.20000e+01	
					         2.13333	1.10000e+01	
					         2.13500	1.00000e+01	
					         2.13667	9.00000e+00	
					         2.13833	7.00000e+00	
					         2.14000	6.00000e+00	
					         2.14167	4.00000e+00	
					         2.14333	2.00000e+00	
					         2.14500	0.00000e+00	
					         2.14667	-1.00000e+00	
					         2.14833	-3.00000e+00	
					         2.15000	-6.00000e+00	
					         2.15167	-8.00000e+00	
					         2.15333	-1.00000e+01	
					         2.15500	-1.20000e+01	
					         2.15667	-1.40000e+01	
					         2.15833	-1.60000e+01	
					         2.16000	-1.80000e+01	
					         2.16167	-1.90000e+01	
					         2.16333	-2.00000e+01	
					         2.16500	-2.10000e+01	
					         2.16667	-2.20000e+01	
					         2.16833	-2.20000e+01	
					         2.17000	-2.20000e+01	
					         2.17167	-2.20000e+01	
					         2.17333	-2.10000e+01	
					         2.17500	-2.10000e+01	
					         2.17667	-2.00000e+01	
					         2.17833	-2.00000e+01	
					         2.18000	-1.90000e+01	
					         2.18167	-1.80000e+01	
					         2.18333	-1.80000e+01	
					         2.18500	-1.70000e+01	
					         2.18667	-1.70000e+01	
					         2.18833	-1.60000e+01	
					         2.19000	-1.60000e+01	
					         2.19167	-1.50000e+01	
					         2.19333	-1.50000e+01	
					         2.19500	-1.40000e+01	
					         2.19667	-1.40000e+01	
					         2.19833	-1.30000e+01	
					         2.20000	-1.30000e+01	
					         2.20167	-1.20000e+01	
					         2.20333	-1.10000e+01	
					         2.20500	-1.10000e+01	
					         2.20667	-1.00000e+01	
					         2.20833	-9.00000e+00	
					         2.21000	-8.00000e+00	
					         2.21167	-7.00000e+00	
					         2.21333	-6.00000e+00	
					         2.21500	-5.00000e+00	
					         2.21667	-4.00000e+00	
					         2.21833	-3.00000e+00	
					         2.22000	-3.00000e+00	
					         2.22167	-2.00000e+00	
					         2.22333	-3.00000e+00	
					         2.22500	-3.00000e+00	
					         2.22667	-3.00000e+00	
					         2.22833	-2.00000e+00	
					         2.23000	-1.00000e+00	
					         2.23167	2.00000e+00	
					         2.23333	6.00000e+00	
					         2.23500	1.30000e+01	
					         2.23667	2.20000e+01	
					         2.23833	3.50000e+01	
					         2.24000	5.20000e+01	
					         2.24167	7.20000e+01	
					         2.24333	9.50000e+01	
					         2.24500	1.21000e+02	
					         2.24667	1.48000e+02	
					         2.24833	1.75000e+02	
					         2.25000	2.02000e+02	
					         2.25167	2.26000e+02	
					         2.25333	2.47000e+02	
					         2.25500	2.63000e+02	
					         2.25667	2.73000e+02	
					         2.25833	2.76000e+02	
					         2.26000	2.72000e+02	
					         2.26167	2.62000e+02	
					         2.26333	2.46000e+02	
					         2.26500	2.25000e+02	
					         2.26667	1.99000e+02	
					         2.26833	1.70000e+02	
					         2.27000	1.39000e+02	
					         2.27167	1.07000e+02	
					         2.27333	7.50000e+01	
					         2.27500	4.50000e+01	
					         2.27667	1.80000e+01	
					         2.27833	-7.00000e+00	
					         2.28000	-2.90000e+01	
					         2.28167	-4.70000e+01	
					         2.28333	-6.20000e+01	
					         2.28500	-7.50000e+01	
					         2.28667	-8.50000e+01	
					         2.28833	-9.20000e+01	
					         2.29000	-9.70000e+01	
					         2.29167	-9.90000e+01	
					         2.29333	-1.00000e+02	
					         2.29500	-1.00000e+02	
					         2.29667	-9.90000e+01	
					         2.29833	-9.70000e+01	
					         2.30000	-9.40000e+01	
					         2.30167	-9.10000e+01	
					         2.30333	-8.80000e+01	
					         2.30500	-8.50000e+01	
					         2.30667	-8.20000e+01	
					         2.30833	-7.90000e+01	
					         2.31000	-7.60000e+01	
					         2.31167	-7.40000e+01	
					         2.31333	-7.10000e+01	
					         2.31500	-6.90000e+01	
					         2.31667	-6.80000e+01	
					         2.31833	-6.60000e+01	
					         2.32000	-6.40000e+01	
					         2.32167	-6.20000e+01	
					         2.32333	-6.10000e+01	
					         2.32500	-5.90000e+01	
					         2.32667	-5.70000e+01	
					         2.32833	-5.60000e+01	
					         2.33000	-5.40000e+01	
					         2.33167	-5.30000e+01	
					         2.33333	-5.20000e+01	
					         2.33500	-5.00000e+01	
					         2.33667	-4.90000e+01	
					         2.33833	-4.80000e+01	
					         2.34000	-4.60000e+01	
					         2.34167	-4.50000e+01	
					         2.34333	-4.30000e+01	
					         2.34500	-4.20000e+01	
					         2.34667	-4.10000e+01	
					         2.34833	-4.00000e+01	
					         2.35000	-3.90000e+01	
					         2.35167	-3.80000e+01	
					         2.35333	-3.70000e+01	
					         2.35500	-3.60000e+01	
					         2.35667	-3.50000e+01	
					         2.35833	-3.40000e+01	
					         2.36000	-3.40000e+01	
					         2.36167	-3.30000e+01	
					         2.36333	-3.20000e+01	
					         2.36500	-3.10000e+01	
					         2.36667	-3.00000e+01	
					         2.36833	-2.90000e+01	
					         2.37000	-2.80000e+01	
					         2.37167	-2.70000e+01	
					         2.37333	-2.60000e+01	
					         2.37500	-2.50000e+01	
					         2.37667	-2.40000e+01	
					         2.37833	-2.40000e+01	
					         2.38000	-2.30000e+01	
					         2.38167	-2.30000e+01	
					         2.38333	-2.20000e+01	
					         2.38500	-2.20000e+01	
					         2.38667	-2.10000e+01	
					         2.38833	-2.10000e+01	
					         2.39000	-2.10000e+01	
					         2.39167	-2.00000e+01	
					         2.39333	-2.00000e+01	
					         2.39500	-1.90000e+01	
					         2.39667	-1.90000e+01	
					         2.39833	-1.80000e+01	
					         2.40000	-1.70000e+01	
					         2.40167	-1.70000e+01	
					         2.40333	-1.60000e+01	
					         2.40500	-1.50000e+01	
					         2.40667	-1.50000e+01	
					         2.40833	-1.40000e+01	
					         2.41000	-1.40000e+01	
					         2.41167	-1.30000e+01	
					         2.41333	-1.30000e+01	
					         2.41500	-1.30000e+01	
					         2.41667	-1.20000e+01	
					         2.41833	-1.20000e+01	
					         2.42000	-1.10000e+01	
					         2.42167	-1.10000e+01	
					         2.42333	-1.10000e+01	
					         2.42500	-1.10000e+01	
					         2.42667	-1.00000e+01	
					         2.42833	-1.00000e+01	
					         2.43000	-1.00000e+01	
					         2.43167	-9.00000e+00	
					         2.43333	-9.00000e+00	
					         2.43500	-9.00000e+00	
					         2.43667	-8.00000e+00	
					         2.43833	-8.00000e+00	
					         2.44000	-7.00000e+00	
					         2.44167	-6.00000e+00	
					         2.44333	-6.00000e+00	
					         2.44500	-5.00000e+00	
					         2.44667	-4.00000e+00	
					         2.44833	-3.00000e+00	
					         2.45000	-2.00000e+00	
					         2.45167	-1.00000e+00	
					         2.45333	0.00000e+00	
					         2.45500	0.00000e+00	
					         2.45667	1.00000e+00	
					         2.45833	2.00000e+00	
					         2.46000	3.00000e+00	
					         2.46167	3.00000e+00	
					         2.46333	4.00000e+00	
					         2.46500	4.00000e+00	
					         2.46667	4.00000e+00	
					         2.46833	5.00000e+00	
					         2.47000	5.00000e+00	
					         2.47167	5.00000e+00	
					         2.47333	5.00000e+00	
					         2.47500	5.00000e+00	
					         2.47667	5.00000e+00	
					         2.47833	4.00000e+00	
					         2.48000	4.00000e+00	
					         2.48167	4.00000e+00	
					         2.48333	4.00000e+00	
					         2.48500	4.00000e+00	
					         2.48667	4.00000e+00	
					         2.48833	4.00000e+00	
					         2.49000	5.00000e+00	
					         2.49167	5.00000e+00	
					         2.49333	5.00000e+00	
					         2.49500	6.00000e+00	
					         2.49667	6.00000e+00	
					         2.49833	7.00000e+00	
					         2.50000	8.00000e+00	
					         2.50167	9.00000e+00	
					         2.50333	9.00000e+00	
					         2.50500	1.00000e+01	
					         2.50667	1.20000e+01	
					         2.50833	1.30000e+01	
					         2.51000	1.40000e+01	
					         2.51167	1.50000e+01	
					         2.51333	1.60000e+01	
					         2.51500	1.70000e+01	
					         2.51667	1.80000e+01	
					         2.51833	1.90000e+01	
					         2.52000	2.00000e+01	
					         2.52167	2.10000e+01	
					         2.52333	2.20000e+01	
					         2.52500	2.30000e+01	
					         2.52667	2.30000e+01	
					         2.52833	2.40000e+01	
					         2.53000	2.50000e+01	
					         2.53167	2.60000e+01	
					         2.53333	2.70000e+01	
					         2.53500	2.80000e+01	
					         2.53667	2.90000e+01	
					         2.53833	3.00000e+01	
					         2.54000	3.10000e+01	
					         2.54167	3.20000e+01	
					         2.54333	3.30000e+01	
					         2.54500	3.40000e+01	
					         2.54667	3.50000e+01	
					         2.54833	3.50000e+01	
					         2.55000	3.60000e+01	
					         2.55167	3.70000e+01	
					         2.55333	3.80000e+01	
					         2.55500	3.90000e+01	
					         2.55667	4.00000e+01	
					         2.55833	4.00000e+01	
					         2.56000	4.10000e+01	
					         2.56167	4.10000e+01	
					         2.56333	4.20000e+01	
					         2.56500	4.20000e+01	
					         2.56667	4.30000e+01	
					         2.56833	4.30000e+01	
					         2.57000	4.30000e+01	
					         2.57167	4.30000e+01	
					         2.57333	4.30000e+01	
					         2.57500	4.20000e+01	
					         2.57667	4.10000e+01	
					         2.57833	4.00000e+01	
					         2.58000	3.80000e+01	
					         2.58167	3.60000e+01	
					         2.58333	3.50000e+01	
					         2.58500	3.30000e+01	
					         2.58667	3.00000e+01	
					         2.58833	2.80000e+01	
					         2.59000	2.60000e+01	
					         2.59167	2.30000e+01	
					         2.59333	2.10000e+01	
					         2.59500	1.80000e+01	
					         2.59667	1.60000e+01	
					         2.59833	1.30000e+01	
					         2.60000	1.10000e+01	
					         2.60167	8.00000e+00	
					         2.60333	5.00000e+00	
					         2.60500	3.00000e+00	
					         2.60667	0.00000e+00	
					         2.60833	-3.00000e+00	
					         2.61000	-6.00000e+00	
					         2.61167	-8.00000e+00	
					         2.61333	-1.10000e+01	
					         2.61500	-1.30000e+01	
					         2.61667	-1.50000e+01	
					         2.61833	-1.70000e+01	
					         2.62000	-1.90000e+01	
					         2.62167	-2.10000e+01	
					         2.62333	-2.20000e+01	
					         2.62500	-2.30000e+01	
					         2.62667	-2.40000e+01	
					         2.62833	-2.50000e+01	
					         2.63000	-2.50000e+01	
					         2.63167	-2.60000e+01	
					         2.63333	-2.60000e+01	
					         2.63500	-2.60000e+01	
					         2.63667	-2.60000e+01	
					         2.63833	-2.60000e+01	
					         2.64000	-2.60000e+01	
					         2.64167	-2.60000e+01	
					         2.64333	-2.60000e+01	
					         2.64500	-2.50000e+01	
					         2.64667	-2.50000e+01	
					         2.64833	-2.50000e+01	
					         2.65000	-2.50000e+01	
					         2.65167	-2.50000e+01	
					         2.65333	-2.50000e+01	
					         2.65500	-2.50000e+01	
					         2.65667	-2.40000e+01	
					         2.65833	-2.40000e+01	
					         2.66000	-2.30000e+01	
					         2.66167	-2.20000e+01	
					         2.66333	-2.20000e+01	
					         2.66500	-2.10000e+01	
					         2.66667	-2.10000e+01	
					         2.66833	-2.00000e+01	
					         2.67000	-2.00000e+01	
					         2.67167	-2.00000e+01	
					         2.67333	-2.00000e+01	
					         2.67500	-1.90000e+01	
					         2.67667	-1.90000e+01	
					         2.67833	-1.90000e+01	
					         2.68000	-1.90000e+01	
					         2.68167	-1.90000e+01	
					         2.68333	-1.90000e+01	
					         2.68500	-1.80000e+01	
					         2.68667	-1.80000e+01	
					         2.68833	-1.70000e+01	
					         2.69000	-1.70000e+01	
					         2.69167	-1.60000e+01	
					         2.69333	-1.60000e+01	
					         2.69500	-1.50000e+01	
					         2.69667	-1.50000e+01	
					         2.69833	-1.40000e+01	
					         2.70000	-1.40000e+01	
					         2.70167	-1.30000e+01	
					         2.70333	-1.30000e+01	
					         2.70500	-1.20000e+01	
					         2.70667	-1.10000e+01	
					         2.70833	-1.10000e+01	
					         2.71000	-1.00000e+01	
					         2.71167	-8.00000e+00	
					         2.71333	-7.00000e+00	
					         2.71500	-5.00000e+00	
					         2.71667	-4.00000e+00	
					         2.71833	-2.00000e+00	
					         2.72000	-1.00000e+00	
					         2.72167	0.00000e+00	
					         2.72333	1.00000e+00	
					         2.72500	2.00000e+00	
					         2.72667	3.00000e+00	
					         2.72833	4.00000e+00	
					         2.73000	5.00000e+00	
					         2.73167	5.00000e+00	
					         2.73333	6.00000e+00	
					         2.73500	6.00000e+00	
					         2.73667	7.00000e+00	
					         2.73833	7.00000e+00	
					         2.74000	7.00000e+00	
					         2.74167	7.00000e+00	
					         2.74333	7.00000e+00	
					         2.74500	7.00000e+00	
					         2.74667	7.00000e+00	
					         2.74833	6.00000e+00	
					         2.75000	6.00000e+00	
					         2.75167	6.00000e+00	
					         2.75333	6.00000e+00	
					         2.75500	5.00000e+00	
					         2.75667	5.00000e+00	
					         2.75833	4.00000e+00	
					         2.76000	3.00000e+00	
					         2.76167	2.00000e+00	
					         2.76333	1.00000e+00	
					         2.76500	-1.00000e+00	
					         2.76667	-2.00000e+00	
					         2.76833	-3.00000e+00	
					         2.77000	-4.00000e+00	
					         2.77167	-5.00000e+00	
					         2.77333	-5.00000e+00	
					         2.77500	-6.00000e+00	
					         2.77667	-6.00000e+00	
					         2.77833	-6.00000e+00	
					         2.78000	-5.00000e+00	
					         2.78167	-5.00000e+00	
					         2.78333	-4.00000e+00	
					         2.78500	-3.00000e+00	
					         2.78667	-3.00000e+00	
					         2.78833	-2.00000e+00	
					         2.79000	-1.00000e+00	
					         2.79167	-1.00000e+00	
					         2.79333	-1.00000e+00	
					         2.79500	-1.00000e+00	
					         2.79667	-1.00000e+00	
					         2.79833	-1.00000e+00	
					         2.80000	-2.00000e+00	
					         2.80167	-2.00000e+00	
					         2.80333	-3.00000e+00	
					         2.80500	-4.00000e+00	
					         2.80667	-5.00000e+00	
					         2.80833	-6.00000e+00	
					         2.81000	-7.00000e+00	
					         2.81167	-8.00000e+00	
					         2.81333	-9.00000e+00	
					         2.81500	-1.00000e+01	
					         2.81667	-1.00000e+01	
					         2.81833	-1.10000e+01	
					         2.82000	-1.10000e+01	
					         2.82167	-1.20000e+01	
					         2.82333	-1.20000e+01	
					         2.82500	-1.20000e+01	
					         2.82667	-1.20000e+01	
					         2.82833	-1.20000e+01	
					         2.83000	-1.20000e+01	
					         2.83167	-1.20000e+01	
					         2.83333	-1.20000e+01	
					         2.83500	-1.20000e+01	
					         2.83667	-1.20000e+01	
					         2.83833	-1.20000e+01	
					         2.84000	-1.20000e+01	
					         2.84167	-1.20000e+01	
					         2.84333	-1.20000e+01	
					         2.84500	-1.20000e+01	
					         2.84667	-1.20000e+01	
					         2.84833	-1.20000e+01	
					         2.85000	-1.20000e+01	
					         2.85167	-1.10000e+01	
					         2.85333	-1.10000e+01	
					         2.85500	-1.10000e+01	
					         2.85667	-1.10000e+01	
					         2.85833	-1.00000e+01	
					         2.86000	-1.00000e+01	
					         2.86167	-1.00000e+01	
					         2.86333	-9.00000e+00	
					         2.86500	-9.00000e+00	
					         2.86667	-9.00000e+00	
					         2.86833	-8.00000e+00	
					         2.87000	-8.00000e+00	
					         2.87167	-7.00000e+00	
					         2.87333	-7.00000e+00	
					         2.87500	-7.00000e+00	
					         2.87667	-7.00000e+00	
					         2.87833	-7.00000e+00	
					         2.88000	-7.00000e+00	
					         2.88167	-8.00000e+00	
					         2.88333	-8.00000e+00	
					         2.88500	-9.00000e+00	
					         2.88667	-9.00000e+00	
					         2.88833	-1.00000e+01	
					         2.89000	-1.00000e+01	
					         2.89167	-1.10000e+01	
					         2.89333	-1.10000e+01	
					         2.89500	-1.10000e+01	
					         2.89667	-1.10000e+01	
					         2.89833	-1.00000e+01	
					         2.90000	-1.00000e+01	
					         2.90167	-9.00000e+00	
					         2.90333	-9.00000e+00	
					         2.90500	-8.00000e+00	
					         2.90667	-7.00000e+00	
					         2.90833	-7.00000e+00	
					         2.91000	-6.00000e+00	
					         2.91167	-6.00000e+00	
					         2.91333	-6.00000e+00	
					         2.91500	-5.00000e+00	
					         2.91667	-5.00000e+00	
					         2.91833	-5.00000e+00	
					         2.92000	-5.00000e+00	
					         2.92167	-4.00000e+00	
					         2.92333	-4.00000e+00	
					         2.92500	-4.00000e+00	
					         2.92667	-4.00000e+00	
					         2.92833	-4.00000e+00	
					         2.93000	-4.00000e+00	
					         2.93167	-4.00000e+00	
					         2.93333	-3.00000e+00	
					         2.93500	-3.00000e+00	
					         2.93667	-3.00000e+00	
					         2.93833	-3.00000e+00	
					         2.94000	-3.00000e+00	
					         2.94167	-3.00000e+00	
					         2.94333	-3.00000e+00	
					         2.94500	-3.00000e+00	
					         2.94667	-3.00000e+00	
					         2.94833	-3.00000e+00	
					         2.95000	-3.00000e+00	
					         2.95167	-4.00000e+00	
					         2.95333	-4.00000e+00	
					         2.95500	-5.00000e+00	
					         2.95667	-5.00000e+00	
					         2.95833	-5.00000e+00	
					         2.96000	-5.00000e+00	
					         2.96167	-5.00000e+00	
					         2.96333	-6.00000e+00	
					         2.96500	-6.00000e+00	
					         2.96667	-6.00000e+00	
					         2.96833	-6.00000e+00	
					         2.97000	-6.00000e+00	
					         2.97167	-6.00000e+00	
					         2.97333	-5.00000e+00	
					         2.97500	-5.00000e+00	
					         2.97667	-4.00000e+00	
					         2.97833	-4.00000e+00	
					         2.98000	-4.00000e+00	
					         2.98167	-3.00000e+00	
					         2.98333	-3.00000e+00	
					         2.98500	-3.00000e+00	
					         2.98667	-2.00000e+00	
					         2.98833	-2.00000e+00	
					         2.99000	-2.00000e+00	
					         2.99167	-2.00000e+00	
					         2.99333	-3.00000e+00	
					         2.99500	-3.00000e+00	
					         2.99667	-3.00000e+00	
					         2.99833	-3.00000e+00	
					         3.00000	-4.00000e+00	
					         3.00167	-4.00000e+00	
					         3.00333	-4.00000e+00	
					         3.00500	-4.00000e+00	
					         3.00667	-4.00000e+00	
					         3.00833	-4.00000e+00	
					         3.01000	-3.00000e+00	
					         3.01167	-2.00000e+00	
					         3.01333	-2.00000e+00	
					         3.01500	-1.00000e+00	
					         3.01667	0.00000e+00	
					         3.01833	1.00000e+00	
					         3.02000	1.00000e+00	
					         3.02167	2.00000e+00	
					         3.02333	2.00000e+00	
					         3.02500	3.00000e+00	
					         3.02667	3.00000e+00	
					         3.02833	3.00000e+00	
					         3.03000	3.00000e+00	
					         3.03167	4.00000e+00	
					         3.03333	4.00000e+00	
					         3.03500	4.00000e+00	
					         3.03667	4.00000e+00	
					         3.03833	4.00000e+00	
					         3.04000	4.00000e+00	
					         3.04167	4.00000e+00	
					         3.04333	4.00000e+00	
					         3.04500	4.00000e+00	
					         3.04667	3.00000e+00	
					         3.04833	3.00000e+00	
					         3.05000	3.00000e+00	
					         3.05167	3.00000e+00	
					         3.05333	3.00000e+00	
					         3.05500	3.00000e+00	
					         3.05667	3.00000e+00	
					         3.05833	3.00000e+00	
					         3.06000	3.00000e+00	
					         3.06167	3.00000e+00	
					         3.06333	3.00000e+00	
					         3.06500	3.00000e+00	
					         3.06667	3.00000e+00	
					         3.06833	2.00000e+00	
					         3.07000	2.00000e+00	
					         3.07167	2.00000e+00	
					         3.07333	1.00000e+00	
					         3.07500	1.00000e+00	
					         3.07667	0.00000e+00	
					         3.07833	0.00000e+00	
					         3.08000	-1.00000e+00	
					         3.08167	-1.00000e+00	
					         3.08333	-2.00000e+00	
					         3.08500	-3.00000e+00	
					         3.08667	-3.00000e+00	
					         3.08833	-4.00000e+00	
					         3.09000	-4.00000e+00	
					         3.09167	-5.00000e+00	
					         3.09333	-5.00000e+00	
					         3.09500	-5.00000e+00	
					         3.09667	-5.00000e+00	
					         3.09833	-5.00000e+00	
					         3.10000	-5.00000e+00	
					         3.10167	-5.00000e+00	
					         3.10333	-4.00000e+00	
					         3.10500	-4.00000e+00	
					         3.10667	-3.00000e+00	
					         3.10833	-2.00000e+00	
					         3.11000	-2.00000e+00	
					         3.11167	-1.00000e+00	
					         3.11333	0.00000e+00	
					         3.11500	0.00000e+00	
					         3.11667	1.00000e+00	
					         3.11833	1.00000e+00	
					         3.12000	1.00000e+00	
					         3.12167	2.00000e+00	
					         3.12333	2.00000e+00	
					         3.12500	2.00000e+00	
					         3.12667	2.00000e+00	
					         3.12833	2.00000e+00	
					         3.13000	1.00000e+00	
					         3.13167	1.00000e+00	
					         3.13333	1.00000e+00	
					         3.13500	1.00000e+00	
					         3.13667	0.00000e+00	
					         3.13833	0.00000e+00	
					         3.14000	1.00000e+00	
					         3.14167	1.00000e+00	
					         3.14333	2.00000e+00	
					         3.14500	3.00000e+00	
					         3.14667	4.00000e+00	
					         3.14833	5.00000e+00	
					         3.15000	7.00000e+00	
					         3.15167	8.00000e+00	
					         3.15333	1.00000e+01	
					         3.15500	1.20000e+01	
					         3.15667	1.40000e+01	
					         3.15833	1.60000e+01	
					         3.16000	1.80000e+01	
					         3.16167	1.90000e+01	
					         3.16333	2.10000e+01	
					         3.16500	2.20000e+01	
					         3.16667	2.30000e+01	
					         3.16833	2.40000e+01	
					         3.17000	2.50000e+01	
					         3.17167	2.50000e+01	
					         3.17333	2.60000e+01	
					         3.17500	2.60000e+01	
					         3.17667	2.60000e+01	
					         3.17833	2.50000e+01	
					         3.18000	2.40000e+01	
					         3.18167	2.30000e+01	
					         3.18333	2.20000e+01	
					         3.18500	2.10000e+01	
					         3.18667	2.00000e+01	
					         3.18833	1.90000e+01	
					         3.19000	1.80000e+01	
					         3.19167	1.70000e+01	
					         3.19333	1.60000e+01	
					         3.19500	1.50000e+01	
					         3.19667	1.40000e+01	
					         3.19833	1.40000e+01	
					         3.20000	1.40000e+01	
					         3.20167	1.30000e+01	
					         3.20333	1.30000e+01	
					         3.20500	1.40000e+01	
					         3.20667	1.40000e+01	
					         3.20833	1.40000e+01	
					         3.21000	1.50000e+01	
					         3.21167	1.50000e+01	
					         3.21333	1.60000e+01	
					         3.21500	1.60000e+01	
					         3.21667	1.60000e+01	
					         3.21833	1.60000e+01	
					         3.22000	1.60000e+01	
					         3.22167	1.50000e+01	
					         3.22333	1.40000e+01	
					         3.22500	1.30000e+01	
					         3.22667	1.20000e+01	
					         3.22833	1.10000e+01	
					         3.23000	1.00000e+01	
					         3.23167	8.00000e+00	
					         3.23333	7.00000e+00	
					         3.23500	6.00000e+00	
					         3.23667	5.00000e+00	
					         3.23833	4.00000e+00	
					         3.24000	3.00000e+00	
					         3.24167	2.00000e+00	
					         3.24333	2.00000e+00	
					         3.24500	1.00000e+00	
					         3.24667	0.00000e+00	
					         3.24833	-1.00000e+00	
					         3.25000	-2.00000e+00	
					         3.25167	-3.00000e+00	
					         3.25333	-5.00000e+00	
					         3.25500	-6.00000e+00	
					         3.25667	-8.00000e+00	
					         3.25833	-9.00000e+00	
					         3.26000	-1.10000e+01	
					         3.26167	-1.30000e+01	
					         3.26333	-1.50000e+01	
					         3.26500	-1.70000e+01	
					         3.26667	-1.80000e+01	
					         3.26833	-2.00000e+01	
					         3.27000	-2.10000e+01	
					         3.27167	-2.20000e+01	
					         3.27333	-2.20000e+01	
					         3.27500	-2.30000e+01	
					         3.27667	-2.30000e+01	
					         3.27833	-2.30000e+01	
					         3.28000	-2.30000e+01	
					         3.28167	-2.20000e+01	
					         3.28333	-2.20000e+01	
					         3.28500	-2.10000e+01	
					         3.28667	-2.00000e+01	
					         3.28833	-1.90000e+01	
					         3.29000	-1.90000e+01	
					         3.29167	-1.90000e+01	
					         3.29333	-1.80000e+01	
					         3.29500	-1.80000e+01	
					         3.29667	-1.80000e+01	
					         3.29833	-1.80000e+01	
					         3.30000	-1.80000e+01	
					         3.30167	-1.80000e+01	
					         3.30333	-1.80000e+01	
					         3.30500	-1.80000e+01	
					         3.30667	-1.90000e+01	
					         3.30833	-1.90000e+01	
					         3.31000	-1.90000e+01	
					         3.31167	-2.00000e+01	
					         3.31333	-2.00000e+01	
					         3.31500	-2.00000e+01	
					         3.31667	-1.90000e+01	
					         3.31833	-1.90000e+01	
					         3.32000	-1.90000e+01	
					         3.32167	-1.90000e+01	
					         3.32333	-1.90000e+01	
					         3.32500	-1.90000e+01	
					         3.32667	-2.00000e+01	
					         3.32833	-2.00000e+01	
					         3.33000	-1.90000e+01	
					         3.33167	-1.90000e+01	
					         3.33333	-1.80000e+01	
					         3.33500	-1.50000e+01	
					         3.33667	-1.20000e+01	
					         3.33833	-6.00000e+00	
					         3.34000	3.00000e+00	
					         3.34167	1.50000e+01	
					         3.34333	3.10000e+01	
					         3.34500	5.00000e+01	
					         3.34667	7.30000e+01	
					         3.34833	9.80000e+01	
					         3.35000	1.26000e+02	
					         3.35167	1.55000e+02	
					         3.35333	1.83000e+02	
					         3.35500	2.10000e+02	
					         3.35667	2.33000e+02	
					         3.35833	2.53000e+02	
					         3.36000	2.66000e+02	
					         3.36167	2.73000e+02	
					         3.36333	2.73000e+02	
					         3.36500	2.66000e+02	
					         3.36667	2.52000e+02	
					         3.36833	2.33000e+02	
					         3.37000	2.09000e+02	
					         3.37167	1.81000e+02	
					         3.37333	1.50000e+02	
					         3.37500	1.18000e+02	
					         3.37667	8.60000e+01	
					         3.37833	5.50000e+01	
					         3.38000	2.70000e+01	
					         3.38167	1.00000e+00	
					         3.38333	-2.20000e+01	
					         3.38500	-4.20000e+01	
					         3.38667	-5.90000e+01	
					         3.38833	-7.30000e+01	
					         3.39000	-8.40000e+01	
					         3.39167	-9.30000e+01	
					         3.39333	-9.90000e+01	
					         3.39500	-1.03000e+02	
					         3.39667	-1.06000e+02	
					         3.39833	-1.07000e+02	
					         3.40000	-1.07000e+02	
					         3.40167	-1.06000e+02	
					         3.40333	-1.04000e+02	
					         3.40500	-1.02000e+02	
