Grayscale intensity, in dB

Time (s) :	Trace 1 : 	Trace 2 : 	Trace 3 : 		Ecg : 		
0.00016   	-3.25267e+01	-4.29822e+01	-3.51762e+01		         0.00000	1.60000e+01	
0.01711   	-3.28163e+01	-4.41549e+01	-3.48275e+01		         0.00167	-1.90000e+01	
0.03409   	-3.26495e+01	-4.25670e+01	-3.12316e+01		         0.00333	-5.50000e+01	
0.05106   	-3.22798e+01	-4.14286e+01	-2.99915e+01		         0.00500	-9.10000e+01	
0.06804   	-3.24762e+01	-3.83163e+01	-2.85641e+01		         0.00667	-1.25000e+02	
0.08503   	-3.23896e+01	-3.82679e+01	-2.65373e+01		         0.00833	-1.57000e+02	
0.10201   	-3.20012e+01	-4.00977e+01	-2.85444e+01		         0.01000	-1.86000e+02	
0.11899   	-3.13397e+01	-3.93039e+01	-2.86332e+01		         0.01167	-2.11000e+02	
0.13597   	-3.06170e+01	-3.98506e+01	-2.76041e+01		         0.01333	-2.31000e+02	
0.15295   	-3.10936e+01	-4.21226e+01	-2.70136e+01		         0.01500	-2.47000e+02	
0.16993   	-3.21720e+01	-4.08871e+01	-2.91533e+01		         0.01667	-2.57000e+02	
0.18691   	-3.25185e+01	-4.38127e+01	-2.96085e+01		         0.01833	-2.62000e+02	
0.20389   	-3.30911e+01	-4.65438e+01	-3.14180e+01		         0.02000	-2.63000e+02	
0.22087   	-3.30769e+01	-4.79268e+01	-3.27957e+01		         0.02167	-2.59000e+02	
0.23785   	-3.31714e+01	-4.95620e+01	-3.59331e+01		         0.02333	-2.51000e+02	
0.25483   	-3.33584e+01	-4.98666e+01	-3.86807e+01		         0.02500	-2.40000e+02	
0.27181   	-3.34410e+01	-5.00420e+01	-3.85686e+01		         0.02667	-2.26000e+02	
0.28879   	-3.44431e+01	-4.94060e+01	-3.98076e+01		         0.02833	-2.09000e+02	
0.30577   	-3.46513e+01	-4.85716e+01	-3.95574e+01		         0.03000	-1.90000e+02	
0.32275   	-3.44073e+01	-4.93502e+01	-4.25534e+01		         0.03167	-1.71000e+02	
0.33973   	-3.45815e+01	-5.07444e+01	-4.37922e+01		         0.03333	-1.51000e+02	
0.35671   	-3.46332e+01	-5.09122e+01	-4.48735e+01		         0.03500	-1.31000e+02	
0.37369   	-3.45293e+01	-5.22295e+01	-4.61617e+01		         0.03667	-1.12000e+02	
0.39067   	-3.43484e+01	-5.18342e+01	-4.45226e+01		         0.03833	-9.50000e+01	
0.40765   	-3.28633e+01	-4.92669e+01	-4.54769e+01		         0.04000	-7.90000e+01	
0.42463   	-3.18918e+01	-4.71592e+01	-4.65575e+01		         0.04167	-6.40000e+01	
0.44161   	-3.24975e+01	-4.67614e+01	-4.67003e+01		         0.04333	-5.20000e+01	
0.45859   	-3.09790e+01	-4.64465e+01	-4.66651e+01		         0.04500	-4.10000e+01	
0.47557   	-2.95985e+01	-4.73058e+01	-4.58212e+01		         0.04667	-3.20000e+01	
0.49255   	-3.01838e+01	-4.69898e+01	-4.50686e+01		         0.04833	-2.40000e+01	
0.50953   	-3.14402e+01	-4.53450e+01	-4.13717e+01		         0.05000	-1.80000e+01	
0.52651   	-3.24994e+01	-4.45774e+01	-4.19314e+01		         0.05167	-1.30000e+01	
0.54349   	-3.43669e+01	-4.33443e+01	-4.05011e+01		         0.05333	-1.00000e+01	
0.56047   	-3.37825e+01	-3.96822e+01	-3.94117e+01		         0.05500	-7.00000e+00	
0.57745   	-3.25676e+01	-3.77967e+01	-3.94729e+01		         0.05667	-4.00000e+00	
0.59443   	-3.19563e+01	-3.58150e+01	-3.89758e+01		         0.05833	-3.00000e+00	
0.61141   	-3.14561e+01	-3.34390e+01	-3.97419e+01		         0.06000	-2.00000e+00	
0.62839   	-3.09603e+01	-3.33579e+01	-4.08966e+01		         0.06167	-1.00000e+00	
0.64537   	-3.06144e+01	-3.59263e+01	-4.29498e+01		         0.06333	0.00000e+00	
0.66234   	-3.04159e+01	-3.88664e+01	-4.33078e+01		         0.06500	0.00000e+00	
0.67933   	-3.03034e+01	-3.94930e+01	-4.44510e+01		         0.06667	0.00000e+00	
0.69631   	-3.00951e+01	-3.97071e+01	-4.50458e+01		         0.06833	0.00000e+00	
0.71329   	-2.97634e+01	-3.99447e+01	-4.56638e+01		         0.07000	1.00000e+00	
0.73055   	-2.88231e+01	-3.96089e+01	-4.64187e+01		         0.07167	1.00000e+00	
0.74725   	-2.81971e+01	-3.87455e+01	-4.61630e+01		         0.07333	1.00000e+00	
0.76423   	-2.79166e+01	-3.83455e+01	-4.46057e+01		         0.07500	1.00000e+00	
0.78121   	-2.79904e+01	-3.82871e+01	-4.56563e+01		         0.07667	1.00000e+00	
0.79819   	-2.83987e+01	-3.86354e+01	-4.56384e+01		         0.07833	1.00000e+00	
0.81517   	-2.85438e+01	-3.94963e+01	-4.58558e+01		         0.08000	1.00000e+00	
0.83215   	-2.87125e+01	-4.23377e+01	-4.60012e+01		         0.08167	1.00000e+00	
0.84913   	-2.84379e+01	-4.22133e+01	-4.58510e+01		         0.08333	1.00000e+00	
0.86611   	-2.96589e+01	-4.18917e+01	-4.55404e+01		         0.08500	1.00000e+00	
0.88309   	-3.20175e+01	-4.05805e+01	-4.70241e+01		         0.08667	2.00000e+00	
0.90007   	-3.29563e+01	-4.13968e+01	-4.55011e+01		         0.08833	2.00000e+00	
0.91705   	-3.57046e+01	-4.21391e+01	-4.13657e+01		         0.09000	3.00000e+00	
0.93403   	-3.57367e+01	-4.47527e+01	-4.33898e+01		         0.09167	3.00000e+00	
0.95101   	-3.59325e+01	-4.49740e+01	-4.00134e+01		         0.09333	3.00000e+00	
0.96799   	-3.58556e+01	-4.03913e+01	-4.16547e+01		         0.09500	4.00000e+00	
0.98497   	-3.47580e+01	-3.92229e+01	-4.24948e+01		         0.09667	4.00000e+00	
1.00195   	-3.52272e+01	-3.70426e+01	-4.39957e+01		         0.09833	5.00000e+00	
1.01893   	-3.60908e+01	-3.37432e+01	-4.53829e+01		         0.10000	5.00000e+00	
1.03591   	-3.62332e+01	-3.16490e+01	-4.52653e+01		         0.10167	5.00000e+00	
1.05289   	-3.61625e+01	-3.09651e+01	-4.52807e+01		         0.10333	5.00000e+00	
1.06987   	-3.39766e+01	-3.06664e+01	-4.48462e+01		         0.10500	5.00000e+00	
1.08685   	-2.85740e+01	-2.97381e+01	-4.32500e+01		         0.10667	5.00000e+00	
1.10383   	-2.76778e+01	-2.94848e+01	-4.40158e+01		         0.10833	5.00000e+00	
1.12081   	-2.57518e+01	-3.59426e+01	-4.39035e+01		         0.11000	5.00000e+00	
1.13779   	-2.66856e+01	-3.88384e+01	-4.23727e+01		         0.11167	5.00000e+00	
1.15477   	-2.86800e+01	-4.26298e+01	-4.31909e+01		         0.11333	4.00000e+00	
1.17175   	-2.92662e+01	-4.50474e+01	-4.40311e+01		         0.11500	4.00000e+00	
1.18873   	-3.04273e+01	-4.84399e+01	-4.36474e+01		         0.11667	4.00000e+00	
1.20571   	-3.12520e+01	-5.15877e+01	-4.36025e+01		         0.11833	4.00000e+00	
1.22269   	-3.12165e+01	-5.05530e+01	-4.47104e+01		         0.12000	3.00000e+00	
1.23967   	-3.10942e+01	-4.92034e+01	-4.64174e+01		         0.12167	3.00000e+00	
1.25665   	-3.11022e+01	-4.82670e+01	-4.52969e+01		         0.12333	3.00000e+00	
1.27363   	-3.11857e+01	-4.68257e+01	-4.73110e+01		         0.12500	4.00000e+00	
1.29061   	-3.13348e+01	-4.81783e+01	-4.78248e+01		         0.12667	4.00000e+00	
1.30759   	-3.14024e+01	-4.89577e+01	-4.87554e+01		         0.12833	4.00000e+00	
1.32457   	-3.16970e+01	-4.89656e+01	-4.82654e+01		         0.13000	5.00000e+00	
1.34155   	-3.22483e+01	-4.85784e+01	-4.82688e+01		         0.13167	5.00000e+00	
1.35853   	-3.36409e+01	-5.18721e+01	-4.79116e+01		         0.13333	6.00000e+00	
1.37551   	-3.52840e+01	-5.19829e+01	-4.87598e+01		         0.13500	6.00000e+00	
1.39249   	-3.61291e+01	-5.22591e+01	-4.94698e+01		         0.13667	7.00000e+00	
1.40947   	-3.68929e+01	-5.13876e+01	-4.86643e+01		         0.13833	8.00000e+00	
1.42645   	-3.64156e+01	-5.19577e+01	-4.95054e+01		         0.14000	8.00000e+00	
1.44343   	-3.54377e+01	-5.20411e+01	-4.92752e+01		         0.14167	9.00000e+00	
1.46041   	-3.49538e+01	-5.01797e+01	-5.06395e+01		         0.14333	9.00000e+00	
1.47764   	-3.43964e+01	-4.84896e+01	-4.75010e+01		         0.14500	1.00000e+01	
1.49437   	-3.33193e+01	-4.70960e+01	-4.26019e+01		         0.14667	1.00000e+01	
1.51135   	-3.26075e+01	-4.45191e+01	-4.30119e+01		         0.14833	1.10000e+01	
1.52833   	-3.24952e+01	-4.28545e+01	-4.10365e+01		         0.15000	1.10000e+01	
1.54531   	-3.18216e+01	-4.06607e+01	-3.77959e+01		         0.15167	1.20000e+01	
1.56229   	-3.17391e+01	-3.94340e+01	-3.44494e+01		         0.15333	1.20000e+01	
1.57927   	-3.15818e+01	-3.95045e+01	-3.58736e+01		         0.15500	1.30000e+01	
1.59625   	-3.20355e+01	-3.56790e+01	-3.48469e+01		         0.15667	1.30000e+01	
1.61323   	-3.18022e+01	-3.39225e+01	-3.38516e+01		         0.15833	1.40000e+01	
1.63021   	-3.15341e+01	-3.44797e+01	-3.49188e+01		         0.16000	1.40000e+01	
1.64719   	-3.13389e+01	-3.45602e+01	-3.65330e+01		         0.16167	1.50000e+01	
1.66417   	-3.13164e+01	-3.50925e+01	-3.79892e+01		         0.16333	1.50000e+01	
1.68115   	-3.11979e+01	-3.57138e+01	-3.99716e+01		         0.16500	1.60000e+01	
1.69813   	-3.10136e+01	-3.59502e+01	-4.07792e+01		         0.16667	1.70000e+01	
1.71511   	-3.09297e+01	-3.61344e+01	-4.14416e+01		         0.16833	1.70000e+01	
1.73209   	-3.10429e+01	-3.60611e+01	-4.14247e+01		         0.17000	1.80000e+01	
1.74907   	-3.11535e+01	-3.61219e+01	-4.34616e+01		         0.17167	1.90000e+01	
1.76605   	-3.13054e+01	-3.62022e+01	-4.26763e+01		         0.17333	2.00000e+01	
1.78303   	-3.14158e+01	-3.69582e+01	-4.10204e+01		         0.17500	2.10000e+01	
1.80001   	-3.14052e+01	-3.74021e+01	-4.20189e+01		         0.17667	2.20000e+01	
1.81699   	-3.14094e+01	-3.84311e+01	-4.28411e+01		         0.17833	2.30000e+01	
1.83397   	-3.14841e+01	-3.71738e+01	-4.30681e+01		         0.18000	2.40000e+01	
1.85095   	-3.12837e+01	-3.79927e+01	-4.25423e+01		         0.18167	2.50000e+01	
1.86793   	-3.08177e+01	-3.83826e+01	-4.27111e+01		         0.18333	2.60000e+01	
1.88491   	-3.04018e+01	-3.81557e+01	-4.50122e+01		         0.18500	2.60000e+01	
1.90189   	-3.04260e+01	-3.74883e+01	-4.25243e+01		         0.18667	2.70000e+01	
1.91887   	-3.05537e+01	-3.97563e+01	-3.80978e+01		         0.18833	2.80000e+01	
1.93585   	-3.08439e+01	-4.19809e+01	-3.56947e+01		         0.19000	2.90000e+01	
1.95283   	-3.10773e+01	-4.14831e+01	-3.47871e+01		         0.19167	3.00000e+01	
1.96981   	-3.09219e+01	-4.01774e+01	-3.39369e+01		         0.19333	3.10000e+01	
1.98679   	-3.04753e+01	-4.09196e+01	-3.33937e+01		         0.19500	3.20000e+01	
2.00377   	-3.06821e+01	-4.14102e+01	-3.38481e+01		         0.19667	3.30000e+01	
2.02075   	-3.09408e+01	-4.14102e+01	-3.06190e+01		         0.19833	3.40000e+01	
2.03773   	-3.14870e+01	-4.02826e+01	-2.89902e+01		         0.20000	3.50000e+01	
2.05471   	-3.12817e+01	-3.87372e+01	-2.81749e+01		         0.20167	3.70000e+01	
2.07169   	-3.12565e+01	-3.73978e+01	-2.99607e+01		         0.20333	3.80000e+01	
2.08867   	-3.14742e+01	-3.86765e+01	-2.86595e+01		         0.20500	4.00000e+01	
2.10565   	-3.17893e+01	-4.17525e+01	-2.67492e+01		         0.20667	4.20000e+01	
2.12263   	-3.23754e+01	-4.05008e+01	-2.76374e+01		         0.20833	4.40000e+01	
2.13961   	-3.22288e+01	-4.20046e+01	-2.73686e+01		         0.21000	4.60000e+01	
2.15659   	-3.25748e+01	-4.19354e+01	-2.65874e+01		         0.21167	4.80000e+01	
2.17357   	-3.26438e+01	-4.47021e+01	-2.70243e+01		         0.21333	5.00000e+01	
2.19055   	-3.37592e+01	-4.73581e+01	-2.88014e+01		         0.21500	5.30000e+01	
2.20753   	-3.51345e+01	-4.98076e+01	-3.01788e+01		         0.21667	5.50000e+01	
2.22483   	-3.60283e+01	-4.94285e+01	-3.22399e+01		         0.21833	5.80000e+01	
2.24149   	-3.73399e+01	-5.02111e+01	-3.41775e+01		         0.22000	6.00000e+01	
2.25847   	-3.83698e+01	-5.07614e+01	-3.67828e+01		         0.22167	6.30000e+01	
2.27545   	-3.76744e+01	-5.03419e+01	-3.87981e+01		         0.22333	6.50000e+01	
2.29243   	-3.71738e+01	-5.12742e+01	-3.89460e+01		         0.22500	6.80000e+01	
2.30941   	-3.72177e+01	-4.98861e+01	-3.88049e+01		         0.22667	7.00000e+01	
2.32639   	-3.70293e+01	-4.93191e+01	-4.08674e+01		         0.22833	7.30000e+01	
2.34337   	-3.67987e+01	-4.90640e+01	-4.29160e+01		         0.23000	7.50000e+01	
2.36036   	-3.68933e+01	-5.06969e+01	-4.35509e+01		         0.23167	7.70000e+01	
2.37733   	-3.68747e+01	-5.07600e+01	-4.34205e+01		         0.23333	7.90000e+01	
2.39431   	-3.59417e+01	-5.05726e+01	-4.18085e+01		         0.23500	8.10000e+01	
2.41129   	-3.64405e+01	-5.02488e+01	-4.10624e+01		         0.23667	8.30000e+01	
2.42827   	-3.70475e+01	-4.97067e+01	-4.15122e+01		         0.23833	8.40000e+01	
2.44525   	-3.88320e+01	-5.02599e+01	-4.26867e+01		         0.24000	8.60000e+01	
2.46222   	-4.10250e+01	-5.03623e+01	-4.65176e+01		         0.24167	8.70000e+01	
2.47922   	-4.36251e+01	-4.95128e+01	-5.05627e+01		         0.24333	8.80000e+01	
2.49619   	-4.36465e+01	-4.99674e+01	-4.87582e+01		         0.24500	8.90000e+01	
2.51317   	-4.38776e+01	-4.94760e+01	-4.92094e+01		         0.24667	8.90000e+01	
2.53015   	-4.27317e+01	-4.98036e+01	-4.70890e+01		         0.24833	9.00000e+01	
2.54713   	-3.95253e+01	-5.03730e+01	-4.69430e+01		         0.25000	9.00000e+01	
2.56411   	-3.79110e+01	-5.09172e+01	-4.60436e+01		         0.25167	9.00000e+01	
2.58109   	-3.67400e+01	-4.88694e+01	-4.48622e+01		         0.25333	8.90000e+01	
2.59808   	-3.46711e+01	-4.68055e+01	-4.13954e+01		         0.25500	8.90000e+01	
2.61505   	-3.39014e+01	-4.45607e+01	-4.00893e+01		         0.25667	8.80000e+01	
2.63203   	-3.33111e+01	-4.26641e+01	-4.29616e+01		         0.25833	8.70000e+01	
2.64901   	-3.31383e+01	-4.08139e+01	-4.72237e+01		         0.26000	8.60000e+01	
2.66599   	-3.28663e+01	-4.04639e+01	-4.91870e+01		         0.26167	8.50000e+01	
2.68297   	-3.25651e+01	-3.96508e+01	-4.97150e+01		         0.26333	8.30000e+01	
2.69995   	-3.25090e+01	-3.90993e+01	-4.95205e+01		         0.26500	8.10000e+01	
2.71693   	-3.23707e+01	-3.90536e+01	-4.90290e+01		         0.26667	7.90000e+01	
2.73391   	-3.22901e+01	-3.90718e+01	-4.83974e+01		         0.26833	7.70000e+01	
2.75089   	-3.22793e+01	-3.90474e+01	-4.87950e+01		         0.27000	7.40000e+01	
2.76787   	-3.22114e+01	-3.92386e+01	-4.80183e+01		         0.27167	7.20000e+01	
2.78485   	-3.22461e+01	-3.91775e+01	-4.77230e+01		         0.27333	6.90000e+01	
2.80183   	-3.21681e+01	-3.87007e+01	-4.74032e+01		         0.27500	6.50000e+01	
2.81881   	-3.20101e+01	-3.74991e+01	-4.66299e+01		         0.27667	6.20000e+01	
2.83579   	-3.18469e+01	-3.75281e+01	-4.57199e+01		         0.27833	5.80000e+01	
2.85277   	-3.17201e+01	-3.74268e+01	-4.45257e+01		         0.28000	5.40000e+01	
2.86975   	-3.16319e+01	-3.85719e+01	-4.43121e+01		         0.28167	5.00000e+01	
2.88673   	-3.16079e+01	-3.99995e+01	-4.47578e+01		         0.28333	4.60000e+01	
2.90371   	-3.11570e+01	-4.00398e+01	-4.22217e+01		         0.28500	4.20000e+01	
2.92069   	-3.09302e+01	-3.92321e+01	-4.24971e+01		         0.28667	3.70000e+01	
2.93767   	-3.03788e+01	-4.02450e+01	-4.35132e+01		         0.28833	3.30000e+01	
2.95465   	-2.99324e+01	-4.15008e+01	-3.99869e+01		         0.29000	2.90000e+01	
2.97184   	-3.03651e+01	-4.35910e+01	-3.64292e+01		         0.29167	2.40000e+01	
2.98861   	-3.08637e+01	-4.23483e+01	-3.48923e+01		         0.29333	2.00000e+01	
3.00559   	-3.09862e+01	-4.20767e+01	-3.36355e+01		         0.29500	1.60000e+01	
3.02257   	-3.13040e+01	-4.27750e+01	-3.29575e+01		         0.29667	1.10000e+01	
3.03955   	-3.17119e+01	-4.22726e+01	-3.22802e+01		         0.29833	7.00000e+00	
3.05653   	-3.16831e+01	-4.29529e+01	-2.93491e+01		         0.30000	3.00000e+00	
					         0.30167	0.00000e+00	
					         0.30333	-4.00000e+00	
					         0.30500	-7.00000e+00	
					         0.30667	-1.10000e+01	
					         0.30833	-1.40000e+01	
					         0.31000	-1.70000e+01	
					         0.31167	-2.00000e+01	
					         0.31333	-2.30000e+01	
					         0.31500	-2.60000e+01	
					         0.31667	-2.80000e+01	
					         0.31833	-3.10000e+01	
					         0.32000	-3.30000e+01	
					         0.32167	-3.50000e+01	
					         0.32333	-3.70000e+01	
					         0.32500	-3.90000e+01	
					         0.32667	-4.00000e+01	
					         0.32833	-4.20000e+01	
					         0.33000	-4.30000e+01	
					         0.33167	-4.40000e+01	
					         0.33333	-4.60000e+01	
					         0.33500	-4.70000e+01	
					         0.33667	-4.70000e+01	
					         0.33833	-4.80000e+01	
					         0.34000	-4.90000e+01	
					         0.34167	-4.90000e+01	
					         0.34333	-4.90000e+01	
					         0.34500	-4.90000e+01	
					         0.34667	-4.90000e+01	
					         0.34833	-4.90000e+01	
					         0.35000	-4.90000e+01	
					         0.35167	-4.90000e+01	
					         0.35333	-4.80000e+01	
					         0.35500	-4.80000e+01	
					         0.35667	-4.70000e+01	
					         0.35833	-4.70000e+01	
					         0.36000	-4.60000e+01	
					         0.36167	-4.60000e+01	
					         0.36333	-4.50000e+01	
					         0.36500	-4.40000e+01	
					         0.36667	-4.40000e+01	
					         0.36833	-4.30000e+01	
					         0.37000	-4.30000e+01	
					         0.37167	-4.20000e+01	
					         0.37333	-4.20000e+01	
					         0.37500	-4.20000e+01	
					         0.37667	-4.20000e+01	
					         0.37833	-4.20000e+01	
					         0.38000	-4.20000e+01	
					         0.38167	-4.20000e+01	
					         0.38333	-4.20000e+01	
					         0.38500	-4.30000e+01	
					         0.38667	-4.30000e+01	
					         0.38833	-4.40000e+01	
					         0.39000	-4.40000e+01	
					         0.39167	-4.40000e+01	
					         0.39333	-4.40000e+01	
					         0.39500	-4.40000e+01	
					         0.39667	-4.40000e+01	
					         0.39833	-4.30000e+01	
					         0.40000	-4.30000e+01	
					         0.40167	-4.20000e+01	
					         0.40333	-4.10000e+01	
					         0.40500	-4.00000e+01	
					         0.40667	-3.90000e+01	
					         0.40833	-3.80000e+01	
					         0.41000	-3.70000e+01	
					         0.41167	-3.50000e+01	
					         0.41333	-3.40000e+01	
					         0.41500	-3.30000e+01	
					         0.41667	-3.20000e+01	
					         0.41833	-3.20000e+01	
					         0.42000	-3.10000e+01	
					         0.42167	-3.00000e+01	
					         0.42333	-2.90000e+01	
					         0.42500	-2.80000e+01	
					         0.42667	-2.80000e+01	
					         0.42833	-2.70000e+01	
					         0.43000	-2.60000e+01	
					         0.43167	-2.50000e+01	
					         0.43333	-2.40000e+01	
					         0.43500	-2.30000e+01	
					         0.43667	-2.20000e+01	
					         0.43833	-2.10000e+01	
					         0.44000	-2.00000e+01	
					         0.44167	-1.90000e+01	
					         0.44333	-1.90000e+01	
					         0.44500	-1.80000e+01	
					         0.44667	-1.80000e+01	
					         0.44833	-1.70000e+01	
					         0.45000	-1.70000e+01	
					         0.45167	-1.60000e+01	
					         0.45333	-1.60000e+01	
					         0.45500	-1.50000e+01	
					         0.45667	-1.50000e+01	
					         0.45833	-1.40000e+01	
					         0.46000	-1.30000e+01	
					         0.46167	-1.20000e+01	
					         0.46333	-1.10000e+01	
					         0.46500	-1.00000e+01	
					         0.46667	-9.00000e+00	
					         0.46833	-8.00000e+00	
					         0.47000	-7.00000e+00	
					         0.47167	-6.00000e+00	
					         0.47333	-5.00000e+00	
					         0.47500	-4.00000e+00	
					         0.47667	-3.00000e+00	
					         0.47833	-3.00000e+00	
					         0.48000	-3.00000e+00	
					         0.48167	-3.00000e+00	
					         0.48333	-3.00000e+00	
					         0.48500	-3.00000e+00	
					         0.48667	-3.00000e+00	
					         0.48833	-3.00000e+00	
					         0.49000	-4.00000e+00	
					         0.49167	-4.00000e+00	
					         0.49333	-4.00000e+00	
					         0.49500	-4.00000e+00	
					         0.49667	-4.00000e+00	
					         0.49833	-4.00000e+00	
					         0.50000	-4.00000e+00	
					         0.50167	-4.00000e+00	
					         0.50333	-4.00000e+00	
					         0.50500	-4.00000e+00	
					         0.50667	-4.00000e+00	
					         0.50833	-4.00000e+00	
					         0.51000	-4.00000e+00	
					         0.51167	-4.00000e+00	
					         0.51333	-4.00000e+00	
					         0.51500	-4.00000e+00	
					         0.51667	-4.00000e+00	
					         0.51833	-4.00000e+00	
					         0.52000	-4.00000e+00	
					         0.52167	-5.00000e+00	
					         0.52333	-5.00000e+00	
					         0.52500	-5.00000e+00	
					         0.52667	-6.00000e+00	
					         0.52833	-6.00000e+00	
					         0.53000	-7.00000e+00	
					         0.53167	-8.00000e+00	
					         0.53333	-9.00000e+00	
					         0.53500	-1.00000e+01	
					         0.53667	-1.00000e+01	
					         0.53833	-1.10000e+01	
					         0.54000	-1.20000e+01	
					         0.54167	-1.30000e+01	
					         0.54333	-1.30000e+01	
					         0.54500	-1.40000e+01	
					         0.54667	-1.50000e+01	
					         0.54833	-1.50000e+01	
					         0.55000	-1.60000e+01	
					         0.55167	-1.60000e+01	
					         0.55333	-1.60000e+01	
					         0.55500	-1.70000e+01	
					         0.55667	-1.70000e+01	
					         0.55833	-1.70000e+01	
					         0.56000	-1.70000e+01	
					         0.56167	-1.70000e+01	
					         0.56333	-1.70000e+01	
					         0.56500	-1.70000e+01	
					         0.56667	-1.70000e+01	
					         0.56833	-1.70000e+01	
					         0.57000	-1.60000e+01	
					         0.57167	-1.60000e+01	
					         0.57333	-1.60000e+01	
					         0.57500	-1.50000e+01	
					         0.57667	-1.50000e+01	
					         0.57833	-1.40000e+01	
					         0.58000	-1.40000e+01	
					         0.58167	-1.30000e+01	
					         0.58333	-1.30000e+01	
					         0.58500	-1.30000e+01	
					         0.58667	-1.30000e+01	
					         0.58833	-1.20000e+01	
					         0.59000	-1.20000e+01	
					         0.59167	-1.20000e+01	
					         0.59333	-1.20000e+01	
					         0.59500	-1.20000e+01	
					         0.59667	-1.20000e+01	
					         0.59833	-1.20000e+01	
					         0.60000	-1.10000e+01	
					         0.60167	-1.10000e+01	
					         0.60333	-1.10000e+01	
					         0.60500	-1.10000e+01	
					         0.60667	-1.20000e+01	
					         0.60833	-1.20000e+01	
					         0.61000	-1.20000e+01	
					         0.61167	-1.20000e+01	
					         0.61333	-1.20000e+01	
					         0.61500	-1.30000e+01	
					         0.61667	-1.30000e+01	
					         0.61833	-1.30000e+01	
					         0.62000	-1.40000e+01	
					         0.62167	-1.40000e+01	
					         0.62333	-1.40000e+01	
					         0.62500	-1.40000e+01	
					         0.62667	-1.40000e+01	
					         0.62833	-1.40000e+01	
					         0.63000	-1.30000e+01	
					         0.63167	-1.30000e+01	
					         0.63333	-1.20000e+01	
					         0.63500	-1.20000e+01	
					         0.63667	-1.10000e+01	
					         0.63833	-1.10000e+01	
					         0.64000	-1.00000e+01	
					         0.64167	-1.00000e+01	
					         0.64333	-9.00000e+00	
					         0.64500	-9.00000e+00	
					         0.64667	-8.00000e+00	
					         0.64833	-8.00000e+00	
					         0.65000	-7.00000e+00	
					         0.65167	-7.00000e+00	
					         0.65333	-7.00000e+00	
					         0.65500	-6.00000e+00	
					         0.65667	-6.00000e+00	
					         0.65833	-6.00000e+00	
					         0.66000	-6.00000e+00	
					         0.66167	-6.00000e+00	
					         0.66333	-6.00000e+00	
					         0.66500	-6.00000e+00	
					         0.66667	-6.00000e+00	
					         0.66833	-6.00000e+00	
					         0.67000	-6.00000e+00	
					         0.67167	-6.00000e+00	
					         0.67333	-6.00000e+00	
					         0.67500	-6.00000e+00	
					         0.67667	-6.00000e+00	
					         0.67833	-6.00000e+00	
					         0.68000	-6.00000e+00	
					         0.68167	-6.00000e+00	
					         0.68333	-5.00000e+00	
					         0.68500	-5.00000e+00	
					         0.68667	-5.00000e+00	
					         0.68833	-4.00000e+00	
					         0.69000	-4.00000e+00	
					         0.69167	-4.00000e+00	
					         0.69333	-3.00000e+00	
					         0.69500	-3.00000e+00	
					         0.69667	-3.00000e+00	
					         0.69833	-2.00000e+00	
					         0.70000	-2.00000e+00	
					         0.70167	-2.00000e+00	
					         0.70333	-1.00000e+00	
					         0.70500	-1.00000e+00	
					         0.70667	-1.00000e+00	
					         0.70833	-1.00000e+00	
					         0.71000	-1.00000e+00	
					         0.71167	-1.00000e+00	
					         0.71333	-1.00000e+00	
					         0.71500	-1.00000e+00	
					         0.71667	-2.00000e+00	
					         0.71833	-2.00000e+00	
					         0.72000	-2.00000e+00	
					         0.72167	-3.00000e+00	
					         0.72333	-3.00000e+00	
					         0.72500	-4.00000e+00	
					         0.72667	-4.00000e+00	
					         0.72833	-5.00000e+00	
					         0.73000	-5.00000e+00	
					         0.73167	-5.00000e+00	
					         0.73333	-5.00000e+00	
					         0.73500	-6.00000e+00	
					         0.73667	-6.00000e+00	
					         0.73833	-6.00000e+00	
					         0.74000	-5.00000e+00	
					         0.74167	-5.00000e+00	
					         0.74333	-5.00000e+00	
					         0.74500	-5.00000e+00	
					         0.74667	-4.00000e+00	
					         0.74833	-4.00000e+00	
					         0.75000	-4.00000e+00	
					         0.75167	-4.00000e+00	
					         0.75333	-4.00000e+00	
					         0.75500	-3.00000e+00	
					         0.75667	-3.00000e+00	
					         0.75833	-3.00000e+00	
					         0.76000	-2.00000e+00	
					         0.76167	-1.00000e+00	
					         0.76333	0.00000e+00	
					         0.76500	1.00000e+00	
					         0.76667	3.00000e+00	
					         0.76833	5.00000e+00	
					         0.77000	6.00000e+00	
					         0.77167	8.00000e+00	
					         0.77333	1.00000e+01	
					         0.77500	1.20000e+01	
					         0.77667	1.40000e+01	
					         0.77833	1.60000e+01	
					         0.78000	1.70000e+01	
					         0.78167	1.80000e+01	
					         0.78333	1.90000e+01	
					         0.78500	2.00000e+01	
					         0.78667	2.10000e+01	
					         0.78833	2.20000e+01	
					         0.79000	2.20000e+01	
					         0.79167	2.30000e+01	
					         0.79333	2.40000e+01	
					         0.79500	2.40000e+01	
					         0.79667	2.50000e+01	
					         0.79833	2.50000e+01	
					         0.80000	2.50000e+01	
					         0.80167	2.60000e+01	
					         0.80333	2.50000e+01	
					         0.80500	2.50000e+01	
					         0.80667	2.40000e+01	
					         0.80833	2.20000e+01	
					         0.81000	2.10000e+01	
					         0.81167	1.80000e+01	
					         0.81333	1.60000e+01	
					         0.81500	1.30000e+01	
					         0.81667	1.00000e+01	
					         0.81833	7.00000e+00	
					         0.82000	4.00000e+00	
					         0.82167	1.00000e+00	
					         0.82333	-2.00000e+00	
					         0.82500	-4.00000e+00	
					         0.82667	-6.00000e+00	
					         0.82833	-8.00000e+00	
					         0.83000	-9.00000e+00	
					         0.83167	-1.00000e+01	
					         0.83333	-1.00000e+01	
					         0.83500	-1.00000e+01	
					         0.83667	-1.00000e+01	
					         0.83833	-9.00000e+00	
					         0.84000	-9.00000e+00	
					         0.84167	-9.00000e+00	
					         0.84333	-1.00000e+01	
					         0.84500	-1.10000e+01	
					         0.84667	-1.20000e+01	
					         0.84833	-1.30000e+01	
					         0.85000	-1.60000e+01	
					         0.85167	-1.80000e+01	
					         0.85333	-2.10000e+01	
					         0.85500	-2.40000e+01	
					         0.85667	-2.60000e+01	
					         0.85833	-2.90000e+01	
					         0.86000	-3.10000e+01	
					         0.86167	-3.30000e+01	
					         0.86333	-3.50000e+01	
					         0.86500	-3.60000e+01	
					         0.86667	-3.70000e+01	
					         0.86833	-3.80000e+01	
					         0.87000	-3.80000e+01	
					         0.87167	-3.80000e+01	
					         0.87333	-3.80000e+01	
					         0.87500	-3.70000e+01	
					         0.87667	-3.60000e+01	
					         0.87833	-3.50000e+01	
					         0.88000	-3.40000e+01	
					         0.88167	-3.30000e+01	
					         0.88333	-3.20000e+01	
					         0.88500	-3.10000e+01	
					         0.88667	-2.90000e+01	
					         0.88833	-2.80000e+01	
					         0.89000	-2.70000e+01	
					         0.89167	-2.50000e+01	
					         0.89333	-2.40000e+01	
					         0.89500	-2.30000e+01	
					         0.89667	-2.20000e+01	
					         0.89833	-2.00000e+01	
					         0.90000	-1.90000e+01	
					         0.90167	-1.80000e+01	
					         0.90333	-1.70000e+01	
					         0.90500	-1.60000e+01	
					         0.90667	-1.50000e+01	
					         0.90833	-1.40000e+01	
					         0.91000	-1.30000e+01	
					         0.91167	-1.20000e+01	
					         0.91333	-1.10000e+01	
					         0.91500	-1.00000e+01	
					         0.91667	-9.00000e+00	
					         0.91833	-7.00000e+00	
					         0.92000	-6.00000e+00	
					         0.92167	-4.00000e+00	
					         0.92333	-2.00000e+00	
					         0.92500	1.00000e+00	
					         0.92667	5.00000e+00	
					         0.92833	9.00000e+00	
					         0.93000	1.50000e+01	
					         0.93167	2.10000e+01	
					         0.93333	2.90000e+01	
					         0.93500	3.70000e+01	
					         0.93667	4.60000e+01	
					         0.93833	5.60000e+01	
					         0.94000	6.70000e+01	
					         0.94167	7.80000e+01	
					         0.94333	9.10000e+01	
					         0.94500	1.04000e+02	
					         0.94667	1.17000e+02	
					         0.94833	1.31000e+02	
					         0.95000	1.45000e+02	
					         0.95167	1.59000e+02	
					         0.95333	1.72000e+02	
					         0.95500	1.85000e+02	
					         0.95667	1.97000e+02	
					         0.95833	2.08000e+02	
					         0.96000	2.16000e+02	
					         0.96167	2.22000e+02	
					         0.96333	2.23000e+02	
					         0.96500	2.21000e+02	
					         0.96667	2.13000e+02	
					         0.96833	2.01000e+02	
					         0.97000	1.83000e+02	
					         0.97167	1.60000e+02	
					         0.97333	1.31000e+02	
					         0.97500	9.90000e+01	
					         0.97667	6.30000e+01	
					         0.97833	2.40000e+01	
					         0.98000	-1.60000e+01	
					         0.98167	-5.60000e+01	
					         0.98333	-9.50000e+01	
					         0.98500	-1.32000e+02	
					         0.98667	-1.67000e+02	
					         0.98833	-1.97000e+02	
					         0.99000	-2.22000e+02	
					         0.99167	-2.42000e+02	
					         0.99333	-2.56000e+02	
					         0.99500	-2.65000e+02	
					         0.99667	-2.68000e+02	
					         0.99833	-2.66000e+02	
					         1.00000	-2.59000e+02	
					         1.00167	-2.49000e+02	
					         1.00333	-2.35000e+02	
					         1.00500	-2.18000e+02	
					         1.00667	-1.99000e+02	
					         1.00833	-1.79000e+02	
					         1.01000	-1.58000e+02	
					         1.01167	-1.38000e+02	
					         1.01333	-1.18000e+02	
					         1.01500	-1.00000e+02	
					         1.01667	-8.30000e+01	
					         1.01833	-6.70000e+01	
					         1.02000	-5.40000e+01	
					         1.02167	-4.20000e+01	
					         1.02333	-3.30000e+01	
					         1.02500	-2.40000e+01	
					         1.02667	-1.80000e+01	
					         1.02833	-1.20000e+01	
					         1.03000	-8.00000e+00	
					         1.03167	-5.00000e+00	
					         1.03333	-3.00000e+00	
					         1.03500	-1.00000e+00	
					         1.03667	0.00000e+00	
					         1.03833	1.00000e+00	
					         1.04000	1.00000e+00	
					         1.04167	1.00000e+00	
					         1.04333	1.00000e+00	
					         1.04500	1.00000e+00	
					         1.04667	1.00000e+00	
					         1.04833	1.00000e+00	
					         1.05000	1.00000e+00	
					         1.05167	0.00000e+00	
					         1.05333	0.00000e+00	
					         1.05500	0.00000e+00	
					         1.05667	1.00000e+00	
					         1.05833	1.00000e+00	
					         1.06000	1.00000e+00	
					         1.06167	2.00000e+00	
					         1.06333	2.00000e+00	
					         1.06500	3.00000e+00	
					         1.06667	3.00000e+00	
					         1.06833	3.00000e+00	
					         1.07000	4.00000e+00	
					         1.07167	4.00000e+00	
					         1.07333	5.00000e+00	
					         1.07500	5.00000e+00	
					         1.07667	5.00000e+00	
					         1.07833	6.00000e+00	
					         1.08000	6.00000e+00	
					         1.08167	6.00000e+00	
					         1.08333	7.00000e+00	
					         1.08500	7.00000e+00	
					         1.08667	8.00000e+00	
					         1.08833	8.00000e+00	
					         1.09000	8.00000e+00	
					         1.09167	9.00000e+00	
					         1.09333	9.00000e+00	
					         1.09500	9.00000e+00	
					         1.09667	1.00000e+01	
					         1.09833	1.00000e+01	
					         1.10000	1.00000e+01	
					         1.10167	1.10000e+01	
					         1.10333	1.10000e+01	
					         1.10500	1.10000e+01	
					         1.10667	1.20000e+01	
					         1.10833	1.20000e+01	
					         1.11000	1.30000e+01	
					         1.11167	1.30000e+01	
					         1.11333	1.40000e+01	
					         1.11500	1.40000e+01	
					         1.11667	1.50000e+01	
					         1.11833	1.50000e+01	
					         1.12000	1.60000e+01	
					         1.12167	1.60000e+01	
					         1.12333	1.70000e+01	
					         1.12500	1.70000e+01	
					         1.12667	1.80000e+01	
					         1.12833	1.90000e+01	
					         1.13000	1.90000e+01	
					         1.13167	2.00000e+01	
					         1.13333	2.10000e+01	
					         1.13500	2.10000e+01	
					         1.13667	2.20000e+01	
					         1.13833	2.30000e+01	
					         1.14000	2.30000e+01	
					         1.14167	2.40000e+01	
					         1.14333	2.40000e+01	
					         1.14500	2.40000e+01	
					         1.14667	2.50000e+01	
					         1.14833	2.50000e+01	
					         1.15000	2.50000e+01	
					         1.15167	2.60000e+01	
					         1.15333	2.60000e+01	
					         1.15500	2.60000e+01	
					         1.15667	2.60000e+01	
					         1.15833	2.60000e+01	
					         1.16000	2.70000e+01	
					         1.16167	2.70000e+01	
					         1.16333	2.70000e+01	
					         1.16500	2.80000e+01	
					         1.16667	2.90000e+01	
					         1.16833	2.90000e+01	
					         1.17000	3.00000e+01	
					         1.17167	3.10000e+01	
					         1.17333	3.30000e+01	
					         1.17500	3.40000e+01	
					         1.17667	3.60000e+01	
					         1.17833	3.80000e+01	
					         1.18000	4.00000e+01	
					         1.18167	4.20000e+01	
					         1.18333	4.40000e+01	
					         1.18500	4.60000e+01	
					         1.18667	4.90000e+01	
					         1.18833	5.10000e+01	
					         1.19000	5.40000e+01	
					         1.19167	5.60000e+01	
					         1.19333	5.90000e+01	
					         1.19500	6.20000e+01	
					         1.19667	6.50000e+01	
					         1.19833	6.80000e+01	
					         1.20000	7.10000e+01	
					         1.20167	7.40000e+01	
					         1.20333	7.70000e+01	
					         1.20500	8.00000e+01	
					         1.20667	8.20000e+01	
					         1.20833	8.50000e+01	
					         1.21000	8.70000e+01	
					         1.21167	8.90000e+01	
					         1.21333	9.10000e+01	
					         1.21500	9.30000e+01	
					         1.21667	9.40000e+01	
					         1.21833	9.50000e+01	
					         1.22000	9.60000e+01	
					         1.22167	9.70000e+01	
					         1.22333	9.80000e+01	
					         1.22500	9.80000e+01	
					         1.22667	9.80000e+01	
					         1.22833	9.80000e+01	
					         1.23000	9.70000e+01	
					         1.23167	9.70000e+01	
					         1.23333	9.60000e+01	
					         1.23500	9.50000e+01	
					         1.23667	9.40000e+01	
					         1.23833	9.20000e+01	
					         1.24000	9.10000e+01	
					         1.24167	8.90000e+01	
					         1.24333	8.60000e+01	
					         1.24500	8.40000e+01	
					         1.24667	8.10000e+01	
					         1.24833	7.80000e+01	
					         1.25000	7.50000e+01	
					         1.25167	7.10000e+01	
					         1.25333	6.80000e+01	
					         1.25500	6.40000e+01	
					         1.25667	6.00000e+01	
					         1.25833	5.50000e+01	
					         1.26000	5.10000e+01	
					         1.26167	4.60000e+01	
					         1.26333	4.10000e+01	
					         1.26500	3.60000e+01	
					         1.26667	3.10000e+01	
					         1.26833	2.50000e+01	
					         1.27000	2.00000e+01	
					         1.27167	1.40000e+01	
					         1.27333	9.00000e+00	
					         1.27500	4.00000e+00	
					         1.27667	-1.00000e+00	
					         1.27833	-6.00000e+00	
					         1.28000	-1.10000e+01	
					         1.28167	-1.50000e+01	
					         1.28333	-2.00000e+01	
					         1.28500	-2.40000e+01	
					         1.28667	-2.70000e+01	
					         1.28833	-3.00000e+01	
					         1.29000	-3.40000e+01	
					         1.29167	-3.60000e+01	
					         1.29333	-3.90000e+01	
					         1.29500	-4.10000e+01	
					         1.29667	-4.30000e+01	
					         1.29833	-4.50000e+01	
					         1.30000	-4.70000e+01	
					         1.30167	-4.80000e+01	
					         1.30333	-4.90000e+01	
					         1.30500	-5.10000e+01	
					         1.30667	-5.20000e+01	
					         1.30833	-5.20000e+01	
					         1.31000	-5.30000e+01	
					         1.31167	-5.40000e+01	
					         1.31333	-5.50000e+01	
					         1.31500	-5.50000e+01	
					         1.31667	-5.60000e+01	
					         1.31833	-5.60000e+01	
					         1.32000	-5.70000e+01	
					         1.32167	-5.70000e+01	
					         1.32333	-5.80000e+01	
					         1.32500	-5.80000e+01	
					         1.32667	-5.80000e+01	
					         1.32833	-5.80000e+01	
					         1.33000	-5.80000e+01	
					         1.33167	-5.80000e+01	
					         1.33333	-5.70000e+01	
					         1.33500	-5.60000e+01	
					         1.33667	-5.60000e+01	
					         1.33833	-5.50000e+01	
					         1.34000	-5.40000e+01	
					         1.34167	-5.20000e+01	
					         1.34333	-5.10000e+01	
					         1.34500	-5.00000e+01	
					         1.34667	-4.90000e+01	
					         1.34833	-4.70000e+01	
					         1.35000	-4.60000e+01	
					         1.35167	-4.40000e+01	
					         1.35333	-4.30000e+01	
					         1.35500	-4.20000e+01	
					         1.35667	-4.10000e+01	
					         1.35833	-4.00000e+01	
					         1.36000	-3.90000e+01	
					         1.36167	-3.80000e+01	
					         1.36333	-3.70000e+01	
					         1.36500	-3.60000e+01	
					         1.36667	-3.50000e+01	
					         1.36833	-3.40000e+01	
					         1.37000	-3.40000e+01	
					         1.37167	-3.30000e+01	
					         1.37333	-3.30000e+01	
					         1.37500	-3.20000e+01	
					         1.37667	-3.20000e+01	
					         1.37833	-3.20000e+01	
					         1.38000	-3.20000e+01	
					         1.38167	-3.20000e+01	
					         1.38333	-3.20000e+01	
					         1.38500	-3.20000e+01	
					         1.38667	-3.10000e+01	
					         1.38833	-3.10000e+01	
					         1.39000	-3.10000e+01	
					         1.39167	-3.00000e+01	
					         1.39333	-3.00000e+01	
					         1.39500	-2.90000e+01	
					         1.39667	-2.80000e+01	
					         1.39833	-2.70000e+01	
					         1.40000	-2.60000e+01	
					         1.40167	-2.50000e+01	
					         1.40333	-2.40000e+01	
					         1.40500	-2.30000e+01	
					         1.40667	-2.20000e+01	
					         1.40833	-2.10000e+01	
					         1.41000	-2.00000e+01	
					         1.41167	-2.00000e+01	
					         1.41333	-1.90000e+01	
					         1.41500	-1.80000e+01	
					         1.41667	-1.70000e+01	
					         1.41833	-1.60000e+01	
					         1.42000	-1.50000e+01	
					         1.42167	-1.50000e+01	
					         1.42333	-1.40000e+01	
					         1.42500	-1.40000e+01	
					         1.42667	-1.30000e+01	
					         1.42833	-1.30000e+01	
					         1.43000	-1.20000e+01	
					         1.43167	-1.10000e+01	
					         1.43333	-1.10000e+01	
					         1.43500	-1.00000e+01	
					         1.43667	-1.00000e+01	
					         1.43833	-9.00000e+00	
					         1.44000	-9.00000e+00	
					         1.44167	-8.00000e+00	
					         1.44333	-7.00000e+00	
					         1.44500	-7.00000e+00	
					         1.44667	-7.00000e+00	
					         1.44833	-6.00000e+00	
					         1.45000	-6.00000e+00	
					         1.45167	-6.00000e+00	
					         1.45333	-6.00000e+00	
					         1.45500	-6.00000e+00	
					         1.45667	-6.00000e+00	
					         1.45833	-5.00000e+00	
					         1.46000	-5.00000e+00	
					         1.46167	-5.00000e+00	
					         1.46333	-5.00000e+00	
					         1.46500	-5.00000e+00	
					         1.46667	-4.00000e+00	
					         1.46833	-4.00000e+00	
					         1.47000	-4.00000e+00	
					         1.47167	-4.00000e+00	
					         1.47333	-4.00000e+00	
					         1.47500	-4.00000e+00	
					         1.47667	-4.00000e+00	
					         1.47833	-4.00000e+00	
					         1.48000	-4.00000e+00	
					         1.48167	-4.00000e+00	
					         1.48333	-5.00000e+00	
					         1.48500	-5.00000e+00	
					         1.48667	-6.00000e+00	
					         1.48833	-6.00000e+00	
					         1.49000	-6.00000e+00	
					         1.49167	-7.00000e+00	
					         1.49333	-7.00000e+00	
					         1.49500	-7.00000e+00	
					         1.49667	-7.00000e+00	
					         1.49833	-7.00000e+00	
					         1.50000	-7.00000e+00	
					         1.50167	-7.00000e+00	
					         1.50333	-7.00000e+00	
					         1.50500	-7.00000e+00	
					         1.50667	-7.00000e+00	
					         1.50833	-7.00000e+00	
					         1.51000	-7.00000e+00	
					         1.51167	-7.00000e+00	
					         1.51333	-7.00000e+00	
					         1.51500	-7.00000e+00	
					         1.51667	-8.00000e+00	
					         1.51833	-8.00000e+00	
					         1.52000	-8.00000e+00	
					         1.52167	-9.00000e+00	
					         1.52333	-9.00000e+00	
					         1.52500	-1.00000e+01	
					         1.52667	-1.00000e+01	
					         1.52833	-1.00000e+01	
					         1.53000	-1.10000e+01	
					         1.53167	-1.10000e+01	
					         1.53333	-1.10000e+01	
					         1.53500	-1.10000e+01	
					         1.53667	-1.10000e+01	
					         1.53833	-1.10000e+01	
					         1.54000	-1.10000e+01	
					         1.54167	-1.00000e+01	
					         1.54333	-1.00000e+01	
					         1.54500	-1.00000e+01	
					         1.54667	-1.00000e+01	
					         1.54833	-9.00000e+00	
					         1.55000	-9.00000e+00	
					         1.55167	-9.00000e+00	
					         1.55333	-8.00000e+00	
					         1.55500	-8.00000e+00	
					         1.55667	-8.00000e+00	
					         1.55833	-7.00000e+00	
					         1.56000	-7.00000e+00	
					         1.56167	-7.00000e+00	
					         1.56333	-7.00000e+00	
					         1.56500	-6.00000e+00	
					         1.56667	-6.00000e+00	
					         1.56833	-6.00000e+00	
					         1.57000	-6.00000e+00	
					         1.57167	-6.00000e+00	
					         1.57333	-7.00000e+00	
					         1.57500	-7.00000e+00	
					         1.57667	-7.00000e+00	
					         1.57833	-8.00000e+00	
					         1.58000	-8.00000e+00	
					         1.58167	-8.00000e+00	
					         1.58333	-9.00000e+00	
					         1.58500	-9.00000e+00	
					         1.58667	-9.00000e+00	
					         1.58833	-9.00000e+00	
					         1.59000	-9.00000e+00	
					         1.59167	-8.00000e+00	
					         1.59333	-8.00000e+00	
					         1.59500	-8.00000e+00	
					         1.59667	-7.00000e+00	
					         1.59833	-7.00000e+00	
					         1.60000	-7.00000e+00	
					         1.60167	-6.00000e+00	
					         1.60333	-6.00000e+00	
					         1.60500	-6.00000e+00	
					         1.60667	-6.00000e+00	
					         1.60833	-6.00000e+00	
					         1.61000	-6.00000e+00	
					         1.61167	-7.00000e+00	
					         1.61333	-7.00000e+00	
					         1.61500	-7.00000e+00	
					         1.61667	-8.00000e+00	
					         1.61833	-8.00000e+00	
					         1.62000	-9.00000e+00	
					         1.62167	-9.00000e+00	
					         1.62333	-9.00000e+00	
					         1.62500	-9.00000e+00	
					         1.62667	-9.00000e+00	
					         1.62833	-9.00000e+00	
					         1.63000	-9.00000e+00	
					         1.63167	-9.00000e+00	
					         1.63333	-9.00000e+00	
					         1.63500	-9.00000e+00	
					         1.63667	-9.00000e+00	
					         1.63833	-9.00000e+00	
					         1.64000	-8.00000e+00	
					         1.64167	-8.00000e+00	
					         1.64333	-8.00000e+00	
					         1.64500	-7.00000e+00	
					         1.64667	-7.00000e+00	
					         1.64833	-7.00000e+00	
					         1.65000	-7.00000e+00	
					         1.65167	-6.00000e+00	
					         1.65333	-6.00000e+00	
					         1.65500	-6.00000e+00	
					         1.65667	-6.00000e+00	
					         1.65833	-6.00000e+00	
					         1.66000	-6.00000e+00	
					         1.66167	-7.00000e+00	
					         1.66333	-7.00000e+00	
					         1.66500	-7.00000e+00	
					         1.66667	-8.00000e+00	
					         1.66833	-8.00000e+00	
					         1.67000	-8.00000e+00	
					         1.67167	-8.00000e+00	
					         1.67333	-9.00000e+00	
					         1.67500	-9.00000e+00	
					         1.67667	-9.00000e+00	
					         1.67833	-8.00000e+00	
					         1.68000	-8.00000e+00	
					         1.68167	-7.00000e+00	
					         1.68333	-7.00000e+00	
					         1.68500	-6.00000e+00	
					         1.68667	-5.00000e+00	
					         1.68833	-5.00000e+00	
					         1.69000	-4.00000e+00	
					         1.69167	-3.00000e+00	
					         1.69333	-3.00000e+00	
					         1.69500	-2.00000e+00	
					         1.69667	-2.00000e+00	
					         1.69833	-1.00000e+00	
					         1.70000	-1.00000e+00	
					         1.70167	-1.00000e+00	
					         1.70333	0.00000e+00	
					         1.70500	0.00000e+00	
					         1.70667	0.00000e+00	
					         1.70833	0.00000e+00	
					         1.71000	1.00000e+00	
					         1.71167	1.00000e+00	
					         1.71333	1.00000e+00	
					         1.71500	1.00000e+00	
					         1.71667	1.00000e+00	
					         1.71833	1.00000e+00	
					         1.72000	1.00000e+00	
					         1.72167	1.00000e+00	
					         1.72333	0.00000e+00	
					         1.72500	0.00000e+00	
					         1.72667	-1.00000e+00	
					         1.72833	-1.00000e+00	
					         1.73000	-2.00000e+00	
					         1.73167	-3.00000e+00	
					         1.73333	-3.00000e+00	
					         1.73500	-4.00000e+00	
					         1.73667	-4.00000e+00	
					         1.73833	-4.00000e+00	
					         1.74000	-5.00000e+00	
					         1.74167	-5.00000e+00	
					         1.74333	-5.00000e+00	
					         1.74500	-5.00000e+00	
					         1.74667	-4.00000e+00	
					         1.74833	-4.00000e+00	
					         1.75000	-4.00000e+00	
					         1.75167	-4.00000e+00	
					         1.75333	-3.00000e+00	
					         1.75500	-3.00000e+00	
					         1.75667	-3.00000e+00	
					         1.75833	-3.00000e+00	
					         1.76000	-3.00000e+00	
					         1.76167	-2.00000e+00	
					         1.76333	-2.00000e+00	
					         1.76500	-2.00000e+00	
					         1.76667	-2.00000e+00	
					         1.76833	-2.00000e+00	
					         1.77000	-2.00000e+00	
					         1.77167	-2.00000e+00	
					         1.77333	-1.00000e+00	
					         1.77500	0.00000e+00	
					         1.77667	1.00000e+00	
					         1.77833	2.00000e+00	
					         1.78000	4.00000e+00	
					         1.78167	5.00000e+00	
					         1.78333	7.00000e+00	
					         1.78500	1.00000e+01	
					         1.78667	1.20000e+01	
					         1.78833	1.50000e+01	
					         1.79000	1.70000e+01	
					         1.79167	2.00000e+01	
					         1.79333	2.20000e+01	
					         1.79500	2.40000e+01	
					         1.79667	2.60000e+01	
					         1.79833	2.70000e+01	
					         1.80000	2.90000e+01	
					         1.80167	3.00000e+01	
					         1.80333	3.10000e+01	
					         1.80500	3.10000e+01	
					         1.80667	3.20000e+01	
					         1.80833	3.20000e+01	
					         1.81000	3.30000e+01	
					         1.81167	3.30000e+01	
					         1.81333	3.40000e+01	
					         1.81500	3.40000e+01	
					         1.81667	3.40000e+01	
					         1.81833	3.40000e+01	
					         1.82000	3.40000e+01	
					         1.82167	3.40000e+01	
					         1.82333	3.30000e+01	
					         1.82500	3.10000e+01	
					         1.82667	2.90000e+01	
					         1.82833	2.70000e+01	
					         1.83000	2.40000e+01	
					         1.83167	2.10000e+01	
					         1.83333	1.80000e+01	
					         1.83500	1.50000e+01	
					         1.83667	1.10000e+01	
					         1.83833	8.00000e+00	
					         1.84000	5.00000e+00	
					         1.84167	2.00000e+00	
					         1.84333	0.00000e+00	
					         1.84500	-1.00000e+00	
					         1.84667	-3.00000e+00	
					         1.84833	-3.00000e+00	
					         1.85000	-4.00000e+00	
					         1.85167	-4.00000e+00	
					         1.85333	-4.00000e+00	
					         1.85500	-5.00000e+00	
					         1.85667	-5.00000e+00	
					         1.85833	-5.00000e+00	
					         1.86000	-6.00000e+00	
					         1.86167	-6.00000e+00	
					         1.86333	-7.00000e+00	
					         1.86500	-8.00000e+00	
					         1.86667	-1.00000e+01	
					         1.86833	-1.10000e+01	
					         1.87000	-1.30000e+01	
					         1.87167	-1.40000e+01	
					         1.87333	-1.50000e+01	
					         1.87500	-1.70000e+01	
					         1.87667	-1.80000e+01	
					         1.87833	-1.90000e+01	
					         1.88000	-2.00000e+01	
					         1.88167	-2.10000e+01	
					         1.88333	-2.10000e+01	
					         1.88500	-2.20000e+01	
					         1.88667	-2.30000e+01	
					         1.88833	-2.30000e+01	
					         1.89000	-2.30000e+01	
					         1.89167	-2.40000e+01	
					         1.89333	-2.40000e+01	
					         1.89500	-2.50000e+01	
					         1.89667	-2.50000e+01	
					         1.89833	-2.50000e+01	
					         1.90000	-2.50000e+01	
					         1.90167	-2.50000e+01	
					         1.90333	-2.50000e+01	
					         1.90500	-2.50000e+01	
					         1.90667	-2.40000e+01	
					         1.90833	-2.30000e+01	
					         1.91000	-2.20000e+01	
					         1.91167	-2.10000e+01	
					         1.91333	-2.00000e+01	
					         1.91500	-1.90000e+01	
					         1.91667	-1.80000e+01	
					         1.91833	-1.70000e+01	
					         1.92000	-1.60000e+01	
					         1.92167	-1.50000e+01	
					         1.92333	-1.40000e+01	
					         1.92500	-1.30000e+01	
					         1.92667	-1.20000e+01	
					         1.92833	-1.10000e+01	
					         1.93000	-1.00000e+01	
					         1.93167	-1.00000e+01	
					         1.93333	-9.00000e+00	
					         1.93500	-8.00000e+00	
					         1.93667	-7.00000e+00	
					         1.93833	-5.00000e+00	
					         1.94000	-3.00000e+00	
					         1.94167	0.00000e+00	
					         1.94333	4.00000e+00	
					         1.94500	8.00000e+00	
					         1.94667	1.40000e+01	
					         1.94833	2.10000e+01	
					         1.95000	2.90000e+01	
					         1.95167	3.80000e+01	
					         1.95333	4.80000e+01	
					         1.95500	5.90000e+01	
					         1.95667	7.10000e+01	
					         1.95833	8.30000e+01	
					         1.96000	9.70000e+01	
					         1.96167	1.10000e+02	
					         1.96333	1.23000e+02	
					         1.96500	1.36000e+02	
					         1.96667	1.49000e+02	
					         1.96833	1.61000e+02	
					         1.97000	1.72000e+02	
					         1.97167	1.82000e+02	
					         1.97333	1.90000e+02	
					         1.97500	1.97000e+02	
					         1.97667	2.00000e+02	
					         1.97833	2.00000e+02	
					         1.98000	1.97000e+02	
					         1.98167	1.89000e+02	
					         1.98333	1.77000e+02	
					         1.98500	1.60000e+02	
					         1.98667	1.38000e+02	
					         1.98833	1.12000e+02	
					         1.99000	8.20000e+01	
					         1.99167	4.90000e+01	
					         1.99333	1.30000e+01	
					         1.99500	-2.40000e+01	
					         1.99667	-6.10000e+01	
					         1.99833	-9.80000e+01	
					         2.00000	-1.33000e+02	
					         2.00167	-1.66000e+02	
					         2.00333	-1.95000e+02	
					         2.00500	-2.20000e+02	
					         2.00667	-2.40000e+02	
					         2.00833	-2.55000e+02	
					         2.01000	-2.64000e+02	
					         2.01167	-2.68000e+02	
					         2.01333	-2.67000e+02	
					         2.01500	-2.62000e+02	
					         2.01667	-2.52000e+02	
					         2.01833	-2.40000e+02	
					         2.02000	-2.24000e+02	
					         2.02167	-2.06000e+02	
					         2.02333	-1.87000e+02	
					         2.02500	-1.67000e+02	
					         2.02667	-1.47000e+02	
					         2.02833	-1.27000e+02	
					         2.03000	-1.08000e+02	
					         2.03167	-9.10000e+01	
					         2.03333	-7.50000e+01	
					         2.03500	-6.20000e+01	
					         2.03667	-5.00000e+01	
					         2.03833	-3.90000e+01	
					         2.04000	-3.10000e+01	
					         2.04167	-2.30000e+01	
					         2.04333	-1.80000e+01	
					         2.04500	-1.30000e+01	
					         2.04667	-1.00000e+01	
					         2.04833	-8.00000e+00	
					         2.05000	-6.00000e+00	
					         2.05167	-5.00000e+00	
					         2.05333	-4.00000e+00	
					         2.05500	-3.00000e+00	
					         2.05667	-3.00000e+00	
					         2.05833	-3.00000e+00	
					         2.06000	-3.00000e+00	
					         2.06167	-3.00000e+00	
					         2.06333	-3.00000e+00	
					         2.06500	-3.00000e+00	
					         2.06667	-3.00000e+00	
					         2.06833	-3.00000e+00	
					         2.07000	-3.00000e+00	
					         2.07167	-3.00000e+00	
					         2.07333	-2.00000e+00	
					         2.07500	-2.00000e+00	
					         2.07667	-2.00000e+00	
					         2.07833	-1.00000e+00	
					         2.08000	-1.00000e+00	
					         2.08167	-1.00000e+00	
					         2.08333	0.00000e+00	
					         2.08500	0.00000e+00	
					         2.08667	1.00000e+00	
					         2.08833	1.00000e+00	
					         2.09000	1.00000e+00	
					         2.09167	1.00000e+00	
					         2.09333	2.00000e+00	
					         2.09500	1.00000e+00	
					         2.09667	1.00000e+00	
					         2.09833	1.00000e+00	
					         2.10000	1.00000e+00	
					         2.10167	0.00000e+00	
					         2.10333	0.00000e+00	
					         2.10500	0.00000e+00	
					         2.10667	0.00000e+00	
					         2.10833	0.00000e+00	
					         2.11000	0.00000e+00	
					         2.11167	1.00000e+00	
					         2.11333	1.00000e+00	
					         2.11500	1.00000e+00	
					         2.11667	2.00000e+00	
					         2.11833	3.00000e+00	
					         2.12000	3.00000e+00	
					         2.12167	4.00000e+00	
					         2.12333	5.00000e+00	
					         2.12500	5.00000e+00	
					         2.12667	6.00000e+00	
					         2.12833	6.00000e+00	
					         2.13000	7.00000e+00	
					         2.13167	8.00000e+00	
					         2.13333	8.00000e+00	
					         2.13500	9.00000e+00	
					         2.13667	1.00000e+01	
					         2.13833	1.00000e+01	
					         2.14000	1.10000e+01	
					         2.14167	1.10000e+01	
					         2.14333	1.20000e+01	
					         2.14500	1.20000e+01	
					         2.14667	1.30000e+01	
					         2.14833	1.30000e+01	
					         2.15000	1.40000e+01	
					         2.15167	1.50000e+01	
					         2.15333	1.60000e+01	
					         2.15500	1.60000e+01	
					         2.15667	1.70000e+01	
					         2.15833	1.80000e+01	
					         2.16000	1.90000e+01	
					         2.16167	2.00000e+01	
					         2.16333	2.10000e+01	
					         2.16500	2.20000e+01	
					         2.16667	2.30000e+01	
					         2.16833	2.40000e+01	
					         2.17000	2.50000e+01	
					         2.17167	2.60000e+01	
					         2.17333	2.70000e+01	
					         2.17500	2.80000e+01	
					         2.17667	2.90000e+01	
					         2.17833	3.00000e+01	
					         2.18000	3.10000e+01	
					         2.18167	3.20000e+01	
					         2.18333	3.30000e+01	
					         2.18500	3.30000e+01	
					         2.18667	3.40000e+01	
					         2.18833	3.50000e+01	
					         2.19000	3.60000e+01	
					         2.19167	3.80000e+01	
					         2.19333	3.90000e+01	
					         2.19500	4.00000e+01	
					         2.19667	4.20000e+01	
					         2.19833	4.40000e+01	
					         2.20000	4.50000e+01	
					         2.20167	4.70000e+01	
					         2.20333	5.00000e+01	
					         2.20500	5.20000e+01	
					         2.20667	5.40000e+01	
					         2.20833	5.60000e+01	
					         2.21000	5.80000e+01	
					         2.21167	6.00000e+01	
					         2.21333	6.20000e+01	
					         2.21500	6.30000e+01	
					         2.21667	6.50000e+01	
					         2.21833	6.70000e+01	
					         2.22000	6.80000e+01	
					         2.22167	7.00000e+01	
					         2.22333	7.10000e+01	
					         2.22500	7.20000e+01	
					         2.22667	7.40000e+01	
					         2.22833	7.50000e+01	
					         2.23000	7.60000e+01	
					         2.23167	7.80000e+01	
					         2.23333	7.90000e+01	
					         2.23500	8.00000e+01	
					         2.23667	8.10000e+01	
					         2.23833	8.20000e+01	
					         2.24000	8.20000e+01	
					         2.24167	8.20000e+01	
					         2.24333	8.20000e+01	
					         2.24500	8.20000e+01	
					         2.24667	8.10000e+01	
					         2.24833	8.00000e+01	
					         2.25000	7.90000e+01	
					         2.25167	7.80000e+01	
					         2.25333	7.70000e+01	
					         2.25500	7.50000e+01	
					         2.25667	7.40000e+01	
					         2.25833	7.20000e+01	
					         2.26000	7.00000e+01	
					         2.26167	6.80000e+01	
					         2.26333	6.60000e+01	
					         2.26500	6.40000e+01	
					         2.26667	6.10000e+01	
					         2.26833	5.90000e+01	
					         2.27000	5.60000e+01	
					         2.27167	5.30000e+01	
					         2.27333	5.00000e+01	
					         2.27500	4.60000e+01	
					         2.27667	4.30000e+01	
					         2.27833	3.90000e+01	
					         2.28000	3.40000e+01	
					         2.28167	3.00000e+01	
					         2.28333	2.50000e+01	
					         2.28500	2.10000e+01	
					         2.28667	1.60000e+01	
					         2.28833	1.20000e+01	
					         2.29000	7.00000e+00	
					         2.29167	2.00000e+00	
					         2.29333	-2.00000e+00	
					         2.29500	-7.00000e+00	
					         2.29667	-1.10000e+01	
					         2.29833	-1.50000e+01	
					         2.30000	-1.90000e+01	
					         2.30167	-2.30000e+01	
					         2.30333	-2.60000e+01	
					         2.30500	-3.00000e+01	
					         2.30667	-3.30000e+01	
					         2.30833	-3.60000e+01	
					         2.31000	-3.90000e+01	
					         2.31167	-4.10000e+01	
					         2.31333	-4.30000e+01	
					         2.31500	-4.50000e+01	
					         2.31667	-4.70000e+01	
					         2.31833	-4.90000e+01	
					         2.32000	-5.00000e+01	
					         2.32167	-5.10000e+01	
					         2.32333	-5.20000e+01	
					         2.32500	-5.30000e+01	
					         2.32667	-5.30000e+01	
					         2.32833	-5.40000e+01	
					         2.33000	-5.40000e+01	
					         2.33167	-5.40000e+01	
					         2.33333	-5.40000e+01	
					         2.33500	-5.40000e+01	
					         2.33667	-5.40000e+01	
					         2.33833	-5.30000e+01	
					         2.34000	-5.30000e+01	
					         2.34167	-5.20000e+01	
					         2.34333	-5.20000e+01	
					         2.34500	-5.10000e+01	
					         2.34667	-5.10000e+01	
					         2.34833	-5.00000e+01	
					         2.35000	-4.90000e+01	
					         2.35167	-4.90000e+01	
					         2.35333	-4.80000e+01	
					         2.35500	-4.70000e+01	
					         2.35667	-4.70000e+01	
					         2.35833	-4.60000e+01	
					         2.36000	-4.50000e+01	
					         2.36167	-4.50000e+01	
					         2.36333	-4.40000e+01	
					         2.36500	-4.30000e+01	
					         2.36667	-4.20000e+01	
					         2.36833	-4.20000e+01	
					         2.37000	-4.10000e+01	
					         2.37167	-4.00000e+01	
					         2.37333	-3.90000e+01	
					         2.37500	-3.80000e+01	
					         2.37667	-3.70000e+01	
					         2.37833	-3.60000e+01	
					         2.38000	-3.50000e+01	
					         2.38167	-3.40000e+01	
					         2.38333	-3.30000e+01	
					         2.38500	-3.20000e+01	
					         2.38667	-3.10000e+01	
					         2.38833	-3.00000e+01	
					         2.39000	-2.90000e+01	
					         2.39167	-2.80000e+01	
					         2.39333	-2.80000e+01	
					         2.39500	-2.70000e+01	
					         2.39667	-2.60000e+01	
					         2.39833	-2.60000e+01	
					         2.40000	-2.50000e+01	
					         2.40167	-2.40000e+01	
					         2.40333	-2.40000e+01	
					         2.40500	-2.30000e+01	
					         2.40667	-2.30000e+01	
					         2.40833	-2.20000e+01	
					         2.41000	-2.10000e+01	
					         2.41167	-2.10000e+01	
					         2.41333	-2.00000e+01	
					         2.41500	-1.90000e+01	
					         2.41667	-1.90000e+01	
					         2.41833	-1.80000e+01	
					         2.42000	-1.70000e+01	
					         2.42167	-1.70000e+01	
					         2.42333	-1.60000e+01	
					         2.42500	-1.50000e+01	
					         2.42667	-1.40000e+01	
					         2.42833	-1.30000e+01	
					         2.43000	-1.30000e+01	
					         2.43167	-1.20000e+01	
					         2.43333	-1.10000e+01	
					         2.43500	-1.10000e+01	
					         2.43667	-1.00000e+01	
					         2.43833	-1.00000e+01	
					         2.44000	-9.00000e+00	
					         2.44167	-9.00000e+00	
					         2.44333	-9.00000e+00	
					         2.44500	-9.00000e+00	
					         2.44667	-9.00000e+00	
					         2.44833	-9.00000e+00	
					         2.45000	-9.00000e+00	
					         2.45167	-9.00000e+00	
					         2.45333	-8.00000e+00	
					         2.45500	-8.00000e+00	
					         2.45667	-8.00000e+00	
					         2.45833	-7.00000e+00	
					         2.46000	-7.00000e+00	
					         2.46167	-6.00000e+00	
					         2.46333	-5.00000e+00	
					         2.46500	-4.00000e+00	
					         2.46667	-3.00000e+00	
					         2.46833	-2.00000e+00	
					         2.47000	-2.00000e+00	
					         2.47167	-1.00000e+00	
					         2.47333	0.00000e+00	
					         2.47500	0.00000e+00	
					         2.47667	0.00000e+00	
					         2.47833	1.00000e+00	
					         2.48000	1.00000e+00	
					         2.48167	1.00000e+00	
					         2.48333	2.00000e+00	
					         2.48500	2.00000e+00	
					         2.48667	2.00000e+00	
					         2.48833	2.00000e+00	
					         2.49000	2.00000e+00	
					         2.49167	2.00000e+00	
					         2.49333	2.00000e+00	
					         2.49500	1.00000e+00	
					         2.49667	1.00000e+00	
					         2.49833	1.00000e+00	
					         2.50000	1.00000e+00	
					         2.50167	1.00000e+00	
					         2.50333	1.00000e+00	
					         2.50500	1.00000e+00	
					         2.50667	1.00000e+00	
					         2.50833	2.00000e+00	
					         2.51000	2.00000e+00	
					         2.51167	3.00000e+00	
					         2.51333	3.00000e+00	
					         2.51500	3.00000e+00	
					         2.51667	4.00000e+00	
					         2.51833	4.00000e+00	
					         2.52000	4.00000e+00	
					         2.52167	4.00000e+00	
					         2.52333	4.00000e+00	
					         2.52500	3.00000e+00	
					         2.52667	3.00000e+00	
					         2.52833	3.00000e+00	
					         2.53000	2.00000e+00	
					         2.53167	1.00000e+00	
					         2.53333	0.00000e+00	
					         2.53500	0.00000e+00	
					         2.53667	-1.00000e+00	
					         2.53833	-1.00000e+00	
					         2.54000	-2.00000e+00	
					         2.54167	-2.00000e+00	
					         2.54333	-2.00000e+00	
					         2.54500	-2.00000e+00	
					         2.54667	-2.00000e+00	
					         2.54833	-2.00000e+00	
					         2.55000	-2.00000e+00	
					         2.55167	-2.00000e+00	
					         2.55333	-2.00000e+00	
					         2.55500	-1.00000e+00	
					         2.55667	-1.00000e+00	
					         2.55833	-1.00000e+00	
					         2.56000	-1.00000e+00	
					         2.56167	-1.00000e+00	
					         2.56333	-2.00000e+00	
					         2.56500	-2.00000e+00	
					         2.56667	-2.00000e+00	
					         2.56833	-3.00000e+00	
					         2.57000	-3.00000e+00	
					         2.57167	-4.00000e+00	
					         2.57333	-4.00000e+00	
					         2.57500	-5.00000e+00	
					         2.57667	-5.00000e+00	
					         2.57833	-6.00000e+00	
					         2.58000	-6.00000e+00	
					         2.58167	-7.00000e+00	
					         2.58333	-7.00000e+00	
					         2.58500	-7.00000e+00	
					         2.58667	-7.00000e+00	
					         2.58833	-7.00000e+00	
					         2.59000	-7.00000e+00	
					         2.59167	-7.00000e+00	
					         2.59333	-7.00000e+00	
					         2.59500	-7.00000e+00	
					         2.59667	-7.00000e+00	
					         2.59833	-7.00000e+00	
					         2.60000	-6.00000e+00	
					         2.60167	-6.00000e+00	
					         2.60333	-6.00000e+00	
					         2.60500	-6.00000e+00	
					         2.60667	-6.00000e+00	
					         2.60833	-6.00000e+00	
					         2.61000	-6.00000e+00	
					         2.61167	-5.00000e+00	
					         2.61333	-5.00000e+00	
					         2.61500	-5.00000e+00	
					         2.61667	-4.00000e+00	
					         2.61833	-4.00000e+00	
					         2.62000	-4.00000e+00	
					         2.62167	-4.00000e+00	
					         2.62333	-4.00000e+00	
					         2.62500	-4.00000e+00	
					         2.62667	-4.00000e+00	
					         2.62833	-4.00000e+00	
					         2.63000	-4.00000e+00	
					         2.63167	-4.00000e+00	
					         2.63333	-5.00000e+00	
					         2.63500	-5.00000e+00	
					         2.63667	-5.00000e+00	
					         2.63833	-5.00000e+00	
					         2.64000	-6.00000e+00	
					         2.64167	-6.00000e+00	
					         2.64333	-6.00000e+00	
					         2.64500	-6.00000e+00	
					         2.64667	-6.00000e+00	
					         2.64833	-6.00000e+00	
					         2.65000	-7.00000e+00	
					         2.65167	-7.00000e+00	
					         2.65333	-7.00000e+00	
					         2.65500	-6.00000e+00	
					         2.65667	-6.00000e+00	
					         2.65833	-6.00000e+00	
					         2.66000	-6.00000e+00	
					         2.66167	-6.00000e+00	
					         2.66333	-6.00000e+00	
					         2.66500	-6.00000e+00	
					         2.66667	-6.00000e+00	
					         2.66833	-5.00000e+00	
					         2.67000	-5.00000e+00	
					         2.67167	-5.00000e+00	
					         2.67333	-5.00000e+00	
					         2.67500	-5.00000e+00	
					         2.67667	-5.00000e+00	
					         2.67833	-5.00000e+00	
					         2.68000	-5.00000e+00	
					         2.68167	-5.00000e+00	
					         2.68333	-5.00000e+00	
					         2.68500	-5.00000e+00	
					         2.68667	-5.00000e+00	
					         2.68833	-5.00000e+00	
					         2.69000	-5.00000e+00	
					         2.69167	-5.00000e+00	
					         2.69333	-5.00000e+00	
					         2.69500	-5.00000e+00	
					         2.69667	-5.00000e+00	
					         2.69833	-5.00000e+00	
					         2.70000	-5.00000e+00	
					         2.70167	-6.00000e+00	
					         2.70333	-6.00000e+00	
					         2.70500	-6.00000e+00	
					         2.70667	-6.00000e+00	
					         2.70833	-7.00000e+00	
					         2.71000	-7.00000e+00	
					         2.71167	-7.00000e+00	
					         2.71333	-7.00000e+00	
					         2.71500	-8.00000e+00	
					         2.71667	-8.00000e+00	
					         2.71833	-8.00000e+00	
					         2.72000	-8.00000e+00	
					         2.72167	-8.00000e+00	
					         2.72333	-8.00000e+00	
					         2.72500	-8.00000e+00	
					         2.72667	-7.00000e+00	
					         2.72833	-7.00000e+00	
					         2.73000	-7.00000e+00	
					         2.73167	-7.00000e+00	
					         2.73333	-7.00000e+00	
					         2.73500	-7.00000e+00	
					         2.73667	-7.00000e+00	
					         2.73833	-7.00000e+00	
					         2.74000	-7.00000e+00	
					         2.74167	-7.00000e+00	
					         2.74333	-7.00000e+00	
					         2.74500	-7.00000e+00	
					         2.74667	-7.00000e+00	
					         2.74833	-6.00000e+00	
					         2.75000	-6.00000e+00	
					         2.75167	-6.00000e+00	
					         2.75333	-6.00000e+00	
					         2.75500	-5.00000e+00	
					         2.75667	-5.00000e+00	
					         2.75833	-5.00000e+00	
					         2.76000	-5.00000e+00	
					         2.76167	-5.00000e+00	
					         2.76333	-5.00000e+00	
					         2.76500	-5.00000e+00	
					         2.76667	-6.00000e+00	
					         2.76833	-6.00000e+00	
					         2.77000	-6.00000e+00	
					         2.77167	-6.00000e+00	
					         2.77333	-6.00000e+00	
					         2.77500	-7.00000e+00	
					         2.77667	-7.00000e+00	
					         2.77833	-7.00000e+00	
					         2.78000	-7.00000e+00	
					         2.78167	-7.00000e+00	
					         2.78333	-7.00000e+00	
					         2.78500	-7.00000e+00	
					         2.78667	-7.00000e+00	
					         2.78833	-7.00000e+00	
					         2.79000	-6.00000e+00	
					         2.79167	-6.00000e+00	
					         2.79333	-6.00000e+00	
					         2.79500	-6.00000e+00	
					         2.79667	-5.00000e+00	
					         2.79833	-5.00000e+00	
					         2.80000	-4.00000e+00	
					         2.80167	-3.00000e+00	
					         2.80333	-2.00000e+00	
					         2.80500	0.00000e+00	
					         2.80667	2.00000e+00	
					         2.80833	4.00000e+00	
					         2.81000	6.00000e+00	
					         2.81167	8.00000e+00	
					         2.81333	1.10000e+01	
					         2.81500	1.30000e+01	
					         2.81667	1.60000e+01	
					         2.81833	1.90000e+01	
					         2.82000	2.10000e+01	
					         2.82167	2.30000e+01	
					         2.82333	2.50000e+01	
					         2.82500	2.70000e+01	
					         2.82667	2.80000e+01	
					         2.82833	2.90000e+01	
					         2.83000	3.00000e+01	
					         2.83167	3.10000e+01	
					         2.83333	3.20000e+01	
					         2.83500	3.20000e+01	
					         2.83667	3.30000e+01	
					         2.83833	3.30000e+01	
					         2.84000	3.40000e+01	
					         2.84167	3.40000e+01	
					         2.84333	3.40000e+01	
					         2.84500	3.40000e+01	
					         2.84667	3.40000e+01	
					         2.84833	3.40000e+01	
					         2.85000	3.30000e+01	
					         2.85167	3.20000e+01	
					         2.85333	3.10000e+01	
					         2.85500	2.90000e+01	
					         2.85667	2.70000e+01	
					         2.85833	2.40000e+01	
					         2.86000	2.20000e+01	
					         2.86167	1.90000e+01	
					         2.86333	1.60000e+01	
					         2.86500	1.40000e+01	
					         2.86667	1.10000e+01	
					         2.86833	9.00000e+00	
					         2.87000	7.00000e+00	
					         2.87167	5.00000e+00	
					         2.87333	4.00000e+00	
					         2.87500	3.00000e+00	
					         2.87667	3.00000e+00	
					         2.87833	2.00000e+00	
					         2.88000	2.00000e+00	
					         2.88167	2.00000e+00	
					         2.88333	1.00000e+00	
					         2.88500	1.00000e+00	
					         2.88667	0.00000e+00	
					         2.88833	0.00000e+00	
					         2.89000	-1.00000e+00	
					         2.89167	-2.00000e+00	
					         2.89333	-4.00000e+00	
					         2.89500	-6.00000e+00	
					         2.89667	-8.00000e+00	
					         2.89833	-1.00000e+01	
					         2.90000	-1.20000e+01	
					         2.90167	-1.40000e+01	
					         2.90333	-1.60000e+01	
					         2.90500	-1.90000e+01	
					         2.90667	-2.10000e+01	
					         2.90833	-2.20000e+01	
					         2.91000	-2.40000e+01	
					         2.91167	-2.60000e+01	
					         2.91333	-2.70000e+01	
					         2.91500	-2.80000e+01	
					         2.91667	-2.90000e+01	
					         2.91833	-3.00000e+01	
					         2.92000	-3.00000e+01	
					         2.92167	-3.00000e+01	
					         2.92333	-3.00000e+01	
					         2.92500	-3.00000e+01	
					         2.92667	-2.90000e+01	
					         2.92833	-2.80000e+01	
					         2.93000	-2.70000e+01	
					         2.93167	-2.60000e+01	
					         2.93333	-2.50000e+01	
					         2.93500	-2.40000e+01	
					         2.93667	-2.30000e+01	
					         2.93833	-2.20000e+01	
					         2.94000	-2.10000e+01	
					         2.94167	-2.00000e+01	
					         2.94333	-1.90000e+01	
					         2.94500	-1.90000e+01	
					         2.94667	-1.80000e+01	
					         2.94833	-1.70000e+01	
					         2.95000	-1.60000e+01	
					         2.95167	-1.60000e+01	
					         2.95333	-1.50000e+01	
					         2.95500	-1.50000e+01	
					         2.95667	-1.40000e+01	
					         2.95833	-1.30000e+01	
					         2.96000	-1.30000e+01	
					         2.96167	-1.20000e+01	
					         2.96333	-1.10000e+01	
					         2.96500	-9.00000e+00	
					         2.96667	-8.00000e+00	
					         2.96833	-5.00000e+00	
					         2.97000	-2.00000e+00	
					         2.97167	2.00000e+00	
					         2.97333	7.00000e+00	
					         2.97500	1.40000e+01	
					         2.97667	2.10000e+01	
					         2.97833	2.90000e+01	
					         2.98000	3.90000e+01	
					         2.98167	4.90000e+01	
					         2.98333	6.00000e+01	
					         2.98500	7.10000e+01	
					         2.98667	8.30000e+01	
					         2.98833	9.60000e+01	
					         2.99000	1.08000e+02	
					         2.99167	1.21000e+02	
					         2.99333	1.33000e+02	
					         2.99500	1.45000e+02	
					         2.99667	1.56000e+02	
					         2.99833	1.66000e+02	
					         3.00000	1.75000e+02	
					         3.00167	1.83000e+02	
					         3.00333	1.89000e+02	
					         3.00500	1.93000e+02	
					         3.00667	1.93000e+02	
					         3.00833	1.90000e+02	
					         3.01000	1.83000e+02	
					         3.01167	1.73000e+02	
					         3.01333	1.57000e+02	
					         3.01500	1.38000e+02	
					         3.01667	1.14000e+02	
					         3.01833	8.60000e+01	
					         3.02000	5.60000e+01	
					         3.02167	2.20000e+01	
					         3.02333	-1.20000e+01	
					         3.02500	-4.80000e+01	
					         3.02667	-8.30000e+01	
					         3.02833	-1.18000e+02	
					         3.03000	-1.50000e+02	
					         3.03167	-1.80000e+02	
					         3.03333	-2.05000e+02	
					         3.03500	-2.26000e+02	
					         3.03667	-2.42000e+02	
					         3.03833	-2.53000e+02	
					         3.04000	-2.59000e+02	
					         3.04167	-2.60000e+02	
					         3.04333	-2.57000e+02	
					         3.04500	-2.50000e+02	
					         3.04667	-2.38000e+02	
					         3.04833	-2.24000e+02	
					         3.05000	-2.07000e+02	
					         3.05167	-1.89000e+02	
					         3.05333	-1.69000e+02	
					         3.05500	-1.49000e+02	
					         3.05667	-1.30000e+02	
					         3.05833	-1.11000e+02	
					         3.06000	-9.30000e+01	
					         3.06167	-7.70000e+01	
					         3.06333	-6.30000e+01	
					         3.06500	-5.10000e+01	
					         3.06667	-4.00000e+01	
					         3.06833	-3.10000e+01	
					         3.07000	-2.30000e+01	
					         3.07167	-1.70000e+01	
					         3.07333	-1.20000e+01	
