Velocity (TVI), in cm/s

Time (s) :	Trace 1 : 		Ecg : 		
0.01194   	-4.51805e-01		         0.00000	-1.90000e+01	
0.01804   	-1.36770e-01		         0.00167	-1.60000e+01	
0.02415   	4.05969e-01		         0.00333	-1.20000e+01	
0.03052   	1.44285e+00		         0.00500	-5.00000e+00	
0.03663   	2.24039e+00		         0.00667	5.00000e+00	
0.04274   	2.58210e+00		         0.00833	1.70000e+01	
0.04884   	2.25470e+00		         0.01000	3.30000e+01	
0.05521   	1.41234e+00		         0.01167	5.10000e+01	
0.06132   	5.52543e-01		         0.01333	7.20000e+01	
0.06742   	1.33437e-01		         0.01500	9.50000e+01	
0.07353   	5.13087e-01		         0.01667	1.20000e+02	
0.07990   	1.69836e+00		         0.01833	1.46000e+02	
0.08600   	3.14931e+00		         0.02000	1.72000e+02	
0.09211   	4.44665e+00		         0.02167	1.97000e+02	
0.09822   	5.24164e+00		         0.02333	2.20000e+02	
0.10459   	5.42187e+00		         0.02500	2.41000e+02	
0.11070   	5.37711e+00		         0.02667	2.58000e+02	
0.11680   	5.15343e+00		         0.02833	2.70000e+02	
0.12291   	4.88296e+00		         0.03000	2.78000e+02	
0.12928   	4.67716e+00		         0.03167	2.81000e+02	
0.13539   	4.53972e+00		         0.03333	2.78000e+02	
0.14149   	4.53576e+00		         0.03500	2.70000e+02	
0.14760   	4.62356e+00		         0.03667	2.57000e+02	
0.15397   	4.74031e+00		         0.03833	2.39000e+02	
0.16008   	4.82035e+00		         0.04000	2.17000e+02	
0.16618   	4.92992e+00		         0.04167	1.92000e+02	
0.17229   	4.93464e+00		         0.04333	1.64000e+02	
0.17866   	4.95643e+00		         0.04500	1.36000e+02	
0.18476   	4.97573e+00		         0.04667	1.07000e+02	
0.19088   	4.98784e+00		         0.04833	7.90000e+01	
0.19698   	5.00387e+00		         0.05000	5.20000e+01	
0.20335   	5.05002e+00		         0.05167	2.70000e+01	
0.20946   	5.06352e+00		         0.05333	4.00000e+00	
0.21556   	5.09605e+00		         0.05500	-1.70000e+01	
0.22167   	5.07583e+00		         0.05667	-3.50000e+01	
0.22804   	5.03573e+00		         0.05833	-5.00000e+01	
0.23415   	5.01363e+00		         0.06000	-6.30000e+01	
0.24025   	4.97727e+00		         0.06167	-7.30000e+01	
0.24636   	4.92979e+00		         0.06333	-8.00000e+01	
0.25292   	4.88630e+00		         0.06500	-8.50000e+01	
0.25884   	4.83552e+00		         0.06667	-8.90000e+01	
0.26494   	4.71319e+00		         0.06833	-9.10000e+01	
0.27105   	4.53653e+00		         0.07000	-9.30000e+01	
0.27742   	4.35809e+00		         0.07167	-9.30000e+01	
0.28353   	4.14325e+00		         0.07333	-9.30000e+01	
0.28963   	3.99520e+00		         0.07500	-9.30000e+01	
0.29574   	3.86121e+00		         0.07667	-9.20000e+01	
0.30211   	3.77616e+00		         0.07833	-9.00000e+01	
0.30822   	3.63186e+00		         0.08000	-8.80000e+01	
0.31432   	3.57782e+00		         0.08167	-8.60000e+01	
0.32043   	3.45972e+00		         0.08333	-8.40000e+01	
0.32680   	3.31499e+00		         0.08500	-8.20000e+01	
0.33291   	3.08415e+00		         0.08667	-8.10000e+01	
0.33901   	2.99323e+00		         0.08833	-7.90000e+01	
0.34512   	2.79753e+00		         0.09000	-7.70000e+01	
0.35149   	2.60414e+00		         0.09167	-7.50000e+01	
0.35760   	2.48320e+00		         0.09333	-7.30000e+01	
0.36370   	2.43528e+00		         0.09500	-7.20000e+01	
0.36981   	2.26450e+00		         0.09667	-7.00000e+01	
0.37618   	2.16687e+00		         0.09833	-6.90000e+01	
0.38229   	2.02825e+00		         0.10000	-6.80000e+01	
0.38839   	1.81212e+00		         0.10167	-6.60000e+01	
0.39450   	1.58297e+00		         0.10333	-6.50000e+01	
0.40087   	1.36886e+00		         0.10500	-6.40000e+01	
0.40698   	1.14263e+00		         0.10667	-6.20000e+01	
0.41308   	8.48227e-01		         0.10833	-6.10000e+01	
0.41919   	4.90729e-01		         0.11000	-5.90000e+01	
0.42556   	8.41727e-01		         0.11167	-5.80000e+01	
0.43167   	1.02625e-01		         0.11333	-5.60000e+01	
0.43778   	-3.65250e-03		         0.11500	-5.30000e+01	
0.44388   	3.30392e-01		         0.11667	-5.10000e+01	
0.45025   	6.87463e-01		         0.11833	-4.90000e+01	
0.45636   	2.78189e-01		         0.12000	-4.80000e+01	
0.46246   	1.04115e+00		         0.12167	-4.60000e+01	
0.46888   	1.09151e+00		         0.12333	-4.50000e+01	
0.47494   	6.23523e-01		         0.12500	-4.40000e+01	
0.48105   	3.21349e-01		         0.12667	-4.30000e+01	
0.48715   	-3.64757e-01		         0.12833	-4.30000e+01	
0.49326   	-1.28764e+00		         0.13000	-4.30000e+01	
0.49963   	-2.29390e+00		         0.13167	-4.40000e+01	
0.50574   	-3.24042e+00		         0.13333	-4.40000e+01	
0.51184   	-4.32178e+00		         0.13500	-4.50000e+01	
0.51795   	-4.96517e+00		         0.13667	-4.70000e+01	
0.52432   	-5.34164e+00		         0.13833	-4.80000e+01	
0.53043   	-5.54586e+00		         0.14000	-4.80000e+01	
0.53653   	-5.60695e+00		         0.14167	-4.90000e+01	
0.54264   	-5.58368e+00		         0.14333	-4.90000e+01	
0.54901   	-5.44607e+00		         0.14500	-4.90000e+01	
0.55512   	-5.30442e+00		         0.14667	-4.80000e+01	
0.56122   	-5.10703e+00		         0.14833	-4.70000e+01	
0.56733   	-4.85376e+00		         0.15000	-4.60000e+01	
0.57371   	-4.54550e+00		         0.15167	-4.40000e+01	
0.57981   	-4.21965e+00		         0.15333	-4.20000e+01	
0.58591   	-3.93453e+00		         0.15500	-4.00000e+01	
0.59202   	-3.63228e+00		         0.15667	-3.80000e+01	
0.59840   	-3.31065e+00		         0.15833	-3.60000e+01	
0.60450   	-3.02099e+00		         0.16000	-3.40000e+01	
0.61060   	-2.76091e+00		         0.16167	-3.20000e+01	
0.61671   	-2.52355e+00		         0.16333	-3.10000e+01	
0.62309   	-2.26574e+00		         0.16500	-3.00000e+01	
0.62919   	-2.08079e+00		         0.16667	-2.90000e+01	
0.63529   	-1.83257e+00		         0.16833	-2.90000e+01	
0.64140   	-1.65589e+00		         0.17000	-2.90000e+01	
0.64778   	-1.43837e+00		         0.17167	-3.00000e+01	
0.65388   	-1.30907e+00		         0.17333	-3.10000e+01	
0.65998   	-1.16256e+00		         0.17500	-3.20000e+01	
0.66609   	-1.07140e+00		         0.17667	-3.20000e+01	
0.67247   	-9.75824e-01		         0.17833	-3.30000e+01	
0.67857   	-9.35489e-01		         0.18000	-3.40000e+01	
0.68472   	-9.22056e-01		         0.18167	-3.40000e+01	
0.69078   	-9.52395e-01		         0.18333	-3.40000e+01	
0.69716   	-9.95920e-01		         0.18500	-3.40000e+01	
0.70326   	-1.05570e+00		         0.18667	-3.40000e+01	
0.70936   	-1.13218e+00		         0.18833	-3.30000e+01	
0.71547   	-1.23307e+00		         0.19000	-3.20000e+01	
0.72184   	-1.31651e+00		         0.19167	-3.00000e+01	
0.72795   	-1.42569e+00		         0.19333	-2.90000e+01	
0.73405   	-1.52428e+00		         0.19500	-2.70000e+01	
0.74016   	-1.61649e+00		         0.19667	-2.60000e+01	
0.74654   	-1.68899e+00		         0.19833	-2.40000e+01	
0.75264   	-1.77175e+00		         0.20000	-2.20000e+01	
0.75875   	-1.77514e+00		         0.20167	-2.00000e+01	
0.76485   	-1.73853e+00		         0.20333	-1.80000e+01	
0.77122   	-1.65165e+00		         0.20500	-1.60000e+01	
0.77733   	-1.54092e+00		         0.20667	-1.50000e+01	
0.78343   	-1.36572e+00		         0.20833	-1.30000e+01	
0.78954   	-1.26584e+00		         0.21000	-1.10000e+01	
0.79591   	-1.23561e+00		         0.21167	-1.00000e+01	
0.80202   	-1.21467e+00		         0.21333	-8.00000e+00	
0.80813   	-1.16793e+00		         0.21500	-7.00000e+00	
0.81423   	-1.18807e+00		         0.21667	-7.00000e+00	
0.82061   	-1.19984e+00		         0.21833	-6.00000e+00	
0.82671   	-1.23019e+00		         0.22000	-5.00000e+00	
0.83281   	-1.31866e+00		         0.22167	-5.00000e+00	
0.83892   	-1.39730e+00		         0.22333	-5.00000e+00	
0.84530   	-1.49217e+00		         0.22500	-5.00000e+00	
0.85140   	-1.74104e+00		         0.22667	-5.00000e+00	
0.85751   	-1.97537e+00		         0.22833	-5.00000e+00	
0.86361   	-2.25308e+00		         0.23000	-5.00000e+00	
0.86998   	-2.63285e+00		         0.23167	-6.00000e+00	
0.87609   	-3.09877e+00		         0.23333	-6.00000e+00	
0.88219   	-3.41418e+00		         0.23500	-7.00000e+00	
0.88830   	-3.80209e+00		         0.23667	-7.00000e+00	
0.89468   	-4.13154e+00		         0.23833	-8.00000e+00	
0.90089   	-4.43905e+00		         0.24000	-8.00000e+00	
0.90689   	-4.69670e+00		         0.24167	-9.00000e+00	
0.91298   	-4.97427e+00		         0.24333	-1.00000e+01	
0.91936   	-5.08533e+00		         0.24500	-1.00000e+01	
0.92547   	-5.15685e+00		         0.24667	-1.00000e+01	
0.93157   	-5.11137e+00		         0.24833	-1.00000e+01	
0.93768   	-4.88609e+00		         0.25000	-1.00000e+01	
0.94406   	-4.52803e+00		         0.25167	-1.00000e+01	
0.95016   	-4.17639e+00		         0.25333	-9.00000e+00	
0.95627   	-3.92808e+00		         0.25500	-8.00000e+00	
0.96237   	-3.85041e+00		         0.25667	-6.00000e+00	
0.96875   	-3.58758e+00		         0.25833	-4.00000e+00	
0.97485   	-3.61375e+00		         0.26000	-1.00000e+00	
0.98095   	-3.78604e+00		         0.26167	2.00000e+00	
0.98706   	-3.73493e+00		         0.26333	4.00000e+00	
0.99344   	-3.10116e+00		         0.26500	7.00000e+00	
0.99954   	-2.68790e+00		         0.26667	9.00000e+00	
1.00565   	-1.87173e+00		         0.26833	1.10000e+01	
1.01175   	-8.83934e-01		         0.27000	1.30000e+01	
1.01813   	9.43434e-02		         0.27167	1.50000e+01	
1.02423   	8.91915e-01		         0.27333	1.60000e+01	
1.03033   	1.64158e+00		         0.27500	1.80000e+01	
1.03644   	2.03170e+00		         0.27667	1.90000e+01	
1.04282   	1.85168e+00		         0.27833	2.00000e+01	
1.04892   	1.30025e+00		         0.28000	2.10000e+01	
1.05502   	6.13733e-01		         0.28167	2.10000e+01	
1.06113   	3.22587e-01		         0.28333	2.20000e+01	
1.06750   	5.22755e-01		         0.28500	2.20000e+01	
1.07361   	1.56064e+00		         0.28667	2.30000e+01	
1.07972   	2.88452e+00		         0.28833	2.40000e+01	
1.08582   	4.06562e+00		         0.29000	2.50000e+01	
1.09220   	4.83826e+00		         0.29167	2.60000e+01	
1.09830   	5.19302e+00		         0.29333	2.70000e+01	
1.10441   	5.15430e+00		         0.29500	2.70000e+01	
1.11051   	5.01584e+00		         0.29667	2.80000e+01	
1.11689   	4.87844e+00		         0.29833	2.80000e+01	
1.12299   	4.73073e+00		         0.30000	2.90000e+01	
1.12910   	4.63856e+00		         0.30167	3.00000e+01	
1.13520   	4.63230e+00		         0.30333	3.10000e+01	
1.14158   	4.65310e+00		         0.30500	3.20000e+01	
1.14768   	4.66262e+00		         0.30667	3.30000e+01	
1.15379   	4.68963e+00		         0.30833	3.40000e+01	
1.15989   	4.78146e+00		         0.31000	3.50000e+01	
1.16627   	4.84097e+00		         0.31167	3.60000e+01	
1.17237   	4.92326e+00		         0.31333	3.70000e+01	
1.17848   	5.00529e+00		         0.31500	3.90000e+01	
1.18458   	5.09629e+00		         0.31667	4.00000e+01	
1.19096   	5.12670e+00		         0.31833	4.10000e+01	
1.19706   	5.14119e+00		         0.32000	4.30000e+01	
1.20316   	5.15623e+00		         0.32167	4.40000e+01	
1.20927   	5.15714e+00		         0.32333	4.50000e+01	
1.21582   	5.13002e+00		         0.32500	4.60000e+01	
1.22175   	5.06177e+00		         0.32667	4.70000e+01	
1.22786   	5.01609e+00		         0.32833	4.80000e+01	
1.23396   	4.96586e+00		         0.33000	4.90000e+01	
1.24034   	4.90554e+00		         0.33167	4.90000e+01	
1.24644   	4.83309e+00		         0.33333	5.00000e+01	
1.25255   	4.70348e+00		         0.33500	5.00000e+01	
1.25865   	4.61223e+00		         0.33667	4.90000e+01	
1.26503   	4.46832e+00		         0.33833	4.90000e+01	
1.27113   	4.35257e+00		         0.34000	4.80000e+01	
1.27724   	4.19262e+00		         0.34167	4.70000e+01	
1.28334   	4.10837e+00		         0.34333	4.60000e+01	
1.28972   	3.97025e+00		         0.34500	4.40000e+01	
1.29582   	3.89291e+00		         0.34667	4.30000e+01	
1.30193   	3.69917e+00		         0.34833	4.20000e+01	
1.30803   	3.52488e+00		         0.35000	4.00000e+01	
1.31441   	3.36372e+00		         0.35167	3.90000e+01	
1.32051   	3.17587e+00		         0.35333	3.80000e+01	
1.32662   	2.96582e+00		         0.35500	3.60000e+01	
1.33272   	2.84094e+00		         0.35667	3.50000e+01	
1.33910   	2.72449e+00		         0.35833	3.40000e+01	
1.34520   	2.57574e+00		         0.36000	3.30000e+01	
1.35130   	2.47646e+00		         0.36167	3.10000e+01	
1.35741   	2.36025e+00		         0.36333	3.00000e+01	
1.36379   	2.21830e+00		         0.36500	2.90000e+01	
1.36990   	2.10192e+00		         0.36667	2.70000e+01	
1.37600   	1.92412e+00		         0.36833	2.50000e+01	
1.38210   	1.75507e+00		         0.37000	2.20000e+01	
1.38848   	1.54211e+00		         0.37167	2.00000e+01	
1.39458   	1.28456e+00		         0.37333	1.80000e+01	
1.40069   	9.31886e-01		         0.37500	1.50000e+01	
1.40679   	5.82382e-01		         0.37667	1.30000e+01	
1.41317   	8.96064e-02		         0.37833	1.00000e+01	
1.41927   	-3.94346e-01		         0.38000	8.00000e+00	
1.42538   	-1.09083e+00		         0.38167	6.00000e+00	
1.43148   	-1.38796e+00		         0.38333	4.00000e+00	
1.43786   	-1.08895e+00		         0.38500	2.00000e+00	
1.44396   	-6.76877e-01		         0.38667	0.00000e+00	
1.45007   	-2.22520e-01		         0.38833	-1.00000e+00	
1.45617   	5.44225e-01		         0.39000	-3.00000e+00	
1.46255   	9.33245e-01		         0.39167	-4.00000e+00	
1.46865   	6.12196e-01		         0.39333	-6.00000e+00	
1.47476   	1.27255e-01		         0.39500	-8.00000e+00	
1.48086   	-6.23762e-01		         0.39667	-9.00000e+00	
1.48724   	-1.50755e+00		         0.39833	-1.10000e+01	
1.49334   	-2.52447e+00		         0.40000	-1.30000e+01	
1.49945   	-3.44664e+00		         0.40167	-1.50000e+01	
1.50555   	-4.25293e+00		         0.40333	-1.60000e+01	
1.51193   	-4.84314e+00		         0.40500	-1.80000e+01	
1.51803   	-5.29564e+00		         0.40667	-2.00000e+01	
1.52414   	-5.55574e+00		         0.40833	-2.20000e+01	
1.53024   	-5.74235e+00		         0.41000	-2.30000e+01	
1.53662   	-5.78116e+00		         0.41167	-2.50000e+01	
1.54272   	-5.68194e+00		         0.41333	-2.60000e+01	
1.54883   	-5.51307e+00		         0.41500	-2.60000e+01	
1.55493   	-5.27325e+00		         0.41667	-2.70000e+01	
1.56131   	-4.96708e+00		         0.41833	-2.70000e+01	
1.56741   	-4.65592e+00		         0.42000	-2.70000e+01	
1.57352   	-4.35658e+00		         0.42167	-2.70000e+01	
1.57962   	-4.08787e+00		         0.42333	-2.60000e+01	
1.58600   	-3.78236e+00		         0.42500	-2.60000e+01	
1.59210   	-3.45348e+00		         0.42667	-2.60000e+01	
1.59840   	-3.13585e+00		         0.42833	-2.60000e+01	
1.60431   	-2.85101e+00		         0.43000	-2.60000e+01	
1.61069   	-2.50921e+00		         0.43167	-2.60000e+01	
1.61679   	-2.22960e+00		         0.43333	-2.70000e+01	
1.62290   	-1.98348e+00		         0.43500	-2.70000e+01	
1.62900   	-1.76107e+00		         0.43667	-2.80000e+01	
1.63538   	-1.52017e+00		         0.43833	-2.90000e+01	
1.64148   	-1.38264e+00		         0.44000	-2.90000e+01	
1.64778   	-1.26076e+00		         0.44167	-3.00000e+01	
1.65369   	-1.17102e+00		         0.44333	-3.00000e+01	
1.66007   	-1.09463e+00		         0.44500	-2.90000e+01	
1.66617   	-1.04625e+00		         0.44667	-2.80000e+01	
1.67228   	-1.01807e+00		         0.44833	-2.70000e+01	
1.67838   	-9.80929e-01		         0.45000	-2.50000e+01	
1.68476   	-9.40907e-01		         0.45167	-2.40000e+01	
1.69087   	-9.80609e-01		         0.45333	-2.20000e+01	
1.69697   	-1.04966e+00		         0.45500	-2.00000e+01	
1.70307   	-1.12854e+00		         0.45667	-1.90000e+01	
1.70945   	-1.24019e+00		         0.45833	-1.70000e+01	
1.71555   	-1.41088e+00		         0.46000	-1.60000e+01	
1.72166   	-1.54793e+00		         0.46167	-1.50000e+01	
1.72776   	-1.65982e+00		         0.46333	-1.40000e+01	
1.73414   	-1.73235e+00		         0.46500	-1.40000e+01	
1.74024   	-1.80760e+00		         0.46667	-1.30000e+01	
1.74635   	-1.76134e+00		         0.46833	-1.30000e+01	
1.75246   	-1.71296e+00		         0.47000	-1.20000e+01	
1.75883   	-1.67362e+00		         0.47167	-1.10000e+01	
1.76493   	-1.63536e+00		         0.47333	-1.10000e+01	
1.77104   	-1.57363e+00		         0.47500	-9.00000e+00	
1.77714   	-1.47436e+00		         0.47667	-8.00000e+00	
1.78352   	-1.41541e+00		         0.47833	-7.00000e+00	
1.78962   	-1.31604e+00		         0.48000	-5.00000e+00	
1.79573   	-1.23796e+00		         0.48167	-4.00000e+00	
1.80183   	-1.12097e+00		         0.48333	-3.00000e+00	
1.80821   	-1.09502e+00		         0.48500	-2.00000e+00	
1.81431   	-1.08971e+00		         0.48667	-1.00000e+00	
1.82042   	-1.05169e+00		         0.48833	0.00000e+00	
1.82652   	-1.08438e+00		         0.49000	0.00000e+00	
1.83290   	-1.20132e+00		         0.49167	0.00000e+00	
1.83900   	-1.37680e+00		         0.49333	-1.00000e+00	
1.84511   	-1.43621e+00		         0.49500	-1.00000e+00	
1.85121   	-1.32251e+00		         0.49667	-2.00000e+00	
1.85759   	-1.64764e+00		         0.49833	-3.00000e+00	
1.86369   	-1.96985e+00		         0.50000	-4.00000e+00	
1.86980   	-2.33297e+00		         0.50167	-4.00000e+00	
1.87590   	-2.82197e+00		         0.50333	-5.00000e+00	
1.88228   	-3.60998e+00		         0.50500	-5.00000e+00	
1.88838   	-4.02878e+00		         0.50667	-4.00000e+00	
1.89449   	-4.43838e+00		         0.50833	-4.00000e+00	
1.90060   	-4.77291e+00		         0.51000	-3.00000e+00	
1.90697   	-5.03814e+00		         0.51167	-3.00000e+00	
1.91307   	-5.25062e+00		         0.51333	-2.00000e+00	
1.91918   	-5.23622e+00		         0.51500	-1.00000e+00	
1.92528   	-5.17155e+00		         0.51667	0.00000e+00	
1.93166   	-4.98632e+00		         0.51833	0.00000e+00	
1.93776   	-4.71550e+00		         0.52000	1.00000e+00	
1.94387   	-4.33806e+00		         0.52167	1.00000e+00	
1.94997   	-4.04761e+00		         0.52333	1.00000e+00	
1.95635   	-3.59645e+00		         0.52500	1.00000e+00	
1.96245   	-3.44133e+00		         0.52667	0.00000e+00	
1.96856   	-3.24332e+00		         0.52833	-1.00000e+00	
1.97466   	-3.01722e+00		         0.53000	-1.00000e+00	
1.98104   	-2.66564e+00		         0.53167	-2.00000e+00	
1.98714   	-2.44869e+00		         0.53333	-2.00000e+00	
1.99325   	-1.70793e+00		         0.53500	-2.00000e+00	
1.99935   	-9.95612e-01		         0.53667	-2.00000e+00	
2.00573   	-4.52894e-01		         0.53833	-2.00000e+00	
2.01183   	2.39779e-01		         0.54000	-2.00000e+00	
2.01794   	1.05900e+00		         0.54167	-2.00000e+00	
2.02404   	1.64204e+00		         0.54333	-2.00000e+00	
2.03042   	2.16174e+00		         0.54500	-3.00000e+00	
2.03652   	2.09600e+00		         0.54667	-3.00000e+00	
2.04263   	1.38289e+00		         0.54833	-3.00000e+00	
2.04873   	7.61881e-01		         0.55000	-4.00000e+00	
2.05511   	4.87360e-01		         0.55167	-4.00000e+00	
2.06121   	5.69371e-01		         0.55333	-5.00000e+00	
2.06732   	1.49014e+00		         0.55500	-5.00000e+00	
2.07342   	2.93729e+00		         0.55667	-6.00000e+00	
2.07980   	4.18642e+00		         0.55833	-5.00000e+00	
2.08590   	4.93367e+00		         0.56000	-5.00000e+00	
2.09201   	5.23806e+00		         0.56167	-4.00000e+00	
2.09811   	5.31692e+00		         0.56333	-4.00000e+00	
2.10449   	5.20209e+00		         0.56500	-3.00000e+00	
2.11059   	4.94577e+00		         0.56667	-2.00000e+00	
2.11670   	4.76381e+00		         0.56833	0.00000e+00	
2.12281   	4.67339e+00		         0.57000	1.00000e+00	
2.12918   	4.58887e+00		         0.57167	1.00000e+00	
2.13529   	4.58267e+00		         0.57333	2.00000e+00	
2.14139   	4.72714e+00		         0.57500	1.00000e+00	
2.14749   	4.80788e+00		         0.57667	1.00000e+00	
2.15387   	4.86063e+00		         0.57833	0.00000e+00	
2.15997   	4.93532e+00		         0.58000	-1.00000e+00	
2.16608   	4.99385e+00		         0.58167	-2.00000e+00	
2.17219   	5.00558e+00		         0.58333	-2.00000e+00	
2.17870   	5.06957e+00		         0.58500	-3.00000e+00	
2.18466   	5.13188e+00		         0.58667	-4.00000e+00	
2.19076   	5.18203e+00		         0.58833	-4.00000e+00	
2.19687   	5.21480e+00		         0.59000	-4.00000e+00	
2.20325   	5.20293e+00		         0.59167	-4.00000e+00	
2.20935   	5.20052e+00		         0.59333	-3.00000e+00	
2.21546   	5.19173e+00		         0.59500	-3.00000e+00	
2.22156   	5.15239e+00		         0.59667	-3.00000e+00	
2.22794   	5.06271e+00		         0.59833	-2.00000e+00	
2.23405   	4.97024e+00		         0.60000	-2.00000e+00	
2.24015   	4.84179e+00		         0.60167	-3.00000e+00	
2.24625   	4.70987e+00		         0.60333	-3.00000e+00	
2.25263   	4.55303e+00		         0.60500	-4.00000e+00	
2.25873   	4.40296e+00		         0.60667	-5.00000e+00	
2.26484   	4.16145e+00		         0.60833	-6.00000e+00	
2.27094   	4.05953e+00		         0.61000	-8.00000e+00	
2.27732   	3.91640e+00		         0.61167	-9.00000e+00	
2.28343   	3.75649e+00		         0.61333	-1.10000e+01	
2.28953   	3.63834e+00		         0.61500	-1.20000e+01	
2.29563   	3.60356e+00		         0.61667	-1.30000e+01	
2.30201   	3.43182e+00		         0.61833	-1.40000e+01	
2.30812   	3.27104e+00		         0.62000	-1.50000e+01	
2.31422   	3.19217e+00		         0.62167	-1.50000e+01	
2.32033   	3.05317e+00		         0.62333	-1.50000e+01	
2.32670   	2.88641e+00		         0.62500	-1.50000e+01	
2.33282   	2.78211e+00		         0.62667	-1.50000e+01	
2.33891   	2.66904e+00		         0.62833	-1.40000e+01	
2.34537   	2.52497e+00		         0.63000	-1.30000e+01	
2.35139   	2.44640e+00		         0.63167	-1.30000e+01	
2.35750   	2.39324e+00		         0.63333	-1.20000e+01	
2.36360   	2.19465e+00		         0.63500	-1.20000e+01	
2.36970   	2.03715e+00		         0.63667	-1.10000e+01	
2.37608   	1.85498e+00		         0.63833	-1.10000e+01	
2.38218   	1.63714e+00		         0.64000	-1.10000e+01	
2.38829   	1.34682e+00		         0.64167	-1.20000e+01	
2.39473   	1.14900e+00		         0.64333	-1.20000e+01	
2.40076   	7.09471e-01		         0.64500	-1.30000e+01	
2.40688   	1.76701e-01		         0.64667	-1.30000e+01	
2.41298   	-3.39454e-01		         0.64833	-1.40000e+01	
2.41909   	-1.05008e+00		         0.65000	-1.40000e+01	
2.42546   	-1.53696e+00		         0.65167	-1.50000e+01	
2.43156   	-1.78059e+00		         0.65333	-1.50000e+01	
2.43767   	-1.47021e+00		         0.65500	-1.50000e+01	
2.44378   	-1.04193e+00		         0.65667	-1.50000e+01	
2.45015   	-2.98053e-01		         0.65833	-1.40000e+01	
2.45626   	1.92886e-01		         0.66000	-1.30000e+01	
2.46236   	5.05829e-01		         0.66167	-1.20000e+01	
2.46846   	1.06704e-01		         0.66333	-1.10000e+01	
2.47484   	-3.57236e-01		         0.66500	-1.00000e+01	
2.48094   	-1.18237e+00		         0.66667	-9.00000e+00	
2.48705   	-2.15606e+00		         0.66833	-8.00000e+00	
2.49315   	-3.05176e+00		         0.67000	-8.00000e+00	
2.49953   	-3.80564e+00		         0.67167	-7.00000e+00	
2.50564   	-4.67019e+00		         0.67333	-7.00000e+00	
2.51174   	-5.18632e+00		         0.67500	-7.00000e+00	
2.51785   	-5.52475e+00		         0.67667	-8.00000e+00	
2.52423   	-5.77394e+00		         0.67833	-9.00000e+00	
2.53032   	-5.78028e+00		         0.68000	-1.00000e+01	
2.53643   	-5.66203e+00		         0.68167	-1.10000e+01	
2.54253   	-5.51503e+00		         0.68333	-1.20000e+01	
2.54891   	-5.26352e+00		         0.68500	-1.40000e+01	
2.55502   	-4.99426e+00		         0.68667	-1.60000e+01	
2.56112   	-4.71333e+00		         0.68833	-1.70000e+01	
2.56723   	-4.39669e+00		         0.69000	-1.90000e+01	
2.57360   	-4.11504e+00		         0.69167	-2.10000e+01	
2.57970   	-3.87507e+00		         0.69333	-2.20000e+01	
2.58581   	-3.53031e+00		         0.69500	-2.30000e+01	
2.59191   	-3.22386e+00		         0.69667	-2.40000e+01	
2.59829   	-2.98244e+00		         0.69833	-2.40000e+01	
2.60440   	-2.71934e+00		         0.70000	-2.50000e+01	
2.61050   	-2.48860e+00		         0.70167	-2.50000e+01	
2.61661   	-2.24192e+00		         0.70333	-2.40000e+01	
2.62298   	-2.05019e+00		         0.70500	-2.30000e+01	
2.62908   	-1.79519e+00		         0.70667	-2.20000e+01	
2.63519   	-1.55727e+00		         0.70833	-2.10000e+01	
2.64130   	-1.30016e+00		         0.71000	-1.90000e+01	
2.64767   	-1.17499e+00		         0.71167	-1.70000e+01	
2.65377   	-1.00958e+00		         0.71333	-1.50000e+01	
2.65988   	-9.42164e-01		         0.71500	-1.40000e+01	
2.66599   	-9.13145e-01		         0.71667	-1.20000e+01	
2.67236   	-8.81730e-01		         0.71833	-1.00000e+01	
2.67846   	-8.93284e-01		         0.72000	-8.00000e+00	
2.68457   	-9.61855e-01		         0.72167	-7.00000e+00	
2.69067   	-1.03374e+00		         0.72333	-6.00000e+00	
2.69705   	-1.16150e+00		         0.72500	-5.00000e+00	
2.70316   	-1.31543e+00		         0.72667	-4.00000e+00	
2.70926   	-1.44408e+00		         0.72833	-4.00000e+00	
2.71537   	-1.56205e+00		         0.73000	-3.00000e+00	
2.72174   	-1.68462e+00		         0.73167	-3.00000e+00	
2.72785   	-1.75160e+00		         0.73333	-3.00000e+00	
2.73395   	-1.83629e+00		         0.73500	-4.00000e+00	
2.74006   	-1.82755e+00		         0.73667	-4.00000e+00	
2.74643   	-1.81885e+00		         0.73833	-5.00000e+00	
2.75254   	-1.79101e+00		         0.74000	-6.00000e+00	
2.75864   	-1.71417e+00		         0.74167	-6.00000e+00	
2.76475   	-1.63964e+00		         0.74333	-7.00000e+00	
2.77112   	-1.64572e+00		         0.74500	-8.00000e+00	
2.77723   	-1.63850e+00		         0.74667	-9.00000e+00	
2.78333   	-1.54324e+00		         0.74833	-1.00000e+01	
2.78944   	-1.49035e+00		         0.75000	-1.00000e+01	
2.79581   	-1.42487e+00		         0.75167	-1.10000e+01	
2.80192   	-1.27105e+00		         0.75333	-1.10000e+01	
2.80802   	-1.18170e+00		         0.75500	-1.10000e+01	
2.81413   	-1.14145e+00		         0.75667	-1.20000e+01	
2.82050   	-1.04335e+00		         0.75833	-1.20000e+01	
2.82687   	-8.80611e-01		         0.76000	-1.30000e+01	
2.83271   	-7.18564e-01		         0.76167	-1.30000e+01	
2.83882   	-8.37354e-01		         0.76333	-1.30000e+01	
2.84519   	-1.21904e+00		         0.76500	-1.30000e+01	
2.85130   	-1.71009e+00		         0.76667	-1.30000e+01	
2.85740   	-2.24571e+00		         0.76833	-1.20000e+01	
2.86351   	-2.96288e+00		         0.77000	-1.20000e+01	
2.86988   	-3.39605e+00		         0.77167	-1.10000e+01	
2.87599   	-3.67566e+00		         0.77333	-1.00000e+01	
2.88209   	-3.95828e+00		         0.77500	-9.00000e+00	
2.88820   	-4.32578e+00		         0.77667	-8.00000e+00	
2.89457   	-4.67087e+00		         0.77833	-6.00000e+00	
2.90068   	-4.96050e+00		         0.78000	-4.00000e+00	
2.90678   	-5.12314e+00		         0.78167	-2.00000e+00	
2.91289   	-5.21834e+00		         0.78333	0.00000e+00	
2.91926   	-5.07708e+00		         0.78500	2.00000e+00	
2.92537   	-4.75994e+00		         0.78667	4.00000e+00	
2.93147   	-4.27986e+00		         0.78833	7.00000e+00	
2.93758   	-4.03865e+00		         0.79000	9.00000e+00	
2.94395   	-3.70821e+00		         0.79167	1.00000e+01	
2.95006   	-3.56461e+00		         0.79333	1.20000e+01	
2.95616   	-3.27045e+00		         0.79500	1.30000e+01	
2.96227   	-3.43120e+00		         0.79667	1.30000e+01	
2.96865   	-3.20583e+00		         0.79833	1.40000e+01	
2.97475   	-2.92598e+00		         0.80000	1.40000e+01	
2.98085   	-2.42343e+00		         0.80167	1.40000e+01	
2.98696   	-1.97031e+00		         0.80333	1.40000e+01	
2.99333   	-1.06797e+00		         0.80500	1.40000e+01	
2.99944   	-3.29114e-01		         0.80667	1.40000e+01	
3.00554   	5.27273e-01		         0.80833	1.40000e+01	
3.01165   	1.27143e+00		         0.81000	1.40000e+01	
3.01802   	1.91098e+00		         0.81167	1.40000e+01	
3.02413   	2.20879e+00		         0.81333	1.40000e+01	
3.03023   	2.64321e+00		         0.81500	1.50000e+01	
			         0.81667	1.50000e+01	
			         0.81833	1.60000e+01	
			         0.82000	1.60000e+01	
			         0.82167	1.70000e+01	
			         0.82333	1.80000e+01	
			         0.82500	1.90000e+01	
			         0.82667	2.00000e+01	
			         0.82833	2.00000e+01	
			         0.83000	2.10000e+01	
			         0.83167	2.20000e+01	
			         0.83333	2.20000e+01	
			         0.83500	2.20000e+01	
			         0.83667	2.20000e+01	
			         0.83833	2.20000e+01	
			         0.84000	2.10000e+01	
			         0.84167	2.00000e+01	
			         0.84333	1.90000e+01	
			         0.84500	1.70000e+01	
			         0.84667	1.50000e+01	
			         0.84833	1.30000e+01	
			         0.85000	1.10000e+01	
			         0.85167	9.00000e+00	
			         0.85333	7.00000e+00	
			         0.85500	5.00000e+00	
			         0.85667	3.00000e+00	
			         0.85833	1.00000e+00	
			         0.86000	0.00000e+00	
			         0.86167	-2.00000e+00	
			         0.86333	-3.00000e+00	
			         0.86500	-4.00000e+00	
			         0.86667	-4.00000e+00	
			         0.86833	-4.00000e+00	
			         0.87000	-5.00000e+00	
			         0.87167	-5.00000e+00	
			         0.87333	-5.00000e+00	
			         0.87500	-5.00000e+00	
			         0.87667	-5.00000e+00	
			         0.87833	-6.00000e+00	
			         0.88000	-6.00000e+00	
			         0.88167	-6.00000e+00	
			         0.88333	-6.00000e+00	
			         0.88500	-6.00000e+00	
			         0.88667	-6.00000e+00	
			         0.88833	-6.00000e+00	
			         0.89000	-7.00000e+00	
			         0.89167	-8.00000e+00	
			         0.89333	-9.00000e+00	
			         0.89500	-1.00000e+01	
			         0.89667	-1.10000e+01	
			         0.89833	-1.30000e+01	
			         0.90000	-1.50000e+01	
			         0.90167	-1.70000e+01	
			         0.90333	-2.00000e+01	
			         0.90500	-2.20000e+01	
			         0.90667	-2.40000e+01	
			         0.90833	-2.60000e+01	
			         0.91000	-2.70000e+01	
			         0.91167	-2.80000e+01	
			         0.91333	-2.90000e+01	
			         0.91500	-2.90000e+01	
			         0.91667	-2.80000e+01	
			         0.91833	-2.70000e+01	
			         0.92000	-2.60000e+01	
			         0.92167	-2.50000e+01	
			         0.92333	-2.30000e+01	
			         0.92500	-2.20000e+01	
			         0.92667	-2.10000e+01	
			         0.92833	-2.00000e+01	
			         0.93000	-1.90000e+01	
			         0.93167	-1.80000e+01	
			         0.93333	-1.80000e+01	
			         0.93500	-1.80000e+01	
			         0.93667	-1.90000e+01	
			         0.93833	-1.90000e+01	
			         0.94000	-2.00000e+01	
			         0.94167	-2.10000e+01	
			         0.94333	-2.20000e+01	
			         0.94500	-2.20000e+01	
			         0.94667	-2.30000e+01	
			         0.94833	-2.30000e+01	
			         0.95000	-2.30000e+01	
			         0.95167	-2.30000e+01	
			         0.95333	-2.30000e+01	
			         0.95500	-2.20000e+01	
			         0.95667	-2.20000e+01	
			         0.95833	-2.20000e+01	
			         0.96000	-2.20000e+01	
			         0.96167	-2.20000e+01	
			         0.96333	-2.20000e+01	
			         0.96500	-2.20000e+01	
			         0.96667	-2.20000e+01	
			         0.96833	-2.20000e+01	
			         0.97000	-2.30000e+01	
			         0.97167	-2.30000e+01	
			         0.97333	-2.30000e+01	
			         0.97500	-2.30000e+01	
			         0.97667	-2.30000e+01	
			         0.97833	-2.30000e+01	
			         0.98000	-2.40000e+01	
			         0.98167	-2.40000e+01	
			         0.98333	-2.50000e+01	
			         0.98500	-2.50000e+01	
			         0.98667	-2.60000e+01	
			         0.98833	-2.60000e+01	
			         0.99000	-2.60000e+01	
			         0.99167	-2.60000e+01	
			         0.99333	-2.40000e+01	
			         0.99500	-2.10000e+01	
			         0.99667	-1.70000e+01	
			         0.99833	-1.10000e+01	
			         1.00000	-3.00000e+00	
			         1.00167	8.00000e+00	
			         1.00333	2.10000e+01	
			         1.00500	3.70000e+01	
			         1.00667	5.60000e+01	
			         1.00833	7.60000e+01	
			         1.01000	9.90000e+01	
			         1.01167	1.23000e+02	
			         1.01333	1.48000e+02	
			         1.01500	1.72000e+02	
			         1.01667	1.95000e+02	
			         1.01833	2.16000e+02	
			         1.02000	2.34000e+02	
			         1.02167	2.49000e+02	
			         1.02333	2.60000e+02	
			         1.02500	2.67000e+02	
			         1.02667	2.68000e+02	
			         1.02833	2.64000e+02	
			         1.03000	2.56000e+02	
			         1.03167	2.43000e+02	
			         1.03333	2.25000e+02	
			         1.03500	2.05000e+02	
			         1.03667	1.81000e+02	
			         1.03833	1.56000e+02	
			         1.04000	1.29000e+02	
			         1.04167	1.02000e+02	
			         1.04333	7.50000e+01	
			         1.04500	5.00000e+01	
			         1.04667	2.60000e+01	
			         1.04833	3.00000e+00	
			         1.05000	-1.70000e+01	
			         1.05167	-3.50000e+01	
			         1.05333	-5.00000e+01	
			         1.05500	-6.30000e+01	
			         1.05667	-7.40000e+01	
			         1.05833	-8.30000e+01	
			         1.06000	-9.00000e+01	
			         1.06167	-9.50000e+01	
			         1.06333	-9.80000e+01	
			         1.06500	-1.00000e+02	
			         1.06667	-1.01000e+02	
			         1.06833	-1.02000e+02	
			         1.07000	-1.01000e+02	
			         1.07167	-1.00000e+02	
			         1.07333	-9.80000e+01	
			         1.07500	-9.60000e+01	
			         1.07667	-9.40000e+01	
			         1.07833	-9.10000e+01	
			         1.08000	-8.90000e+01	
			         1.08167	-8.60000e+01	
			         1.08333	-8.30000e+01	
			         1.08500	-8.10000e+01	
			         1.08667	-7.90000e+01	
			         1.08833	-7.60000e+01	
			         1.09000	-7.40000e+01	
			         1.09167	-7.30000e+01	
			         1.09333	-7.10000e+01	
			         1.09500	-6.90000e+01	
			         1.09667	-6.80000e+01	
			         1.09833	-6.70000e+01	
			         1.10000	-6.60000e+01	
			         1.10167	-6.50000e+01	
			         1.10333	-6.40000e+01	
			         1.10500	-6.30000e+01	
			         1.10667	-6.10000e+01	
			         1.10833	-6.00000e+01	
			         1.11000	-5.90000e+01	
			         1.11167	-5.70000e+01	
			         1.11333	-5.60000e+01	
			         1.11500	-5.50000e+01	
			         1.11667	-5.40000e+01	
			         1.11833	-5.30000e+01	
			         1.12000	-5.10000e+01	
			         1.12167	-5.00000e+01	
			         1.12333	-4.90000e+01	
			         1.12500	-4.70000e+01	
			         1.12667	-4.60000e+01	
			         1.12833	-4.50000e+01	
			         1.13000	-4.40000e+01	
			         1.13167	-4.30000e+01	
			         1.13333	-4.10000e+01	
			         1.13500	-4.00000e+01	
			         1.13667	-3.80000e+01	
			         1.13833	-3.50000e+01	
			         1.14000	-3.30000e+01	
			         1.14167	-3.10000e+01	
			         1.14333	-2.90000e+01	
			         1.14500	-2.70000e+01	
			         1.14667	-2.60000e+01	
			         1.14833	-2.40000e+01	
			         1.15000	-2.30000e+01	
			         1.15167	-2.20000e+01	
			         1.15333	-2.20000e+01	
			         1.15500	-2.20000e+01	
			         1.15667	-2.20000e+01	
			         1.15833	-2.30000e+01	
			         1.16000	-2.40000e+01	
			         1.16167	-2.40000e+01	
			         1.16333	-2.50000e+01	
			         1.16500	-2.60000e+01	
			         1.16667	-2.60000e+01	
			         1.16833	-2.60000e+01	
			         1.17000	-2.60000e+01	
			         1.17167	-2.60000e+01	
			         1.17333	-2.50000e+01	
			         1.17500	-2.50000e+01	
			         1.17667	-2.40000e+01	
			         1.17833	-2.40000e+01	
			         1.18000	-2.30000e+01	
			         1.18167	-2.20000e+01	
			         1.18333	-2.10000e+01	
			         1.18500	-2.00000e+01	
			         1.18667	-1.90000e+01	
			         1.18833	-1.80000e+01	
			         1.19000	-1.70000e+01	
			         1.19167	-1.70000e+01	
			         1.19333	-1.60000e+01	
			         1.19500	-1.60000e+01	
			         1.19667	-1.50000e+01	
			         1.19833	-1.50000e+01	
			         1.20000	-1.50000e+01	
			         1.20167	-1.50000e+01	
			         1.20333	-1.50000e+01	
			         1.20500	-1.50000e+01	
			         1.20667	-1.50000e+01	
			         1.20833	-1.40000e+01	
			         1.21000	-1.30000e+01	
			         1.21167	-1.20000e+01	
			         1.21333	-1.10000e+01	
			         1.21500	-9.00000e+00	
			         1.21667	-8.00000e+00	
			         1.21833	-6.00000e+00	
			         1.22000	-4.00000e+00	
			         1.22167	-2.00000e+00	
			         1.22333	0.00000e+00	
			         1.22500	2.00000e+00	
			         1.22667	3.00000e+00	
			         1.22833	4.00000e+00	
			         1.23000	5.00000e+00	
			         1.23167	6.00000e+00	
			         1.23333	6.00000e+00	
			         1.23500	6.00000e+00	
			         1.23667	7.00000e+00	
			         1.23833	7.00000e+00	
			         1.24000	7.00000e+00	
			         1.24167	8.00000e+00	
			         1.24333	8.00000e+00	
			         1.24500	9.00000e+00	
			         1.24667	1.00000e+01	
			         1.24833	1.10000e+01	
			         1.25000	1.20000e+01	
			         1.25167	1.30000e+01	
			         1.25333	1.50000e+01	
			         1.25500	1.60000e+01	
			         1.25667	1.70000e+01	
			         1.25833	1.80000e+01	
			         1.26000	1.90000e+01	
			         1.26167	2.10000e+01	
			         1.26333	2.20000e+01	
			         1.26500	2.30000e+01	
			         1.26667	2.40000e+01	
			         1.26833	2.50000e+01	
			         1.27000	2.60000e+01	
			         1.27167	2.60000e+01	
			         1.27333	2.60000e+01	
			         1.27500	2.60000e+01	
			         1.27667	2.60000e+01	
			         1.27833	2.50000e+01	
			         1.28000	2.50000e+01	
			         1.28167	2.40000e+01	
			         1.28333	2.40000e+01	
			         1.28500	2.40000e+01	
			         1.28667	2.40000e+01	
			         1.28833	2.50000e+01	
			         1.29000	2.60000e+01	
			         1.29167	2.70000e+01	
			         1.29333	2.90000e+01	
			         1.29500	3.00000e+01	
			         1.29667	3.20000e+01	
			         1.29833	3.30000e+01	
			         1.30000	3.40000e+01	
			         1.30167	3.60000e+01	
			         1.30333	3.70000e+01	
			         1.30500	3.80000e+01	
			         1.30667	3.90000e+01	
			         1.30833	4.10000e+01	
			         1.31000	4.20000e+01	
			         1.31167	4.30000e+01	
			         1.31333	4.50000e+01	
			         1.31500	4.60000e+01	
			         1.31667	4.80000e+01	
			         1.31833	4.90000e+01	
			         1.32000	5.10000e+01	
			         1.32167	5.20000e+01	
			         1.32333	5.20000e+01	
			         1.32500	5.20000e+01	
			         1.32667	5.20000e+01	
			         1.32833	5.10000e+01	
			         1.33000	5.00000e+01	
			         1.33167	4.80000e+01	
			         1.33333	4.60000e+01	
			         1.33500	4.40000e+01	
			         1.33667	4.20000e+01	
			         1.33833	4.00000e+01	
			         1.34000	3.90000e+01	
			         1.34167	3.70000e+01	
			         1.34333	3.50000e+01	
			         1.34500	3.30000e+01	
			         1.34667	3.10000e+01	
			         1.34833	2.90000e+01	
			         1.35000	2.70000e+01	
			         1.35167	2.50000e+01	
			         1.35333	2.30000e+01	
			         1.35500	2.10000e+01	
			         1.35667	1.90000e+01	
			         1.35833	1.70000e+01	
			         1.36000	1.50000e+01	
			         1.36167	1.30000e+01	
			         1.36333	1.10000e+01	
			         1.36500	1.00000e+01	
			         1.36667	9.00000e+00	
			         1.36833	8.00000e+00	
			         1.37000	7.00000e+00	
			         1.37167	6.00000e+00	
			         1.37333	5.00000e+00	
			         1.37500	4.00000e+00	
			         1.37667	3.00000e+00	
			         1.37833	1.00000e+00	
			         1.38000	0.00000e+00	
			         1.38167	-2.00000e+00	
			         1.38333	-4.00000e+00	
			         1.38500	-6.00000e+00	
			         1.38667	-8.00000e+00	
			         1.38833	-1.10000e+01	
			         1.39000	-1.40000e+01	
			         1.39167	-1.60000e+01	
			         1.39333	-1.90000e+01	
			         1.39500	-2.10000e+01	
			         1.39667	-2.30000e+01	
			         1.39833	-2.40000e+01	
			         1.40000	-2.60000e+01	
			         1.40167	-2.70000e+01	
			         1.40333	-2.80000e+01	
			         1.40500	-2.80000e+01	
			         1.40667	-2.80000e+01	
			         1.40833	-2.80000e+01	
			         1.41000	-2.70000e+01	
			         1.41167	-2.70000e+01	
			         1.41333	-2.60000e+01	
			         1.41500	-2.50000e+01	
			         1.41667	-2.50000e+01	
			         1.41833	-2.40000e+01	
			         1.42000	-2.30000e+01	
			         1.42167	-2.20000e+01	
			         1.42333	-2.10000e+01	
			         1.42500	-2.00000e+01	
			         1.42667	-2.00000e+01	
			         1.42833	-1.90000e+01	
			         1.43000	-1.90000e+01	
			         1.43167	-1.90000e+01	
			         1.43333	-1.90000e+01	
			         1.43500	-1.90000e+01	
			         1.43667	-1.80000e+01	
			         1.43833	-1.80000e+01	
			         1.44000	-1.80000e+01	
			         1.44167	-1.80000e+01	
			         1.44333	-1.80000e+01	
			         1.44500	-1.80000e+01	
			         1.44667	-1.80000e+01	
			         1.44833	-1.80000e+01	
			         1.45000	-1.90000e+01	
			         1.45167	-1.90000e+01	
			         1.45333	-1.90000e+01	
			         1.45500	-2.00000e+01	
			         1.45667	-2.00000e+01	
			         1.45833	-2.10000e+01	
			         1.46000	-2.10000e+01	
			         1.46167	-2.10000e+01	
			         1.46333	-2.10000e+01	
			         1.46500	-2.10000e+01	
			         1.46667	-2.00000e+01	
			         1.46833	-1.90000e+01	
			         1.47000	-1.80000e+01	
			         1.47167	-1.70000e+01	
			         1.47333	-1.60000e+01	
			         1.47500	-1.50000e+01	
			         1.47667	-1.50000e+01	
			         1.47833	-1.40000e+01	
			         1.48000	-1.30000e+01	
			         1.48167	-1.30000e+01	
			         1.48333	-1.20000e+01	
			         1.48500	-1.10000e+01	
			         1.48667	-1.00000e+01	
			         1.48833	-9.00000e+00	
			         1.49000	-9.00000e+00	
			         1.49167	-1.00000e+01	
			         1.49333	-1.00000e+01	
			         1.49500	-1.00000e+01	
			         1.49667	-1.10000e+01	
			         1.49833	-1.20000e+01	
			         1.50000	-1.20000e+01	
			         1.50167	-1.30000e+01	
			         1.50333	-1.50000e+01	
			         1.50500	-1.60000e+01	
			         1.50667	-1.70000e+01	
			         1.50833	-1.80000e+01	
			         1.51000	-1.80000e+01	
			         1.51167	-1.90000e+01	
			         1.51333	-1.90000e+01	
			         1.51500	-1.90000e+01	
			         1.51667	-1.80000e+01	
			         1.51833	-1.80000e+01	
			         1.52000	-1.70000e+01	
			         1.52167	-1.70000e+01	
			         1.52333	-1.60000e+01	
			         1.52500	-1.60000e+01	
			         1.52667	-1.50000e+01	
			         1.52833	-1.40000e+01	
			         1.53000	-1.30000e+01	
			         1.53167	-1.30000e+01	
			         1.53333	-1.20000e+01	
			         1.53500	-1.10000e+01	
			         1.53667	-1.10000e+01	
			         1.53833	-1.10000e+01	
			         1.54000	-1.00000e+01	
			         1.54167	-1.00000e+01	
			         1.54333	-9.00000e+00	
			         1.54500	-9.00000e+00	
			         1.54667	-8.00000e+00	
			         1.54833	-8.00000e+00	
			         1.55000	-8.00000e+00	
			         1.55167	-8.00000e+00	
			         1.55333	-8.00000e+00	
			         1.55500	-8.00000e+00	
			         1.55667	-8.00000e+00	
			         1.55833	-8.00000e+00	
			         1.56000	-8.00000e+00	
			         1.56167	-8.00000e+00	
			         1.56333	-8.00000e+00	
			         1.56500	-9.00000e+00	
			         1.56667	-9.00000e+00	
			         1.56833	-1.00000e+01	
			         1.57000	-1.10000e+01	
			         1.57167	-1.10000e+01	
			         1.57333	-1.20000e+01	
			         1.57500	-1.20000e+01	
			         1.57667	-1.30000e+01	
			         1.57833	-1.30000e+01	
			         1.58000	-1.40000e+01	
			         1.58167	-1.40000e+01	
			         1.58333	-1.50000e+01	
			         1.58500	-1.50000e+01	
			         1.58667	-1.50000e+01	
			         1.58833	-1.50000e+01	
			         1.59000	-1.50000e+01	
			         1.59167	-1.40000e+01	
			         1.59333	-1.30000e+01	
			         1.59500	-1.30000e+01	
			         1.59667	-1.20000e+01	
			         1.59833	-1.10000e+01	
			         1.60000	-1.10000e+01	
			         1.60167	-1.10000e+01	
			         1.60333	-1.10000e+01	
			         1.60500	-1.10000e+01	
			         1.60667	-1.10000e+01	
			         1.60833	-1.10000e+01	
			         1.61000	-1.10000e+01	
			         1.61167	-1.10000e+01	
			         1.61333	-1.10000e+01	
			         1.61500	-1.00000e+01	
			         1.61667	-1.00000e+01	
			         1.61833	-1.00000e+01	
			         1.62000	-9.00000e+00	
			         1.62167	-8.00000e+00	
			         1.62333	-7.00000e+00	
			         1.62500	-5.00000e+00	
			         1.62667	-4.00000e+00	
			         1.62833	-3.00000e+00	
			         1.63000	-2.00000e+00	
			         1.63167	-1.00000e+00	
			         1.63333	0.00000e+00	
			         1.63500	0.00000e+00	
			         1.63667	1.00000e+00	
			         1.63833	1.00000e+00	
			         1.64000	1.00000e+00	
			         1.64167	1.00000e+00	
			         1.64333	0.00000e+00	
			         1.64500	0.00000e+00	
			         1.64667	-1.00000e+00	
			         1.64833	-1.00000e+00	
			         1.65000	-1.00000e+00	
			         1.65167	-2.00000e+00	
			         1.65333	-3.00000e+00	
			         1.65500	-4.00000e+00	
			         1.65667	-5.00000e+00	
			         1.65833	-6.00000e+00	
			         1.66000	-7.00000e+00	
			         1.66167	-8.00000e+00	
			         1.66333	-9.00000e+00	
			         1.66500	-1.00000e+01	
			         1.66667	-1.00000e+01	
			         1.66833	-1.10000e+01	
			         1.67000	-1.20000e+01	
			         1.67167	-1.20000e+01	
			         1.67333	-1.10000e+01	
			         1.67500	-1.10000e+01	
			         1.67667	-9.00000e+00	
			         1.67833	-8.00000e+00	
			         1.68000	-7.00000e+00	
			         1.68167	-6.00000e+00	
			         1.68333	-6.00000e+00	
			         1.68500	-5.00000e+00	
			         1.68667	-5.00000e+00	
			         1.68833	-5.00000e+00	
			         1.69000	-5.00000e+00	
			         1.69167	-6.00000e+00	
			         1.69333	-6.00000e+00	
			         1.69500	-7.00000e+00	
			         1.69667	-8.00000e+00	
			         1.69833	-9.00000e+00	
			         1.70000	-9.00000e+00	
			         1.70167	-1.00000e+01	
			         1.70333	-1.00000e+01	
			         1.70500	-1.10000e+01	
			         1.70667	-1.10000e+01	
			         1.70833	-1.10000e+01	
			         1.71000	-1.20000e+01	
			         1.71167	-1.20000e+01	
			         1.71333	-1.10000e+01	
			         1.71500	-1.10000e+01	
			         1.71667	-1.10000e+01	
			         1.71833	-1.00000e+01	
			         1.72000	-1.00000e+01	
			         1.72167	-9.00000e+00	
			         1.72333	-9.00000e+00	
			         1.72500	-8.00000e+00	
			         1.72667	-7.00000e+00	
			         1.72833	-6.00000e+00	
			         1.73000	-5.00000e+00	
			         1.73167	-4.00000e+00	
			         1.73333	-4.00000e+00	
			         1.73500	-4.00000e+00	
			         1.73667	-4.00000e+00	
			         1.73833	-4.00000e+00	
			         1.74000	-5.00000e+00	
			         1.74167	-5.00000e+00	
			         1.74333	-6.00000e+00	
			         1.74500	-6.00000e+00	
			         1.74667	-7.00000e+00	
			         1.74833	-8.00000e+00	
			         1.75000	-9.00000e+00	
			         1.75167	-9.00000e+00	
			         1.75333	-9.00000e+00	
			         1.75500	-9.00000e+00	
			         1.75667	-8.00000e+00	
			         1.75833	-8.00000e+00	
			         1.76000	-7.00000e+00	
			         1.76167	-7.00000e+00	
			         1.76333	-6.00000e+00	
			         1.76500	-5.00000e+00	
			         1.76667	-4.00000e+00	
			         1.76833	-3.00000e+00	
			         1.77000	-2.00000e+00	
			         1.77167	-1.00000e+00	
			         1.77333	0.00000e+00	
			         1.77500	2.00000e+00	
			         1.77667	4.00000e+00	
			         1.77833	6.00000e+00	
			         1.78000	8.00000e+00	
			         1.78167	1.10000e+01	
			         1.78333	1.30000e+01	
			         1.78500	1.60000e+01	
			         1.78667	1.80000e+01	
			         1.78833	2.00000e+01	
			         1.79000	2.20000e+01	
			         1.79167	2.40000e+01	
			         1.79333	2.50000e+01	
			         1.79500	2.60000e+01	
			         1.79667	2.70000e+01	
			         1.79833	2.80000e+01	
			         1.80000	2.80000e+01	
			         1.80167	2.90000e+01	
			         1.80333	2.90000e+01	
			         1.80500	3.00000e+01	
			         1.80667	3.00000e+01	
			         1.80833	3.10000e+01	
			         1.81000	3.10000e+01	
			         1.81167	3.20000e+01	
			         1.81333	3.20000e+01	
			         1.81500	3.20000e+01	
			         1.81667	3.30000e+01	
			         1.81833	3.30000e+01	
			         1.82000	3.20000e+01	
			         1.82167	3.20000e+01	
			         1.82333	3.10000e+01	
			         1.82500	3.00000e+01	
			         1.82667	2.80000e+01	
			         1.82833	2.70000e+01	
			         1.83000	2.50000e+01	
			         1.83167	2.40000e+01	
			         1.83333	2.30000e+01	
			         1.83500	2.10000e+01	
			         1.83667	1.90000e+01	
			         1.83833	1.70000e+01	
			         1.84000	1.50000e+01	
			         1.84167	1.30000e+01	
			         1.84333	1.10000e+01	
			         1.84500	9.00000e+00	
			         1.84667	7.00000e+00	
			         1.84833	5.00000e+00	
			         1.85000	3.00000e+00	
			         1.85167	1.00000e+00	
			         1.85333	-1.00000e+00	
			         1.85500	-3.00000e+00	
			         1.85667	-5.00000e+00	
			         1.85833	-7.00000e+00	
			         1.86000	-8.00000e+00	
			         1.86167	-1.00000e+01	
			         1.86333	-1.20000e+01	
			         1.86500	-1.40000e+01	
			         1.86667	-1.60000e+01	
			         1.86833	-1.80000e+01	
			         1.87000	-1.90000e+01	
			         1.87167	-2.10000e+01	
			         1.87333	-2.30000e+01	
			         1.87500	-2.40000e+01	
			         1.87667	-2.60000e+01	
			         1.87833	-2.60000e+01	
			         1.88000	-2.70000e+01	
			         1.88167	-2.70000e+01	
			         1.88333	-2.70000e+01	
			         1.88500	-2.70000e+01	
			         1.88667	-2.60000e+01	
			         1.88833	-2.60000e+01	
			         1.89000	-2.60000e+01	
			         1.89167	-2.70000e+01	
			         1.89333	-2.70000e+01	
			         1.89500	-2.80000e+01	
			         1.89667	-3.00000e+01	
			         1.89833	-3.10000e+01	
			         1.90000	-3.30000e+01	
			         1.90167	-3.50000e+01	
			         1.90333	-3.60000e+01	
			         1.90500	-3.70000e+01	
			         1.90667	-3.80000e+01	
			         1.90833	-3.90000e+01	
			         1.91000	-3.90000e+01	
			         1.91167	-3.90000e+01	
			         1.91333	-3.80000e+01	
			         1.91500	-3.70000e+01	
			         1.91667	-3.60000e+01	
			         1.91833	-3.50000e+01	
			         1.92000	-3.30000e+01	
			         1.92167	-3.20000e+01	
			         1.92333	-3.20000e+01	
			         1.92500	-3.10000e+01	
			         1.92667	-3.10000e+01	
			         1.92833	-3.10000e+01	
			         1.93000	-3.10000e+01	
			         1.93167	-3.10000e+01	
			         1.93333	-3.10000e+01	
			         1.93500	-3.10000e+01	
			         1.93667	-3.10000e+01	
			         1.93833	-3.00000e+01	
			         1.94000	-3.00000e+01	
			         1.94167	-2.90000e+01	
			         1.94333	-2.90000e+01	
			         1.94500	-2.80000e+01	
			         1.94667	-2.80000e+01	
			         1.94833	-2.80000e+01	
			         1.95000	-2.80000e+01	
			         1.95167	-2.80000e+01	
			         1.95333	-2.80000e+01	
			         1.95500	-2.80000e+01	
			         1.95667	-2.80000e+01	
			         1.95833	-2.90000e+01	
			         1.96000	-2.90000e+01	
			         1.96167	-2.90000e+01	
			         1.96333	-2.90000e+01	
			         1.96500	-2.80000e+01	
			         1.96667	-2.70000e+01	
			         1.96833	-2.60000e+01	
			         1.97000	-2.50000e+01	
			         1.97167	-2.50000e+01	
			         1.97333	-2.50000e+01	
			         1.97500	-2.50000e+01	
			         1.97667	-2.60000e+01	
			         1.97833	-2.70000e+01	
			         1.98000	-2.80000e+01	
			         1.98167	-3.00000e+01	
			         1.98333	-3.10000e+01	
			         1.98500	-3.30000e+01	
			         1.98667	-3.30000e+01	
			         1.98833	-3.30000e+01	
			         1.99000	-3.10000e+01	
			         1.99167	-2.70000e+01	
			         1.99333	-2.10000e+01	
			         1.99500	-1.20000e+01	
			         1.99667	-1.00000e+00	
			         1.99833	1.30000e+01	
			         2.00000	3.00000e+01	
			         2.00167	5.00000e+01	
			         2.00333	7.20000e+01	
			         2.00500	9.70000e+01	
			         2.00667	1.22000e+02	
			         2.00833	1.48000e+02	
			         2.01000	1.73000e+02	
			         2.01167	1.98000e+02	
			         2.01333	2.19000e+02	
			         2.01500	2.38000e+02	
			         2.01667	2.53000e+02	
			         2.01833	2.63000e+02	
			         2.02000	2.69000e+02	
			         2.02167	2.69000e+02	
			         2.02333	2.64000e+02	
			         2.02500	2.54000e+02	
			         2.02667	2.39000e+02	
			         2.02833	2.20000e+02	
			         2.03000	1.98000e+02	
			         2.03167	1.73000e+02	
			         2.03333	1.47000e+02	
			         2.03500	1.21000e+02	
			         2.03667	9.40000e+01	
			         2.03833	6.90000e+01	
			         2.04000	4.50000e+01	
			         2.04167	2.30000e+01	
			         2.04333	2.00000e+00	
			         2.04500	-1.60000e+01	
			         2.04667	-3.20000e+01	
			         2.04833	-4.60000e+01	
			         2.05000	-5.70000e+01	
			         2.05167	-6.60000e+01	
			         2.05333	-7.40000e+01	
			         2.05500	-7.90000e+01	
			         2.05667	-8.40000e+01	
			         2.05833	-8.60000e+01	
			         2.06000	-8.80000e+01	
			         2.06167	-8.90000e+01	
			         2.06333	-8.90000e+01	
			         2.06500	-8.80000e+01	
			         2.06667	-8.70000e+01	
			         2.06833	-8.50000e+01	
			         2.07000	-8.30000e+01	
			         2.07167	-8.10000e+01	
			         2.07333	-7.90000e+01	
			         2.07500	-7.80000e+01	
			         2.07667	-7.60000e+01	
			         2.07833	-7.50000e+01	
			         2.08000	-7.30000e+01	
			         2.08167	-7.20000e+01	
			         2.08333	-7.00000e+01	
			         2.08500	-6.90000e+01	
			         2.08667	-6.70000e+01	
			         2.08833	-6.50000e+01	
			         2.09000	-6.30000e+01	
			         2.09167	-6.10000e+01	
			         2.09333	-5.90000e+01	
			         2.09500	-5.80000e+01	
			         2.09667	-5.60000e+01	
			         2.09833	-5.40000e+01	
			         2.10000	-5.30000e+01	
			         2.10167	-5.20000e+01	
			         2.10333	-5.10000e+01	
			         2.10500	-5.00000e+01	
			         2.10667	-5.00000e+01	
			         2.10833	-4.90000e+01	
			         2.11000	-4.80000e+01	
			         2.11167	-4.70000e+01	
			         2.11333	-4.60000e+01	
			         2.11500	-4.50000e+01	
			         2.11667	-4.40000e+01	
			         2.11833	-4.30000e+01	
			         2.12000	-4.20000e+01	
			         2.12167	-4.10000e+01	
			         2.12333	-4.00000e+01	
			         2.12500	-3.80000e+01	
			         2.12667	-3.70000e+01	
			         2.12833	-3.60000e+01	
			         2.13000	-3.40000e+01	
			         2.13167	-3.30000e+01	
			         2.13333	-3.10000e+01	
			         2.13500	-3.00000e+01	
			         2.13667	-2.90000e+01	
			         2.13833	-2.70000e+01	
			         2.14000	-2.60000e+01	
			         2.14167	-2.40000e+01	
			         2.14333	-2.30000e+01	
			         2.14500	-2.10000e+01	
			         2.14667	-2.00000e+01	
			         2.14833	-2.00000e+01	
			         2.15000	-1.90000e+01	
			         2.15167	-1.80000e+01	
			         2.15333	-1.70000e+01	
			         2.15500	-1.60000e+01	
			         2.15667	-1.50000e+01	
			         2.15833	-1.50000e+01	
			         2.16000	-1.40000e+01	
			         2.16167	-1.40000e+01	
			         2.16333	-1.40000e+01	
			         2.16500	-1.40000e+01	
			         2.16667	-1.40000e+01	
			         2.16833	-1.40000e+01	
			         2.17000	-1.40000e+01	
			         2.17167	-1.40000e+01	
			         2.17333	-1.40000e+01	
			         2.17500	-1.40000e+01	
			         2.17667	-1.30000e+01	
			         2.17833	-1.30000e+01	
			         2.18000	-1.20000e+01	
			         2.18167	-1.00000e+01	
			         2.18333	-9.00000e+00	
			         2.18500	-7.00000e+00	
			         2.18667	-6.00000e+00	
			         2.18833	-4.00000e+00	
			         2.19000	-3.00000e+00	
			         2.19167	-1.00000e+00	
			         2.19333	0.00000e+00	
			         2.19500	1.00000e+00	
			         2.19667	2.00000e+00	
			         2.19833	2.00000e+00	
			         2.20000	3.00000e+00	
			         2.20167	3.00000e+00	
			         2.20333	3.00000e+00	
			         2.20500	3.00000e+00	
			         2.20667	3.00000e+00	
			         2.20833	2.00000e+00	
			         2.21000	2.00000e+00	
			         2.21167	2.00000e+00	
			         2.21333	2.00000e+00	
			         2.21500	2.00000e+00	
			         2.21667	2.00000e+00	
			         2.21833	2.00000e+00	
			         2.22000	2.00000e+00	
			         2.22167	2.00000e+00	
			         2.22333	2.00000e+00	
			         2.22500	3.00000e+00	
			         2.22667	3.00000e+00	
			         2.22833	3.00000e+00	
			         2.23000	3.00000e+00	
			         2.23167	3.00000e+00	
			         2.23333	4.00000e+00	
			         2.23500	4.00000e+00	
			         2.23667	5.00000e+00	
			         2.23833	5.00000e+00	
			         2.24000	6.00000e+00	
			         2.24167	7.00000e+00	
			         2.24333	9.00000e+00	
			         2.24500	1.10000e+01	
			         2.24667	1.30000e+01	
			         2.24833	1.50000e+01	
			         2.25000	1.70000e+01	
			         2.25167	1.90000e+01	
			         2.25333	2.10000e+01	
			         2.25500	2.20000e+01	
			         2.25667	2.40000e+01	
			         2.25833	2.50000e+01	
			         2.26000	2.60000e+01	
			         2.26167	2.70000e+01	
			         2.26333	2.70000e+01	
			         2.26500	2.70000e+01	
			         2.26667	2.80000e+01	
			         2.26833	2.80000e+01	
			         2.27000	2.90000e+01	
			         2.27167	3.00000e+01	
			         2.27333	3.10000e+01	
			         2.27500	3.20000e+01	
			         2.27667	3.40000e+01	
			         2.27833	3.50000e+01	
			         2.28000	3.70000e+01	
			         2.28167	3.80000e+01	
			         2.28333	3.90000e+01	
			         2.28500	4.00000e+01	
			         2.28667	4.10000e+01	
			         2.28833	4.20000e+01	
			         2.29000	4.20000e+01	
			         2.29167	4.20000e+01	
			         2.29333	4.30000e+01	
			         2.29500	4.30000e+01	
			         2.29667	4.30000e+01	
			         2.29833	4.40000e+01	
			         2.30000	4.40000e+01	
			         2.30167	4.50000e+01	
			         2.30333	4.50000e+01	
			         2.30500	4.60000e+01	
			         2.30667	4.70000e+01	
			         2.30833	4.80000e+01	
			         2.31000	4.90000e+01	
			         2.31167	5.00000e+01	
			         2.31333	5.00000e+01	
			         2.31500	5.10000e+01	
			         2.31667	5.10000e+01	
			         2.31833	5.20000e+01	
			         2.32000	5.20000e+01	
			         2.32167	5.20000e+01	
			         2.32333	5.10000e+01	
			         2.32500	5.10000e+01	
			         2.32667	5.10000e+01	
			         2.32833	5.00000e+01	
			         2.33000	4.90000e+01	
			         2.33167	4.90000e+01	
			         2.33333	4.80000e+01	
			         2.33500	4.80000e+01	
			         2.33667	4.70000e+01	
			         2.33833	4.60000e+01	
			         2.34000	4.50000e+01	
			         2.34167	4.50000e+01	
			         2.34333	4.40000e+01	
			         2.34500	4.30000e+01	
			         2.34667	4.20000e+01	
			         2.34833	4.00000e+01	
			         2.35000	3.90000e+01	
			         2.35167	3.70000e+01	
			         2.35333	3.50000e+01	
			         2.35500	3.30000e+01	
			         2.35667	3.10000e+01	
			         2.35833	2.80000e+01	
			         2.36000	2.60000e+01	
			         2.36167	2.40000e+01	
			         2.36333	2.20000e+01	
			         2.36500	2.00000e+01	
			         2.36667	1.80000e+01	
			         2.36833	1.60000e+01	
			         2.37000	1.50000e+01	
			         2.37167	1.40000e+01	
			         2.37333	1.20000e+01	
			         2.37500	1.10000e+01	
			         2.37667	9.00000e+00	
			         2.37833	8.00000e+00	
			         2.38000	6.00000e+00	
			         2.38167	4.00000e+00	
			         2.38333	2.00000e+00	
			         2.38500	-1.00000e+00	
			         2.38667	-3.00000e+00	
			         2.38833	-5.00000e+00	
			         2.39000	-8.00000e+00	
			         2.39167	-1.00000e+01	
			         2.39333	-1.20000e+01	
			         2.39500	-1.40000e+01	
			         2.39667	-1.50000e+01	
			         2.39833	-1.70000e+01	
			         2.40000	-1.80000e+01	
			         2.40167	-1.90000e+01	
			         2.40333	-2.00000e+01	
			         2.40500	-2.00000e+01	
			         2.40667	-2.00000e+01	
			         2.40833	-2.10000e+01	
			         2.41000	-2.10000e+01	
			         2.41167	-2.10000e+01	
			         2.41333	-2.10000e+01	
			         2.41500	-2.10000e+01	
			         2.41667	-2.20000e+01	
			         2.41833	-2.20000e+01	
			         2.42000	-2.20000e+01	
			         2.42167	-2.30000e+01	
			         2.42333	-2.30000e+01	
			         2.42500	-2.30000e+01	
			         2.42667	-2.30000e+01	
			         2.42833	-2.20000e+01	
			         2.43000	-2.20000e+01	
			         2.43167	-2.30000e+01	
			         2.43333	-2.30000e+01	
			         2.43500	-2.20000e+01	
			         2.43667	-2.20000e+01	
			         2.43833	-2.10000e+01	
			         2.44000	-2.00000e+01	
			         2.44167	-1.90000e+01	
			         2.44333	-1.80000e+01	
			         2.44500	-1.70000e+01	
			         2.44667	-1.60000e+01	
			         2.44833	-1.50000e+01	
			         2.45000	-1.40000e+01	
			         2.45167	-1.30000e+01	
			         2.45333	-1.20000e+01	
			         2.45500	-1.20000e+01	
			         2.45667	-1.10000e+01	
			         2.45833	-1.10000e+01	
			         2.46000	-1.20000e+01	
			         2.46167	-1.30000e+01	
			         2.46333	-1.40000e+01	
			         2.46500	-1.50000e+01	
			         2.46667	-1.60000e+01	
			         2.46833	-1.70000e+01	
			         2.47000	-1.80000e+01	
			         2.47167	-1.80000e+01	
			         2.47333	-1.80000e+01	
			         2.47500	-1.80000e+01	
			         2.47667	-1.80000e+01	
			         2.47833	-1.70000e+01	
			         2.48000	-1.50000e+01	
			         2.48167	-1.40000e+01	
			         2.48333	-1.20000e+01	
			         2.48500	-1.10000e+01	
			         2.48667	-9.00000e+00	
			         2.48833	-8.00000e+00	
			         2.49000	-8.00000e+00	
			         2.49167	-7.00000e+00	
			         2.49333	-7.00000e+00	
			         2.49500	-7.00000e+00	
			         2.49667	-8.00000e+00	
			         2.49833	-8.00000e+00	
			         2.50000	-9.00000e+00	
			         2.50167	-1.00000e+01	
			         2.50333	-1.00000e+01	
			         2.50500	-1.10000e+01	
			         2.50667	-1.10000e+01	
			         2.50833	-1.00000e+01	
			         2.51000	-1.00000e+01	
			         2.51167	-9.00000e+00	
			         2.51333	-8.00000e+00	
			         2.51500	-7.00000e+00	
			         2.51667	-7.00000e+00	
			         2.51833	-6.00000e+00	
			         2.52000	-5.00000e+00	
			         2.52167	-5.00000e+00	
			         2.52333	-4.00000e+00	
			         2.52500	-4.00000e+00	
			         2.52667	-4.00000e+00	
			         2.52833	-4.00000e+00	
			         2.53000	-4.00000e+00	
			         2.53167	-4.00000e+00	
			         2.53333	-4.00000e+00	
			         2.53500	-3.00000e+00	
			         2.53667	-3.00000e+00	
			         2.53833	-2.00000e+00	
			         2.54000	-1.00000e+00	
			         2.54167	0.00000e+00	
			         2.54333	1.00000e+00	
			         2.54500	3.00000e+00	
			         2.54667	4.00000e+00	
			         2.54833	5.00000e+00	
			         2.55000	6.00000e+00	
			         2.55167	6.00000e+00	
			         2.55333	7.00000e+00	
			         2.55500	7.00000e+00	
			         2.55667	8.00000e+00	
			         2.55833	8.00000e+00	
			         2.56000	8.00000e+00	
			         2.56167	8.00000e+00	
			         2.56333	8.00000e+00	
			         2.56500	7.00000e+00	
			         2.56667	7.00000e+00	
			         2.56833	7.00000e+00	
			         2.57000	6.00000e+00	
			         2.57167	5.00000e+00	
			         2.57333	5.00000e+00	
			         2.57500	4.00000e+00	
			         2.57667	3.00000e+00	
			         2.57833	2.00000e+00	
			         2.58000	1.00000e+00	
			         2.58167	0.00000e+00	
			         2.58333	-1.00000e+00	
			         2.58500	-1.00000e+00	
			         2.58667	-1.00000e+00	
			         2.58833	-2.00000e+00	
			         2.59000	-2.00000e+00	
			         2.59167	-2.00000e+00	
			         2.59333	-2.00000e+00	
			         2.59500	-2.00000e+00	
			         2.59667	-1.00000e+00	
			         2.59833	-1.00000e+00	
			         2.60000	-1.00000e+00	
			         2.60167	-1.00000e+00	
			         2.60333	-1.00000e+00	
			         2.60500	-1.00000e+00	
			         2.60667	-1.00000e+00	
			         2.60833	-1.00000e+00	
			         2.61000	0.00000e+00	
			         2.61167	0.00000e+00	
			         2.61333	1.00000e+00	
			         2.61500	1.00000e+00	
			         2.61667	1.00000e+00	
			         2.61833	1.00000e+00	
			         2.62000	1.00000e+00	
			         2.62167	0.00000e+00	
			         2.62333	-1.00000e+00	
			         2.62500	-2.00000e+00	
			         2.62667	-3.00000e+00	
			         2.62833	-5.00000e+00	
			         2.63000	-7.00000e+00	
			         2.63167	-9.00000e+00	
			         2.63333	-1.10000e+01	
			         2.63500	-1.20000e+01	
			         2.63667	-1.30000e+01	
			         2.63833	-1.30000e+01	
			         2.64000	-1.30000e+01	
			         2.64167	-1.20000e+01	
			         2.64333	-1.10000e+01	
			         2.64500	-1.00000e+01	
			         2.64667	-8.00000e+00	
			         2.64833	-7.00000e+00	
			         2.65000	-5.00000e+00	
			         2.65167	-4.00000e+00	
			         2.65333	-3.00000e+00	
			         2.65500	-2.00000e+00	
			         2.65667	-1.00000e+00	
			         2.65833	-1.00000e+00	
			         2.66000	0.00000e+00	
			         2.66167	0.00000e+00	
			         2.66333	0.00000e+00	
			         2.66500	-1.00000e+00	
			         2.66667	-1.00000e+00	
			         2.66833	-1.00000e+00	
			         2.67000	-2.00000e+00	
			         2.67167	-2.00000e+00	
			         2.67333	-3.00000e+00	
			         2.67500	-3.00000e+00	
			         2.67667	-4.00000e+00	
			         2.67833	-4.00000e+00	
			         2.68000	-5.00000e+00	
			         2.68167	-5.00000e+00	
			         2.68333	-5.00000e+00	
			         2.68500	-5.00000e+00	
			         2.68667	-5.00000e+00	
			         2.68833	-4.00000e+00	
			         2.69000	-4.00000e+00	
			         2.69167	-3.00000e+00	
			         2.69333	-3.00000e+00	
			         2.69500	-2.00000e+00	
			         2.69667	-1.00000e+00	
			         2.69833	-1.00000e+00	
			         2.70000	0.00000e+00	
			         2.70167	0.00000e+00	
			         2.70333	0.00000e+00	
			         2.70500	0.00000e+00	
			         2.70667	-1.00000e+00	
			         2.70833	-1.00000e+00	
			         2.71000	-1.00000e+00	
			         2.71167	-1.00000e+00	
			         2.71333	-1.00000e+00	
			         2.71500	-1.00000e+00	
			         2.71667	-1.00000e+00	
			         2.71833	-1.00000e+00	
			         2.72000	0.00000e+00	
			         2.72167	1.00000e+00	
			         2.72333	2.00000e+00	
			         2.72500	3.00000e+00	
			         2.72667	4.00000e+00	
			         2.72833	5.00000e+00	
			         2.73000	6.00000e+00	
			         2.73167	6.00000e+00	
			         2.73333	6.00000e+00	
			         2.73500	5.00000e+00	
			         2.73667	5.00000e+00	
			         2.73833	5.00000e+00	
			         2.74000	5.00000e+00	
			         2.74167	5.00000e+00	
			         2.74333	5.00000e+00	
			         2.74500	5.00000e+00	
			         2.74667	4.00000e+00	
			         2.74833	4.00000e+00	
			         2.75000	4.00000e+00	
			         2.75167	5.00000e+00	
			         2.75333	5.00000e+00	
			         2.75500	6.00000e+00	
			         2.75667	6.00000e+00	
			         2.75833	6.00000e+00	
			         2.76000	6.00000e+00	
			         2.76167	6.00000e+00	
			         2.76333	5.00000e+00	
			         2.76500	5.00000e+00	
			         2.76667	5.00000e+00	
			         2.76833	5.00000e+00	
			         2.77000	6.00000e+00	
			         2.77167	6.00000e+00	
			         2.77333	6.00000e+00	
			         2.77500	7.00000e+00	
			         2.77667	7.00000e+00	
			         2.77833	8.00000e+00	
			         2.78000	9.00000e+00	
			         2.78167	1.00000e+01	
			         2.78333	1.10000e+01	
			         2.78500	1.10000e+01	
			         2.78667	1.20000e+01	
			         2.78833	1.30000e+01	
			         2.79000	1.40000e+01	
			         2.79167	1.50000e+01	
			         2.79333	1.60000e+01	
			         2.79500	1.70000e+01	
			         2.79667	1.90000e+01	
			         2.79833	2.00000e+01	
			         2.80000	2.20000e+01	
			         2.80167	2.40000e+01	
			         2.80333	2.50000e+01	
			         2.80500	2.60000e+01	
			         2.80667	2.70000e+01	
			         2.80833	2.80000e+01	
			         2.81000	2.90000e+01	
			         2.81167	2.90000e+01	
			         2.81333	2.90000e+01	
			         2.81500	2.90000e+01	
			         2.81667	2.80000e+01	
			         2.81833	2.80000e+01	
			         2.82000	2.70000e+01	
			         2.82167	2.60000e+01	
			         2.82333	2.50000e+01	
			         2.82500	2.40000e+01	
			         2.82667	2.30000e+01	
			         2.82833	2.20000e+01	
			         2.83000	2.20000e+01	
			         2.83167	2.10000e+01	
			         2.83333	2.00000e+01	
			         2.83500	1.90000e+01	
			         2.83667	1.70000e+01	
			         2.83833	1.60000e+01	
			         2.84000	1.40000e+01	
			         2.84167	1.30000e+01	
			         2.84333	1.10000e+01	
			         2.84500	8.00000e+00	
			         2.84667	6.00000e+00	
			         2.84833	4.00000e+00	
			         2.85000	2.00000e+00	
			         2.85167	0.00000e+00	
			         2.85333	-2.00000e+00	
			         2.85500	-3.00000e+00	
			         2.85667	-5.00000e+00	
			         2.85833	-6.00000e+00	
			         2.86000	-6.00000e+00	
			         2.86167	-7.00000e+00	
			         2.86333	-7.00000e+00	
			         2.86500	-8.00000e+00	
			         2.86667	-8.00000e+00	
			         2.86833	-7.00000e+00	
			         2.87000	-8.00000e+00	
			         2.87167	-8.00000e+00	
			         2.87333	-8.00000e+00	
			         2.87500	-9.00000e+00	
			         2.87667	-9.00000e+00	
			         2.87833	-1.00000e+01	
			         2.88000	-1.10000e+01	
			         2.88167	-1.20000e+01	
			         2.88333	-1.30000e+01	
			         2.88500	-1.40000e+01	
			         2.88667	-1.50000e+01	
			         2.88833	-1.70000e+01	
			         2.89000	-1.80000e+01	
			         2.89167	-1.90000e+01	
			         2.89333	-2.00000e+01	
			         2.89500	-2.20000e+01	
			         2.89667	-2.30000e+01	
			         2.89833	-2.30000e+01	
			         2.90000	-2.40000e+01	
			         2.90167	-2.40000e+01	
			         2.90333	-2.40000e+01	
			         2.90500	-2.40000e+01	
			         2.90667	-2.40000e+01	
			         2.90833	-2.50000e+01	
			         2.91000	-2.50000e+01	
			         2.91167	-2.60000e+01	
			         2.91333	-2.60000e+01	
			         2.91500	-2.60000e+01	
			         2.91667	-2.70000e+01	
			         2.91833	-2.70000e+01	
			         2.92000	-2.70000e+01	
			         2.92167	-2.70000e+01	
			         2.92333	-2.70000e+01	
			         2.92500	-2.70000e+01	
			         2.92667	-2.60000e+01	
			         2.92833	-2.50000e+01	
			         2.93000	-2.40000e+01	
			         2.93167	-2.30000e+01	
			         2.93333	-2.10000e+01	
			         2.93500	-1.90000e+01	
			         2.93667	-1.80000e+01	
			         2.93833	-1.60000e+01	
			         2.94000	-1.50000e+01	
			         2.94167	-1.40000e+01	
			         2.94333	-1.40000e+01	
			         2.94500	-1.40000e+01	
			         2.94667	-1.40000e+01	
			         2.94833	-1.40000e+01	
			         2.95000	-1.50000e+01	
			         2.95167	-1.50000e+01	
			         2.95333	-1.50000e+01	
			         2.95500	-1.50000e+01	
			         2.95667	-1.40000e+01	
			         2.95833	-1.40000e+01	
			         2.96000	-1.30000e+01	
			         2.96167	-1.30000e+01	
			         2.96333	-1.30000e+01	
			         2.96500	-1.30000e+01	
			         2.96667	-1.30000e+01	
			         2.96833	-1.40000e+01	
			         2.97000	-1.50000e+01	
			         2.97167	-1.70000e+01	
			         2.97333	-1.90000e+01	
			         2.97500	-2.10000e+01	
			         2.97667	-2.20000e+01	
			         2.97833	-2.30000e+01	
			         2.98000	-2.30000e+01	
			         2.98167	-2.20000e+01	
			         2.98333	-1.90000e+01	
			         2.98500	-1.40000e+01	
			         2.98667	-6.00000e+00	
			         2.98833	3.00000e+00	
			         2.99000	1.60000e+01	
			         2.99167	3.20000e+01	
			         2.99333	5.00000e+01	
			         2.99500	7.10000e+01	
			         2.99667	9.40000e+01	
			         2.99833	1.18000e+02	
			         3.00000	1.43000e+02	
			         3.00167	1.68000e+02	
			         3.00333	1.92000e+02	
			         3.00500	2.15000e+02	
			         3.00667	2.35000e+02	
			         3.00833	2.51000e+02	
			         3.01000	2.64000e+02	
			         3.01167	2.73000e+02	
			         3.01333	2.77000e+02	
			         3.01500	2.76000e+02	
			         3.01667	2.70000e+02	
			         3.01833	2.59000e+02	
			         3.02000	2.44000e+02	
			         3.02167	2.25000e+02	
			         3.02333	2.04000e+02	
			         3.02500	1.80000e+02	
			         3.02667	1.54000e+02	
			         3.02833	1.28000e+02	
			         3.03000	1.02000e+02	
			         3.03167	7.60000e+01	
			         3.03333	5.20000e+01	
			         3.03500	2.90000e+01	
			         3.03667	7.00000e+00	
			         3.03833	-1.20000e+01	
			         3.04000	-2.90000e+01	
			         3.04167	-4.40000e+01	
			         3.04333	-5.60000e+01	
			         3.04500	-6.60000e+01	
			         3.04667	-7.40000e+01	
			         3.04833	-8.00000e+01	
			         3.05000	-8.40000e+01	
			         3.05167	-8.70000e+01	
			         3.05333	-8.80000e+01	
			         3.05500	-8.90000e+01	
			         3.05667	-8.80000e+01	
			         3.05833	-8.70000e+01	
			         3.06000	-8.50000e+01	
			         3.06167	-8.30000e+01	
			         3.06333	-8.10000e+01	
