Grayscale intensity, in dB

Time (s) :	Trace 1 : 	Trace 2 : 	Trace 3 : 		Ecg : 		
0.00059   	-5.32198e+01	-4.76198e+01	-5.24290e+01		         0.00000	-1.00000e+01	
0.01541   	-5.37961e+01	-4.80711e+01	-5.40931e+01		         0.00167	-3.00000e+00	
0.03024   	-5.38456e+01	-4.96288e+01	-5.35368e+01		         0.00333	5.00000e+00	
0.04506   	-5.36757e+01	-5.06840e+01	-5.32701e+01		         0.00500	1.60000e+01	
0.05989   	-5.25636e+01	-4.94536e+01	-5.25758e+01		         0.00667	2.80000e+01	
0.07471   	-5.29513e+01	-5.12233e+01	-5.27801e+01		         0.00833	4.20000e+01	
0.08954   	-5.19898e+01	-5.02195e+01	-5.14763e+01		         0.01000	5.80000e+01	
0.10436   	-5.10509e+01	-4.94110e+01	-5.12241e+01		         0.01167	7.40000e+01	
0.11918   	-5.10248e+01	-5.04826e+01	-5.01264e+01		         0.01333	9.10000e+01	
0.13401   	-5.26197e+01	-5.04356e+01	-4.89968e+01		         0.01500	1.09000e+02	
0.14883   	-5.24810e+01	-4.99502e+01	-4.75607e+01		         0.01667	1.26000e+02	
0.16365   	-5.26492e+01	-4.95427e+01	-4.77869e+01		         0.01833	1.42000e+02	
0.17848   	-5.15365e+01	-4.96743e+01	-4.70866e+01		         0.02000	1.55000e+02	
0.19330   	-5.12968e+01	-4.77161e+01	-4.45825e+01		         0.02167	1.66000e+02	
0.20813   	-5.15449e+01	-4.72127e+01	-4.51258e+01		         0.02333	1.74000e+02	
0.22295   	-4.92380e+01	-4.54437e+01	-4.18706e+01		         0.02500	1.77000e+02	
0.23777   	-4.69295e+01	-4.26839e+01	-4.03871e+01		         0.02667	1.75000e+02	
0.25260   	-4.62779e+01	-4.40476e+01	-3.83588e+01		         0.02833	1.69000e+02	
0.26742   	-4.44949e+01	-4.53907e+01	-3.95367e+01		         0.03000	1.58000e+02	
0.28225   	-4.28372e+01	-4.64443e+01	-4.03964e+01		         0.03167	1.43000e+02	
0.29707   	-4.24357e+01	-4.59091e+01	-3.78340e+01		         0.03333	1.24000e+02	
0.31195   	-4.24382e+01	-4.51139e+01	-3.85013e+01		         0.03500	1.02000e+02	
0.32671   	-4.24471e+01	-4.59508e+01	-4.07137e+01		         0.03667	7.80000e+01	
0.34154   	-4.28613e+01	-4.78483e+01	-3.89943e+01		         0.03833	5.30000e+01	
0.35636   	-4.21351e+01	-4.63983e+01	-3.91773e+01		         0.04000	2.70000e+01	
0.37119   	-4.17220e+01	-4.53323e+01	-3.84587e+01		         0.04167	2.00000e+00	
0.38602   	-4.08522e+01	-4.39038e+01	-3.79630e+01		         0.04333	-2.20000e+01	
0.40083   	-4.09524e+01	-4.18049e+01	-3.72261e+01		         0.04500	-4.30000e+01	
0.41566   	-4.16585e+01	-4.27086e+01	-3.81469e+01		         0.04667	-6.10000e+01	
0.43049   	-4.11276e+01	-4.32865e+01	-3.79167e+01		         0.04833	-7.60000e+01	
0.44530   	-4.04034e+01	-4.27800e+01	-3.93608e+01		         0.05000	-8.80000e+01	
0.46013   	-4.07022e+01	-4.19516e+01	-3.99915e+01		         0.05167	-9.50000e+01	
0.47495   	-4.12966e+01	-4.64105e+01	-3.88587e+01		         0.05333	-1.00000e+02	
0.48978   	-4.13971e+01	-4.59989e+01	-3.97825e+01		         0.05500	-1.02000e+02	
0.50460   	-4.16805e+01	-4.50745e+01	-4.05635e+01		         0.05667	-1.01000e+02	
0.51943   	-4.21956e+01	-4.43630e+01	-4.25565e+01		         0.05833	-9.80000e+01	
0.53425   	-4.43283e+01	-4.03551e+01	-4.30888e+01		         0.06000	-9.40000e+01	
0.54907   	-4.49434e+01	-4.04139e+01	-4.37811e+01		         0.06167	-8.90000e+01	
0.56390   	-4.70883e+01	-4.11843e+01	-4.23692e+01		         0.06333	-8.20000e+01	
0.57872   	-4.81625e+01	-4.12608e+01	-4.44826e+01		         0.06500	-7.60000e+01	
0.59354   	-4.81594e+01	-4.13228e+01	-4.56653e+01		         0.06667	-7.00000e+01	
0.60837   	-4.82577e+01	-4.21579e+01	-4.41496e+01		         0.06833	-6.40000e+01	
0.62319   	-4.81420e+01	-4.27145e+01	-4.50909e+01		         0.07000	-5.80000e+01	
0.63802   	-4.82294e+01	-4.28786e+01	-4.45399e+01		         0.07167	-5.30000e+01	
0.65284   	-4.85881e+01	-4.37049e+01	-4.54095e+01		         0.07333	-4.90000e+01	
0.66766   	-4.95924e+01	-4.42513e+01	-4.55203e+01		         0.07500	-4.50000e+01	
0.68249   	-5.05522e+01	-4.28646e+01	-4.44510e+01		         0.07667	-4.20000e+01	
0.69731   	-4.95314e+01	-4.29477e+01	-4.66020e+01		         0.07833	-3.90000e+01	
0.71213   	-4.89545e+01	-4.30257e+01	-4.57173e+01		         0.08000	-3.70000e+01	
0.72696   	-4.92927e+01	-4.25977e+01	-4.51392e+01		         0.08167	-3.50000e+01	
0.74178   	-4.93858e+01	-4.24750e+01	-4.57987e+01		         0.08333	-3.30000e+01	
0.75661   	-4.92519e+01	-4.29990e+01	-4.48110e+01		         0.08500	-3.20000e+01	
0.77143   	-4.89873e+01	-4.22256e+01	-4.53070e+01		         0.08667	-3.10000e+01	
0.78626   	-4.87416e+01	-4.21665e+01	-4.58216e+01		         0.08833	-3.00000e+01	
0.80108   	-4.85826e+01	-4.14843e+01	-4.56263e+01		         0.09000	-2.90000e+01	
0.81590   	-4.78238e+01	-4.34069e+01	-4.61556e+01		         0.09167	-2.80000e+01	
0.83073   	-4.74804e+01	-4.22930e+01	-4.50022e+01		         0.09333	-2.70000e+01	
0.84555   	-4.61619e+01	-4.38717e+01	-4.55355e+01		         0.09500	-2.60000e+01	
0.86037   	-4.76217e+01	-4.52073e+01	-4.46009e+01		         0.09667	-2.60000e+01	
0.87520   	-4.98629e+01	-4.61037e+01	-4.54646e+01		         0.09833	-2.50000e+01	
0.89002   	-5.21170e+01	-4.65870e+01	-4.61786e+01		         0.10000	-2.50000e+01	
0.90485   	-5.31829e+01	-4.61100e+01	-4.48975e+01		         0.10167	-2.40000e+01	
0.91967   	-5.22044e+01	-4.62306e+01	-4.37414e+01		         0.10333	-2.30000e+01	
0.93449   	-5.30380e+01	-4.49769e+01	-4.60680e+01		         0.10500	-2.30000e+01	
0.94932   	-5.32556e+01	-4.42474e+01	-4.71489e+01		         0.10667	-2.20000e+01	
0.96414   	-5.22666e+01	-4.52641e+01	-4.68244e+01		         0.10833	-2.20000e+01	
0.97896   	-5.16834e+01	-4.71831e+01	-4.61625e+01		         0.11000	-2.10000e+01	
0.99379   	-5.11342e+01	-4.82872e+01	-4.48707e+01		         0.11167	-2.10000e+01	
1.00861   	-5.04356e+01	-4.92590e+01	-4.53626e+01		         0.11333	-2.00000e+01	
1.02344   	-5.12175e+01	-4.76970e+01	-4.47024e+01		         0.11500	-2.00000e+01	
1.03826   	-5.18284e+01	-4.65797e+01	-4.43687e+01		         0.11667	-1.90000e+01	
1.05309   	-5.06046e+01	-4.46130e+01	-4.40678e+01		         0.11833	-1.80000e+01	
1.06791   	-5.01266e+01	-4.48438e+01	-4.24793e+01		         0.12000	-1.80000e+01	
1.08273   	-4.96070e+01	-4.48647e+01	-4.22745e+01		         0.12167	-1.80000e+01	
1.09756   	-4.98157e+01	-4.57693e+01	-3.91544e+01		         0.12333	-1.70000e+01	
1.11238   	-4.94176e+01	-4.48714e+01	-3.98957e+01		         0.12500	-1.70000e+01	
1.12720   	-4.79848e+01	-4.50371e+01	-4.16387e+01		         0.12667	-1.60000e+01	
1.14206   	-4.61492e+01	-4.46603e+01	-4.14602e+01		         0.12833	-1.60000e+01	
1.15685   	-4.57463e+01	-4.34403e+01	-3.98006e+01		         0.13000	-1.60000e+01	
1.17167   	-4.54444e+01	-4.58372e+01	-3.83903e+01		         0.13167	-1.50000e+01	
1.18650   	-4.47142e+01	-4.68941e+01	-3.92881e+01		         0.13333	-1.50000e+01	
1.20132   	-4.35020e+01	-4.68096e+01	-3.95484e+01		         0.13500	-1.50000e+01	
1.21615   	-4.23637e+01	-4.74195e+01	-3.88371e+01		         0.13667	-1.50000e+01	
1.23097   	-4.18631e+01	-4.73762e+01	-3.98439e+01		         0.13833	-1.50000e+01	
1.24580   	-4.12325e+01	-4.82929e+01	-4.00149e+01		         0.14000	-1.50000e+01	
1.26062   	-4.12117e+01	-4.81023e+01	-4.11208e+01		         0.14167	-1.50000e+01	
1.27544   	-4.06875e+01	-4.89961e+01	-4.17947e+01		         0.14333	-1.50000e+01	
1.29027   	-4.09170e+01	-4.88618e+01	-3.94047e+01		         0.14500	-1.40000e+01	
1.30509   	-4.07240e+01	-4.73614e+01	-3.92915e+01		         0.14667	-1.40000e+01	
1.31992   	-4.13884e+01	-4.61477e+01	-3.82865e+01		         0.14833	-1.40000e+01	
1.33474   	-4.27840e+01	-4.52820e+01	-3.96009e+01		         0.15000	-1.40000e+01	
1.34956   	-4.24250e+01	-4.31468e+01	-4.09837e+01		         0.15167	-1.30000e+01	
1.36439   	-4.18751e+01	-4.09133e+01	-4.17124e+01		         0.15333	-1.30000e+01	
1.37921   	-4.15887e+01	-3.87867e+01	-4.09397e+01		         0.15500	-1.20000e+01	
1.39403   	-4.25395e+01	-4.25994e+01	-3.76358e+01		         0.15667	-1.20000e+01	
1.40886   	-4.25389e+01	-4.49951e+01	-3.77737e+01		         0.15833	-1.10000e+01	
1.42368   	-4.29547e+01	-4.50361e+01	-4.06634e+01		         0.16000	-1.00000e+01	
1.43850   	-4.41377e+01	-4.49404e+01	-4.16880e+01		         0.16167	-9.00000e+00	
1.45333   	-4.49490e+01	-4.39123e+01	-4.37294e+01		         0.16333	-9.00000e+00	
1.46815   	-4.50013e+01	-4.31585e+01	-4.47533e+01		         0.16500	-8.00000e+00	
1.48298   	-4.65255e+01	-4.32234e+01	-4.47549e+01		         0.16667	-7.00000e+00	
1.49780   	-4.78144e+01	-4.31327e+01	-4.59548e+01		         0.16833	-6.00000e+00	
1.51262   	-4.86973e+01	-4.25441e+01	-4.51554e+01		         0.17000	-5.00000e+00	
1.52745   	-4.86707e+01	-4.12199e+01	-4.65560e+01		         0.17167	-4.00000e+00	
1.54227   	-4.78111e+01	-4.29478e+01	-4.57018e+01		         0.17333	-3.00000e+00	
1.55720   	-4.73782e+01	-4.30813e+01	-4.58735e+01		         0.17500	-2.00000e+00	
1.57192   	-4.78354e+01	-4.33557e+01	-4.53524e+01		         0.17667	-2.00000e+00	
1.58674   	-4.83590e+01	-4.36965e+01	-4.64307e+01		         0.17833	-1.00000e+00	
1.60157   	-4.95171e+01	-4.34130e+01	-4.72122e+01		         0.18000	-1.00000e+00	
1.61639   	-5.01608e+01	-4.34011e+01	-4.70800e+01		         0.18167	0.00000e+00	
1.63121   	-4.95469e+01	-4.34895e+01	-4.70595e+01		         0.18333	0.00000e+00	
1.64604   	-4.89617e+01	-4.18657e+01	-4.72650e+01		         0.18500	0.00000e+00	
1.66087   	-4.89928e+01	-4.21248e+01	-4.71684e+01		         0.18667	0.00000e+00	
1.67569   	-4.87686e+01	-4.20105e+01	-4.71760e+01		         0.18833	1.00000e+00	
1.69051   	-4.82206e+01	-4.22416e+01	-4.70820e+01		         0.19000	1.00000e+00	
1.70533   	-4.78594e+01	-4.28274e+01	-4.54777e+01		         0.19167	1.00000e+00	
1.72016   	-4.73397e+01	-4.24002e+01	-4.54373e+01		         0.19333	1.00000e+00	
1.73498   	-4.69189e+01	-4.35659e+01	-4.39113e+01		         0.19500	1.00000e+00	
1.74981   	-4.66006e+01	-4.24450e+01	-4.64968e+01		         0.19667	1.00000e+00	
1.76463   	-4.51322e+01	-4.32034e+01	-4.56510e+01		         0.19833	1.00000e+00	
1.77945   	-4.47044e+01	-4.49840e+01	-4.49459e+01		         0.20000	1.00000e+00	
1.79428   	-4.52708e+01	-4.49977e+01	-4.62808e+01		         0.20167	2.00000e+00	
1.80910   	-4.83356e+01	-4.62995e+01	-4.62340e+01		         0.20333	2.00000e+00	
1.82392   	-5.17436e+01	-4.86331e+01	-4.66826e+01		         0.20500	3.00000e+00	
1.83875   	-5.10025e+01	-4.83450e+01	-4.75144e+01		         0.20667	4.00000e+00	
1.85357   	-5.09181e+01	-4.75985e+01	-4.64385e+01		         0.20833	4.00000e+00	
1.86840   	-5.20960e+01	-4.76083e+01	-4.75271e+01		         0.21000	5.00000e+00	
1.88322   	-5.32124e+01	-4.72289e+01	-4.53565e+01		         0.21167	6.00000e+00	
1.89804   	-5.12550e+01	-4.78674e+01	-4.76142e+01		         0.21333	6.00000e+00	
1.91287   	-5.08348e+01	-4.93044e+01	-4.75202e+01		         0.21500	7.00000e+00	
1.92769   	-5.02695e+01	-4.86012e+01	-4.55143e+01		         0.21667	8.00000e+00	
1.94252   	-5.08739e+01	-4.87847e+01	-4.70822e+01		         0.21833	8.00000e+00	
1.95734   	-5.20607e+01	-4.68594e+01	-4.56901e+01		         0.22000	9.00000e+00	
1.97234   	-5.08283e+01	-4.80063e+01	-4.63572e+01		         0.22167	1.00000e+01	
1.98699   	-5.00340e+01	-4.62538e+01	-4.45051e+01		         0.22333	1.10000e+01	
2.00181   	-5.01299e+01	-4.51522e+01	-4.66959e+01		         0.22500	1.20000e+01	
2.01663   	-4.94861e+01	-4.50843e+01	-4.54368e+01		         0.22667	1.30000e+01	
2.03146   	-4.92606e+01	-4.53019e+01	-4.33592e+01		         0.22833	1.30000e+01	
2.04628   	-4.87633e+01	-4.45734e+01	-4.42483e+01		         0.23000	1.40000e+01	
2.06111   	-4.81230e+01	-4.43770e+01	-4.37932e+01		         0.23167	1.50000e+01	
2.07593   	-4.56830e+01	-4.45949e+01	-4.23295e+01		         0.23333	1.60000e+01	
2.09075   	-4.45706e+01	-4.34060e+01	-4.32544e+01		         0.23500	1.70000e+01	
2.10558   	-4.37396e+01	-4.54169e+01	-4.20892e+01		         0.23667	1.80000e+01	
2.12040   	-4.32534e+01	-4.37932e+01	-4.20990e+01		         0.23833	1.90000e+01	
2.13522   	-4.32026e+01	-4.58382e+01	-4.18336e+01		         0.24000	2.00000e+01	
2.15005   	-4.24252e+01	-4.70765e+01	-4.26636e+01		         0.24167	2.10000e+01	
2.16488   	-4.15505e+01	-4.76898e+01	-4.18489e+01		         0.24333	2.10000e+01	
2.17970   	-4.09438e+01	-4.84549e+01	-3.98679e+01		         0.24500	2.20000e+01	
2.19452   	-4.06739e+01	-4.72680e+01	-3.96393e+01		         0.24667	2.20000e+01	
2.20935   	-4.00219e+01	-4.74348e+01	-3.97509e+01		         0.24833	2.30000e+01	
2.22417   	-3.92265e+01	-4.88670e+01	-3.98542e+01		         0.25000	2.30000e+01	
2.23899   	-3.92465e+01	-5.03090e+01	-4.04105e+01		         0.25167	2.40000e+01	
2.25381   	-3.99024e+01	-4.90003e+01	-4.01750e+01		         0.25333	2.40000e+01	
2.26864   	-4.12554e+01	-4.74092e+01	-4.09622e+01		         0.25500	2.40000e+01	
2.28347   	-4.20764e+01	-4.40386e+01	-3.98011e+01		         0.25667	2.40000e+01	
2.29829   	-4.21861e+01	-4.28348e+01	-4.04631e+01		         0.25833	2.40000e+01	
2.31311   	-4.29515e+01	-4.46746e+01	-4.30829e+01		         0.26000	2.40000e+01	
2.32794   	-4.28415e+01	-4.52231e+01	-4.38370e+01		         0.26167	2.50000e+01	
2.34276   	-4.41403e+01	-4.64882e+01	-4.38253e+01		         0.26333	2.50000e+01	
2.35759   	-4.55047e+01	-4.63007e+01	-4.26309e+01		         0.26500	2.60000e+01	
2.37241   	-4.51368e+01	-4.22611e+01	-4.30778e+01		         0.26667	2.60000e+01	
2.38723   	-4.39031e+01	-4.21890e+01	-4.45909e+01		         0.26833	2.70000e+01	
2.40205   	-4.50066e+01	-4.10233e+01	-4.47964e+01		         0.27000	2.70000e+01	
2.41688   	-4.70637e+01	-4.17406e+01	-4.44901e+01		         0.27167	2.80000e+01	
2.43170   	-4.74378e+01	-4.14510e+01	-4.45969e+01		         0.27333	2.90000e+01	
2.44653   	-4.53370e+01	-4.16574e+01	-4.69406e+01		         0.27500	2.90000e+01	
2.46135   	-4.63204e+01	-4.34498e+01	-4.72896e+01		         0.27667	3.00000e+01	
2.47617   	-4.62655e+01	-4.45163e+01	-4.82419e+01		         0.27833	3.10000e+01	
2.49100   	-4.59388e+01	-4.52140e+01	-4.85846e+01		         0.28000	3.10000e+01	
2.50581   	-4.56631e+01	-4.39936e+01	-4.86437e+01		         0.28167	3.10000e+01	
2.52064   	-4.61941e+01	-4.27630e+01	-4.87337e+01		         0.28333	3.20000e+01	
2.53547   	-4.68015e+01	-4.28291e+01	-4.86007e+01		         0.28500	3.20000e+01	
2.55029   	-4.69228e+01	-4.35533e+01	-4.97122e+01		         0.28667	3.20000e+01	
2.56512   	-4.70465e+01	-4.33058e+01	-4.91262e+01		         0.28833	3.20000e+01	
2.57994   	-4.71702e+01	-4.45026e+01	-4.86950e+01		         0.29000	3.20000e+01	
2.59476   	-4.75068e+01	-4.43451e+01	-4.91044e+01		         0.29167	3.20000e+01	
2.60959   	-4.77164e+01	-4.53991e+01	-4.89876e+01		         0.29333	3.20000e+01	
2.62441   	-4.81961e+01	-4.56692e+01	-5.06512e+01		         0.29500	3.10000e+01	
2.63924   	-4.80052e+01	-4.48807e+01	-4.97499e+01		         0.29667	3.10000e+01	
2.65406   	-4.86172e+01	-4.59286e+01	-5.00982e+01		         0.29833	3.00000e+01	
2.66888   	-4.82369e+01	-4.76372e+01	-4.93201e+01		         0.30000	2.90000e+01	
2.68371   	-4.50077e+01	-4.79446e+01	-4.98502e+01		         0.30167	2.80000e+01	
2.69853   	-4.56114e+01	-4.63066e+01	-5.07122e+01		         0.30333	2.70000e+01	
2.71336   	-4.50641e+01	-4.73911e+01	-4.88122e+01		         0.30500	2.60000e+01	
2.72818   	-4.27759e+01	-4.79268e+01	-4.88772e+01		         0.30667	2.40000e+01	
2.74300   	-4.49545e+01	-4.88493e+01	-4.91981e+01		         0.30833	2.10000e+01	
2.75783   	-4.51543e+01	-4.96517e+01	-5.01676e+01		         0.31000	1.90000e+01	
2.77265   	-4.80696e+01	-5.00721e+01	-4.96043e+01		         0.31167	1.60000e+01	
2.78747   	-4.96460e+01	-4.99994e+01	-5.00083e+01		         0.31333	1.30000e+01	
2.80239   	-4.99587e+01	-4.92475e+01	-5.14464e+01		         0.31500	1.00000e+01	
2.81712   	-5.02111e+01	-5.07725e+01	-5.08056e+01		         0.31667	7.00000e+00	
					         0.31833	3.00000e+00	
					         0.32000	0.00000e+00	
					         0.32167	-4.00000e+00	
					         0.32333	-8.00000e+00	
					         0.32500	-1.10000e+01	
					         0.32667	-1.50000e+01	
					         0.32833	-1.80000e+01	
					         0.33000	-2.10000e+01	
					         0.33167	-2.50000e+01	
					         0.33333	-2.80000e+01	
					         0.33500	-3.10000e+01	
					         0.33667	-3.40000e+01	
					         0.33833	-3.70000e+01	
					         0.34000	-4.00000e+01	
					         0.34167	-4.30000e+01	
					         0.34333	-4.50000e+01	
					         0.34500	-4.80000e+01	
					         0.34667	-5.00000e+01	
					         0.34833	-5.20000e+01	
					         0.35000	-5.40000e+01	
					         0.35167	-5.60000e+01	
					         0.35333	-5.80000e+01	
					         0.35500	-6.00000e+01	
					         0.35667	-6.20000e+01	
					         0.35833	-6.30000e+01	
					         0.36000	-6.40000e+01	
					         0.36167	-6.60000e+01	
					         0.36333	-6.70000e+01	
					         0.36500	-6.80000e+01	
					         0.36667	-6.90000e+01	
					         0.36833	-7.00000e+01	
					         0.37000	-7.00000e+01	
					         0.37167	-7.10000e+01	
					         0.37333	-7.10000e+01	
					         0.37500	-7.10000e+01	
					         0.37667	-7.10000e+01	
					         0.37833	-7.10000e+01	
					         0.38000	-7.00000e+01	
					         0.38167	-7.00000e+01	
					         0.38333	-6.90000e+01	
					         0.38500	-6.90000e+01	
					         0.38667	-6.80000e+01	
					         0.38833	-6.70000e+01	
					         0.39000	-6.60000e+01	
					         0.39167	-6.50000e+01	
					         0.39333	-6.40000e+01	
					         0.39500	-6.40000e+01	
					         0.39667	-6.30000e+01	
					         0.39833	-6.20000e+01	
					         0.40000	-6.10000e+01	
					         0.40167	-6.10000e+01	
					         0.40333	-6.00000e+01	
					         0.40500	-5.90000e+01	
					         0.40667	-5.90000e+01	
					         0.40833	-5.80000e+01	
					         0.41000	-5.70000e+01	
					         0.41167	-5.60000e+01	
					         0.41333	-5.50000e+01	
					         0.41500	-5.50000e+01	
					         0.41667	-5.40000e+01	
					         0.41833	-5.30000e+01	
					         0.42000	-5.20000e+01	
					         0.42167	-5.10000e+01	
					         0.42333	-5.00000e+01	
					         0.42500	-4.90000e+01	
					         0.42667	-4.80000e+01	
					         0.42833	-4.70000e+01	
					         0.43000	-4.70000e+01	
					         0.43167	-4.60000e+01	
					         0.43333	-4.50000e+01	
					         0.43500	-4.50000e+01	
					         0.43667	-4.40000e+01	
					         0.43833	-4.30000e+01	
					         0.44000	-4.30000e+01	
					         0.44167	-4.20000e+01	
					         0.44333	-4.10000e+01	
					         0.44500	-4.10000e+01	
					         0.44667	-4.00000e+01	
					         0.44833	-3.90000e+01	
					         0.45000	-3.80000e+01	
					         0.45167	-3.70000e+01	
					         0.45333	-3.60000e+01	
					         0.45500	-3.50000e+01	
					         0.45667	-3.40000e+01	
					         0.45833	-3.30000e+01	
					         0.46000	-3.20000e+01	
					         0.46167	-3.10000e+01	
					         0.46333	-3.10000e+01	
					         0.46500	-3.00000e+01	
					         0.46667	-3.00000e+01	
					         0.46833	-2.90000e+01	
					         0.47000	-2.80000e+01	
					         0.47167	-2.80000e+01	
					         0.47333	-2.70000e+01	
					         0.47500	-2.60000e+01	
					         0.47667	-2.60000e+01	
					         0.47833	-2.50000e+01	
					         0.48000	-2.40000e+01	
					         0.48167	-2.30000e+01	
					         0.48333	-2.20000e+01	
					         0.48500	-2.10000e+01	
					         0.48667	-2.10000e+01	
					         0.48833	-2.00000e+01	
					         0.49000	-1.90000e+01	
					         0.49167	-1.90000e+01	
					         0.49333	-1.90000e+01	
					         0.49500	-1.80000e+01	
					         0.49667	-1.80000e+01	
					         0.49833	-1.80000e+01	
					         0.50000	-1.70000e+01	
					         0.50167	-1.70000e+01	
					         0.50333	-1.60000e+01	
					         0.50500	-1.60000e+01	
					         0.50667	-1.50000e+01	
					         0.50833	-1.50000e+01	
					         0.51000	-1.40000e+01	
					         0.51167	-1.30000e+01	
					         0.51333	-1.30000e+01	
					         0.51500	-1.20000e+01	
					         0.51667	-1.20000e+01	
					         0.51833	-1.20000e+01	
					         0.52000	-1.20000e+01	
					         0.52167	-1.20000e+01	
					         0.52333	-1.20000e+01	
					         0.52500	-1.20000e+01	
					         0.52667	-1.20000e+01	
					         0.52833	-1.30000e+01	
					         0.53000	-1.30000e+01	
					         0.53167	-1.30000e+01	
					         0.53333	-1.30000e+01	
					         0.53500	-1.30000e+01	
					         0.53667	-1.30000e+01	
					         0.53833	-1.30000e+01	
					         0.54000	-1.30000e+01	
					         0.54167	-1.20000e+01	
					         0.54333	-1.20000e+01	
					         0.54500	-1.20000e+01	
					         0.54667	-1.20000e+01	
					         0.54833	-1.30000e+01	
					         0.55000	-1.30000e+01	
					         0.55167	-1.30000e+01	
					         0.55333	-1.30000e+01	
					         0.55500	-1.40000e+01	
					         0.55667	-1.40000e+01	
					         0.55833	-1.40000e+01	
					         0.56000	-1.50000e+01	
					         0.56167	-1.50000e+01	
					         0.56333	-1.50000e+01	
					         0.56500	-1.50000e+01	
					         0.56667	-1.50000e+01	
					         0.56833	-1.50000e+01	
					         0.57000	-1.50000e+01	
					         0.57167	-1.50000e+01	
					         0.57333	-1.50000e+01	
					         0.57500	-1.40000e+01	
					         0.57667	-1.40000e+01	
					         0.57833	-1.30000e+01	
					         0.58000	-1.30000e+01	
					         0.58167	-1.20000e+01	
					         0.58333	-1.20000e+01	
					         0.58500	-1.20000e+01	
					         0.58667	-1.20000e+01	
					         0.58833	-1.10000e+01	
					         0.59000	-1.10000e+01	
					         0.59167	-1.10000e+01	
					         0.59333	-1.10000e+01	
					         0.59500	-1.10000e+01	
					         0.59667	-1.10000e+01	
					         0.59833	-1.10000e+01	
					         0.60000	-1.10000e+01	
					         0.60167	-1.10000e+01	
					         0.60333	-1.20000e+01	
					         0.60500	-1.20000e+01	
					         0.60667	-1.20000e+01	
					         0.60833	-1.30000e+01	
					         0.61000	-1.30000e+01	
					         0.61167	-1.30000e+01	
					         0.61333	-1.40000e+01	
					         0.61500	-1.40000e+01	
					         0.61667	-1.40000e+01	
					         0.61833	-1.40000e+01	
					         0.62000	-1.40000e+01	
					         0.62167	-1.40000e+01	
					         0.62333	-1.40000e+01	
					         0.62500	-1.40000e+01	
					         0.62667	-1.30000e+01	
					         0.62833	-1.30000e+01	
					         0.63000	-1.20000e+01	
					         0.63167	-1.10000e+01	
					         0.63333	-1.10000e+01	
					         0.63500	-1.00000e+01	
					         0.63667	-1.00000e+01	
					         0.63833	-1.00000e+01	
					         0.64000	-1.00000e+01	
					         0.64167	-1.00000e+01	
					         0.64333	-1.00000e+01	
					         0.64500	-1.10000e+01	
					         0.64667	-1.10000e+01	
					         0.64833	-1.10000e+01	
					         0.65000	-1.20000e+01	
					         0.65167	-1.20000e+01	
					         0.65333	-1.20000e+01	
					         0.65500	-1.20000e+01	
					         0.65667	-1.30000e+01	
					         0.65833	-1.30000e+01	
					         0.66000	-1.20000e+01	
					         0.66167	-1.20000e+01	
					         0.66333	-1.20000e+01	
					         0.66500	-1.20000e+01	
					         0.66667	-1.20000e+01	
					         0.66833	-1.20000e+01	
					         0.67000	-1.20000e+01	
					         0.67167	-1.20000e+01	
					         0.67333	-1.10000e+01	
					         0.67500	-1.10000e+01	
					         0.67667	-1.10000e+01	
					         0.67833	-1.20000e+01	
					         0.68000	-1.20000e+01	
					         0.68167	-1.20000e+01	
					         0.68333	-1.20000e+01	
					         0.68500	-1.20000e+01	
					         0.68667	-1.20000e+01	
					         0.68833	-1.10000e+01	
					         0.69000	-1.10000e+01	
					         0.69167	-1.10000e+01	
					         0.69333	-1.10000e+01	
					         0.69500	-1.00000e+01	
					         0.69667	-1.00000e+01	
					         0.69833	-9.00000e+00	
					         0.70000	-9.00000e+00	
					         0.70167	-8.00000e+00	
					         0.70333	-8.00000e+00	
					         0.70500	-7.00000e+00	
					         0.70667	-7.00000e+00	
					         0.70833	-6.00000e+00	
					         0.71000	-6.00000e+00	
					         0.71167	-5.00000e+00	
					         0.71333	-4.00000e+00	
					         0.71500	-3.00000e+00	
					         0.71667	-2.00000e+00	
					         0.71833	0.00000e+00	
					         0.72000	1.00000e+00	
					         0.72167	3.00000e+00	
					         0.72333	5.00000e+00	
					         0.72500	7.00000e+00	
					         0.72667	9.00000e+00	
					         0.72833	1.10000e+01	
					         0.73000	1.40000e+01	
					         0.73167	1.60000e+01	
					         0.73333	1.70000e+01	
					         0.73500	1.90000e+01	
					         0.73667	2.10000e+01	
					         0.73833	2.20000e+01	
					         0.74000	2.40000e+01	
					         0.74167	2.50000e+01	
					         0.74333	2.60000e+01	
					         0.74500	2.70000e+01	
					         0.74667	2.70000e+01	
					         0.74833	2.80000e+01	
					         0.75000	2.90000e+01	
					         0.75167	2.90000e+01	
					         0.75333	3.00000e+01	
					         0.75500	3.00000e+01	
					         0.75667	3.10000e+01	
					         0.75833	3.10000e+01	
					         0.76000	3.10000e+01	
					         0.76167	3.10000e+01	
					         0.76333	3.10000e+01	
					         0.76500	3.10000e+01	
					         0.76667	3.10000e+01	
					         0.76833	3.10000e+01	
					         0.77000	3.00000e+01	
					         0.77167	2.90000e+01	
					         0.77333	2.90000e+01	
					         0.77500	2.70000e+01	
					         0.77667	2.60000e+01	
					         0.77833	2.50000e+01	
					         0.78000	2.30000e+01	
					         0.78167	2.10000e+01	
					         0.78333	1.90000e+01	
					         0.78500	1.60000e+01	
					         0.78667	1.40000e+01	
					         0.78833	1.20000e+01	
					         0.79000	1.00000e+01	
					         0.79167	8.00000e+00	
					         0.79333	7.00000e+00	
					         0.79500	5.00000e+00	
					         0.79667	4.00000e+00	
					         0.79833	2.00000e+00	
					         0.80000	1.00000e+00	
					         0.80167	0.00000e+00	
					         0.80333	-1.00000e+00	
					         0.80500	-3.00000e+00	
					         0.80667	-4.00000e+00	
					         0.80833	-6.00000e+00	
					         0.81000	-7.00000e+00	
					         0.81167	-9.00000e+00	
					         0.81333	-1.00000e+01	
					         0.81500	-1.20000e+01	
					         0.81667	-1.30000e+01	
					         0.81833	-1.40000e+01	
					         0.82000	-1.50000e+01	
					         0.82167	-1.70000e+01	
					         0.82333	-1.80000e+01	
					         0.82500	-1.90000e+01	
					         0.82667	-2.00000e+01	
					         0.82833	-2.20000e+01	
					         0.83000	-2.30000e+01	
					         0.83167	-2.40000e+01	
					         0.83333	-2.60000e+01	
					         0.83500	-2.80000e+01	
					         0.83667	-2.90000e+01	
					         0.83833	-3.10000e+01	
					         0.84000	-3.20000e+01	
					         0.84167	-3.30000e+01	
					         0.84333	-3.40000e+01	
					         0.84500	-3.50000e+01	
					         0.84667	-3.50000e+01	
					         0.84833	-3.60000e+01	
					         0.85000	-3.60000e+01	
					         0.85167	-3.60000e+01	
					         0.85333	-3.60000e+01	
					         0.85500	-3.60000e+01	
					         0.85667	-3.70000e+01	
					         0.85833	-3.70000e+01	
					         0.86000	-3.70000e+01	
					         0.86167	-3.70000e+01	
					         0.86333	-3.60000e+01	
					         0.86500	-3.60000e+01	
					         0.86667	-3.60000e+01	
					         0.86833	-3.50000e+01	
					         0.87000	-3.40000e+01	
					         0.87167	-3.30000e+01	
					         0.87333	-3.30000e+01	
					         0.87500	-3.20000e+01	
					         0.87667	-3.10000e+01	
					         0.87833	-3.00000e+01	
					         0.88000	-2.90000e+01	
					         0.88167	-2.80000e+01	
					         0.88333	-2.70000e+01	
					         0.88500	-2.60000e+01	
					         0.88667	-2.50000e+01	
					         0.88833	-2.40000e+01	
					         0.89000	-2.30000e+01	
					         0.89167	-2.20000e+01	
					         0.89333	-2.20000e+01	
					         0.89500	-2.10000e+01	
					         0.89667	-2.00000e+01	
					         0.89833	-2.00000e+01	
					         0.90000	-1.90000e+01	
					         0.90167	-1.80000e+01	
					         0.90333	-1.80000e+01	
					         0.90500	-1.70000e+01	
					         0.90667	-1.60000e+01	
					         0.90833	-1.50000e+01	
					         0.91000	-1.40000e+01	
					         0.91167	-1.20000e+01	
					         0.91333	-1.00000e+01	
					         0.91500	-7.00000e+00	
					         0.91667	-2.00000e+00	
					         0.91833	3.00000e+00	
					         0.92000	1.10000e+01	
					         0.92167	2.00000e+01	
					         0.92333	3.20000e+01	
					         0.92500	4.50000e+01	
					         0.92667	6.00000e+01	
					         0.92833	7.60000e+01	
					         0.93000	9.30000e+01	
					         0.93167	1.10000e+02	
					         0.93333	1.27000e+02	
					         0.93500	1.44000e+02	
					         0.93667	1.58000e+02	
					         0.93833	1.71000e+02	
					         0.94000	1.80000e+02	
					         0.94167	1.84000e+02	
					         0.94333	1.85000e+02	
					         0.94500	1.80000e+02	
					         0.94667	1.71000e+02	
					         0.94833	1.57000e+02	
					         0.95000	1.40000e+02	
					         0.95167	1.19000e+02	
					         0.95333	9.60000e+01	
					         0.95500	7.10000e+01	
					         0.95667	4.50000e+01	
					         0.95833	2.00000e+01	
					         0.96000	-5.00000e+00	
					         0.96167	-2.80000e+01	
					         0.96333	-4.80000e+01	
					         0.96500	-6.40000e+01	
					         0.96667	-7.80000e+01	
					         0.96833	-8.70000e+01	
					         0.97000	-9.40000e+01	
					         0.97167	-9.70000e+01	
					         0.97333	-9.80000e+01	
					         0.97500	-9.60000e+01	
					         0.97667	-9.20000e+01	
					         0.97833	-8.70000e+01	
					         0.98000	-8.10000e+01	
					         0.98167	-7.50000e+01	
					         0.98333	-6.80000e+01	
					         0.98500	-6.10000e+01	
					         0.98667	-5.50000e+01	
					         0.98833	-5.00000e+01	
					         0.99000	-4.50000e+01	
					         0.99167	-4.00000e+01	
					         0.99333	-3.70000e+01	
					         0.99500	-3.40000e+01	
					         0.99667	-3.10000e+01	
					         0.99833	-3.00000e+01	
					         1.00000	-2.80000e+01	
					         1.00167	-2.70000e+01	
					         1.00333	-2.60000e+01	
					         1.00500	-2.60000e+01	
					         1.00667	-2.50000e+01	
					         1.00833	-2.50000e+01	
					         1.01000	-2.40000e+01	
					         1.01167	-2.30000e+01	
					         1.01333	-2.30000e+01	
					         1.01500	-2.20000e+01	
					         1.01667	-2.10000e+01	
					         1.01833	-2.10000e+01	
					         1.02000	-2.00000e+01	
					         1.02167	-1.90000e+01	
					         1.02333	-1.90000e+01	
					         1.02500	-1.80000e+01	
					         1.02667	-1.80000e+01	
					         1.02833	-1.70000e+01	
					         1.03000	-1.70000e+01	
					         1.03167	-1.70000e+01	
					         1.03333	-1.70000e+01	
					         1.03500	-1.70000e+01	
					         1.03667	-1.70000e+01	
					         1.03833	-1.60000e+01	
					         1.04000	-1.60000e+01	
					         1.04167	-1.60000e+01	
					         1.04333	-1.60000e+01	
					         1.04500	-1.50000e+01	
					         1.04667	-1.50000e+01	
					         1.04833	-1.40000e+01	
					         1.05000	-1.40000e+01	
					         1.05167	-1.30000e+01	
					         1.05333	-1.30000e+01	
					         1.05500	-1.20000e+01	
					         1.05667	-1.20000e+01	
					         1.05833	-1.20000e+01	
					         1.06000	-1.10000e+01	
					         1.06167	-1.10000e+01	
					         1.06333	-1.10000e+01	
					         1.06500	-1.10000e+01	
					         1.06667	-1.00000e+01	
					         1.06833	-1.00000e+01	
					         1.07000	-1.00000e+01	
					         1.07167	-1.00000e+01	
					         1.07333	-9.00000e+00	
					         1.07500	-9.00000e+00	
					         1.07667	-9.00000e+00	
					         1.07833	-8.00000e+00	
					         1.08000	-7.00000e+00	
					         1.08167	-7.00000e+00	
					         1.08333	-6.00000e+00	
					         1.08500	-5.00000e+00	
					         1.08667	-4.00000e+00	
					         1.08833	-3.00000e+00	
					         1.09000	-3.00000e+00	
					         1.09167	-2.00000e+00	
					         1.09333	-1.00000e+00	
					         1.09500	0.00000e+00	
					         1.09667	0.00000e+00	
					         1.09833	1.00000e+00	
					         1.10000	2.00000e+00	
					         1.10167	3.00000e+00	
					         1.10333	4.00000e+00	
					         1.10500	4.00000e+00	
					         1.10667	5.00000e+00	
					         1.10833	6.00000e+00	
					         1.11000	6.00000e+00	
					         1.11167	7.00000e+00	
					         1.11333	7.00000e+00	
					         1.11500	7.00000e+00	
					         1.11667	8.00000e+00	
					         1.11833	8.00000e+00	
					         1.12000	8.00000e+00	
					         1.12167	8.00000e+00	
					         1.12333	8.00000e+00	
					         1.12500	8.00000e+00	
					         1.12667	8.00000e+00	
					         1.12833	8.00000e+00	
					         1.13000	9.00000e+00	
					         1.13167	9.00000e+00	
					         1.13333	9.00000e+00	
					         1.13500	1.00000e+01	
					         1.13667	1.00000e+01	
					         1.13833	1.00000e+01	
					         1.14000	1.00000e+01	
					         1.14167	1.00000e+01	
					         1.14333	1.00000e+01	
					         1.14500	1.10000e+01	
					         1.14667	1.10000e+01	
					         1.14833	1.10000e+01	
					         1.15000	1.10000e+01	
					         1.15167	1.20000e+01	
					         1.15333	1.20000e+01	
					         1.15500	1.20000e+01	
					         1.15667	1.30000e+01	
					         1.15833	1.40000e+01	
					         1.16000	1.40000e+01	
					         1.16167	1.50000e+01	
					         1.16333	1.60000e+01	
					         1.16500	1.60000e+01	
					         1.16667	1.70000e+01	
					         1.16833	1.70000e+01	
					         1.17000	1.80000e+01	
					         1.17167	1.80000e+01	
					         1.17333	1.90000e+01	
					         1.17500	2.00000e+01	
					         1.17667	2.10000e+01	
					         1.17833	2.20000e+01	
					         1.18000	2.30000e+01	
					         1.18167	2.40000e+01	
					         1.18333	2.50000e+01	
					         1.18500	2.60000e+01	
					         1.18667	2.70000e+01	
					         1.18833	2.90000e+01	
					         1.19000	3.00000e+01	
					         1.19167	3.10000e+01	
					         1.19333	3.20000e+01	
					         1.19500	3.40000e+01	
					         1.19667	3.50000e+01	
					         1.19833	3.70000e+01	
					         1.20000	3.80000e+01	
					         1.20167	3.90000e+01	
					         1.20333	4.10000e+01	
					         1.20500	4.20000e+01	
					         1.20667	4.30000e+01	
					         1.20833	4.40000e+01	
					         1.21000	4.50000e+01	
					         1.21167	4.60000e+01	
					         1.21333	4.60000e+01	
					         1.21500	4.70000e+01	
					         1.21667	4.70000e+01	
					         1.21833	4.60000e+01	
					         1.22000	4.60000e+01	
					         1.22167	4.60000e+01	
					         1.22333	4.50000e+01	
					         1.22500	4.40000e+01	
					         1.22667	4.30000e+01	
					         1.22833	4.20000e+01	
					         1.23000	4.10000e+01	
					         1.23167	4.00000e+01	
					         1.23333	3.80000e+01	
					         1.23500	3.70000e+01	
					         1.23667	3.50000e+01	
					         1.23833	3.30000e+01	
					         1.24000	3.10000e+01	
					         1.24167	2.90000e+01	
					         1.24333	2.70000e+01	
					         1.24500	2.50000e+01	
					         1.24667	2.20000e+01	
					         1.24833	2.00000e+01	
					         1.25000	1.70000e+01	
					         1.25167	1.50000e+01	
					         1.25333	1.20000e+01	
					         1.25500	1.00000e+01	
					         1.25667	7.00000e+00	
					         1.25833	5.00000e+00	
					         1.26000	2.00000e+00	
					         1.26167	0.00000e+00	
					         1.26333	-2.00000e+00	
					         1.26500	-5.00000e+00	
					         1.26667	-7.00000e+00	
					         1.26833	-9.00000e+00	
					         1.27000	-1.10000e+01	
					         1.27167	-1.30000e+01	
					         1.27333	-1.50000e+01	
					         1.27500	-1.60000e+01	
					         1.27667	-1.80000e+01	
					         1.27833	-1.90000e+01	
					         1.28000	-2.00000e+01	
					         1.28167	-2.10000e+01	
					         1.28333	-2.20000e+01	
					         1.28500	-2.30000e+01	
					         1.28667	-2.30000e+01	
					         1.28833	-2.40000e+01	
					         1.29000	-2.40000e+01	
					         1.29167	-2.40000e+01	
					         1.29333	-2.40000e+01	
					         1.29500	-2.40000e+01	
					         1.29667	-2.40000e+01	
					         1.29833	-2.40000e+01	
					         1.30000	-2.40000e+01	
					         1.30167	-2.40000e+01	
					         1.30333	-2.30000e+01	
					         1.30500	-2.30000e+01	
					         1.30667	-2.30000e+01	
					         1.30833	-2.30000e+01	
					         1.31000	-2.30000e+01	
					         1.31167	-2.30000e+01	
					         1.31333	-2.30000e+01	
					         1.31500	-2.30000e+01	
					         1.31667	-2.30000e+01	
					         1.31833	-2.30000e+01	
					         1.32000	-2.30000e+01	
					         1.32167	-2.30000e+01	
					         1.32333	-2.20000e+01	
					         1.32500	-2.20000e+01	
					         1.32667	-2.10000e+01	
					         1.32833	-2.10000e+01	
					         1.33000	-2.00000e+01	
					         1.33167	-2.00000e+01	
					         1.33333	-1.90000e+01	
					         1.33500	-1.80000e+01	
					         1.33667	-1.70000e+01	
					         1.33833	-1.70000e+01	
					         1.34000	-1.60000e+01	
					         1.34167	-1.50000e+01	
					         1.34333	-1.50000e+01	
					         1.34500	-1.40000e+01	
					         1.34667	-1.30000e+01	
					         1.34833	-1.20000e+01	
					         1.35000	-1.10000e+01	
					         1.35167	-1.10000e+01	
					         1.35333	-1.00000e+01	
					         1.35500	-9.00000e+00	
					         1.35667	-9.00000e+00	
					         1.35833	-8.00000e+00	
					         1.36000	-8.00000e+00	
					         1.36167	-7.00000e+00	
					         1.36333	-6.00000e+00	
					         1.36500	-6.00000e+00	
					         1.36667	-5.00000e+00	
					         1.36833	-5.00000e+00	
					         1.37000	-4.00000e+00	
					         1.37167	-3.00000e+00	
					         1.37333	-3.00000e+00	
					         1.37500	-2.00000e+00	
					         1.37667	-1.00000e+00	
					         1.37833	0.00000e+00	
					         1.38000	1.00000e+00	
					         1.38167	2.00000e+00	
					         1.38333	3.00000e+00	
					         1.38500	3.00000e+00	
					         1.38667	4.00000e+00	
					         1.38833	4.00000e+00	
					         1.39000	4.00000e+00	
					         1.39167	5.00000e+00	
					         1.39333	5.00000e+00	
					         1.39500	5.00000e+00	
					         1.39667	5.00000e+00	
					         1.39833	6.00000e+00	
					         1.40000	6.00000e+00	
					         1.40167	7.00000e+00	
					         1.40333	8.00000e+00	
					         1.40500	8.00000e+00	
					         1.40667	9.00000e+00	
					         1.40833	1.00000e+01	
					         1.41000	1.00000e+01	
					         1.41167	1.00000e+01	
					         1.41333	1.00000e+01	
					         1.41500	1.00000e+01	
					         1.41667	1.00000e+01	
					         1.41833	1.00000e+01	
					         1.42000	9.00000e+00	
					         1.42167	8.00000e+00	
					         1.42333	8.00000e+00	
					         1.42500	7.00000e+00	
					         1.42667	6.00000e+00	
					         1.42833	5.00000e+00	
					         1.43000	5.00000e+00	
					         1.43167	5.00000e+00	
					         1.43333	4.00000e+00	
					         1.43500	4.00000e+00	
					         1.43667	4.00000e+00	
					         1.43833	4.00000e+00	
					         1.44000	3.00000e+00	
					         1.44167	3.00000e+00	
					         1.44333	3.00000e+00	
					         1.44500	3.00000e+00	
					         1.44667	3.00000e+00	
					         1.44833	3.00000e+00	
					         1.45000	3.00000e+00	
					         1.45167	3.00000e+00	
					         1.45333	3.00000e+00	
					         1.45500	3.00000e+00	
					         1.45667	3.00000e+00	
					         1.45833	3.00000e+00	
					         1.46000	2.00000e+00	
					         1.46167	2.00000e+00	
					         1.46333	1.00000e+00	
					         1.46500	0.00000e+00	
					         1.46667	0.00000e+00	
					         1.46833	-1.00000e+00	
					         1.47000	-2.00000e+00	
					         1.47167	-3.00000e+00	
					         1.47333	-3.00000e+00	
					         1.47500	-4.00000e+00	
					         1.47667	-4.00000e+00	
					         1.47833	-4.00000e+00	
					         1.48000	-3.00000e+00	
					         1.48167	-3.00000e+00	
					         1.48333	-3.00000e+00	
					         1.48500	-2.00000e+00	
					         1.48667	-1.00000e+00	
					         1.48833	-1.00000e+00	
					         1.49000	0.00000e+00	
					         1.49167	0.00000e+00	
					         1.49333	1.00000e+00	
					         1.49500	2.00000e+00	
					         1.49667	2.00000e+00	
					         1.49833	2.00000e+00	
					         1.50000	2.00000e+00	
					         1.50167	2.00000e+00	
					         1.50333	2.00000e+00	
					         1.50500	2.00000e+00	
					         1.50667	2.00000e+00	
					         1.50833	2.00000e+00	
					         1.51000	2.00000e+00	
					         1.51167	1.00000e+00	
					         1.51333	1.00000e+00	
					         1.51500	0.00000e+00	
					         1.51667	0.00000e+00	
					         1.51833	-1.00000e+00	
					         1.52000	-2.00000e+00	
					         1.52167	-2.00000e+00	
					         1.52333	-3.00000e+00	
					         1.52500	-4.00000e+00	
					         1.52667	-4.00000e+00	
					         1.52833	-5.00000e+00	
					         1.53000	-6.00000e+00	
					         1.53167	-6.00000e+00	
					         1.53333	-7.00000e+00	
					         1.53500	-7.00000e+00	
					         1.53667	-7.00000e+00	
					         1.53833	-7.00000e+00	
					         1.54000	-7.00000e+00	
					         1.54167	-7.00000e+00	
					         1.54333	-7.00000e+00	
					         1.54500	-7.00000e+00	
					         1.54667	-7.00000e+00	
					         1.54833	-7.00000e+00	
					         1.55000	-7.00000e+00	
					         1.55167	-7.00000e+00	
					         1.55333	-7.00000e+00	
					         1.55500	-8.00000e+00	
					         1.55667	-8.00000e+00	
					         1.55833	-9.00000e+00	
					         1.56000	-9.00000e+00	
					         1.56167	-1.00000e+01	
					         1.56333	-1.00000e+01	
					         1.56500	-1.00000e+01	
					         1.56667	-1.00000e+01	
					         1.56833	-1.00000e+01	
					         1.57000	-1.00000e+01	
					         1.57167	-1.00000e+01	
					         1.57333	-1.00000e+01	
					         1.57500	-1.00000e+01	
					         1.57667	-9.00000e+00	
					         1.57833	-9.00000e+00	
					         1.58000	-9.00000e+00	
					         1.58167	-8.00000e+00	
					         1.58333	-8.00000e+00	
					         1.58500	-8.00000e+00	
					         1.58667	-7.00000e+00	
					         1.58833	-7.00000e+00	
					         1.59000	-7.00000e+00	
					         1.59167	-6.00000e+00	
					         1.59333	-6.00000e+00	
					         1.59500	-6.00000e+00	
					         1.59667	-6.00000e+00	
					         1.59833	-6.00000e+00	
					         1.60000	-5.00000e+00	
					         1.60167	-5.00000e+00	
					         1.60333	-5.00000e+00	
					         1.60500	-5.00000e+00	
					         1.60667	-4.00000e+00	
					         1.60833	-4.00000e+00	
					         1.61000	-4.00000e+00	
					         1.61167	-4.00000e+00	
					         1.61333	-4.00000e+00	
					         1.61500	-3.00000e+00	
					         1.61667	-3.00000e+00	
					         1.61833	-3.00000e+00	
					         1.62000	-3.00000e+00	
					         1.62167	-2.00000e+00	
					         1.62333	-2.00000e+00	
					         1.62500	-2.00000e+00	
					         1.62667	-2.00000e+00	
					         1.62833	-1.00000e+00	
					         1.63000	-1.00000e+00	
					         1.63167	-1.00000e+00	
					         1.63333	-1.00000e+00	
					         1.63500	-1.00000e+00	
					         1.63667	-1.00000e+00	
					         1.63833	0.00000e+00	
					         1.64000	0.00000e+00	
					         1.64167	0.00000e+00	
					         1.64333	1.00000e+00	
					         1.64500	2.00000e+00	
					         1.64667	2.00000e+00	
					         1.64833	4.00000e+00	
					         1.65000	5.00000e+00	
					         1.65167	6.00000e+00	
					         1.65333	8.00000e+00	
					         1.65500	1.00000e+01	
					         1.65667	1.20000e+01	
					         1.65833	1.40000e+01	
					         1.66000	1.60000e+01	
					         1.66167	1.80000e+01	
					         1.66333	2.00000e+01	
					         1.66500	2.20000e+01	
					         1.66667	2.40000e+01	
					         1.66833	2.60000e+01	
					         1.67000	2.70000e+01	
					         1.67167	2.80000e+01	
					         1.67333	2.90000e+01	
					         1.67500	2.90000e+01	
					         1.67667	3.00000e+01	
					         1.67833	3.00000e+01	
					         1.68000	3.00000e+01	
					         1.68167	3.00000e+01	
					         1.68333	3.00000e+01	
					         1.68500	3.00000e+01	
					         1.68667	2.90000e+01	
					         1.68833	2.90000e+01	
					         1.69000	2.80000e+01	
					         1.69167	2.80000e+01	
					         1.69333	2.70000e+01	
					         1.69500	2.60000e+01	
					         1.69667	2.60000e+01	
					         1.69833	2.50000e+01	
					         1.70000	2.50000e+01	
					         1.70167	2.40000e+01	
					         1.70333	2.40000e+01	
					         1.70500	2.30000e+01	
					         1.70667	2.30000e+01	
					         1.70833	2.20000e+01	
					         1.71000	2.10000e+01	
					         1.71167	2.00000e+01	
					         1.71333	1.90000e+01	
					         1.71500	1.70000e+01	
					         1.71667	1.60000e+01	
					         1.71833	1.50000e+01	
					         1.72000	1.30000e+01	
					         1.72167	1.20000e+01	
					         1.72333	1.10000e+01	
					         1.72500	9.00000e+00	
					         1.72667	8.00000e+00	
					         1.72833	7.00000e+00	
					         1.73000	6.00000e+00	
					         1.73167	5.00000e+00	
					         1.73333	4.00000e+00	
					         1.73500	3.00000e+00	
					         1.73667	1.00000e+00	
					         1.73833	0.00000e+00	
					         1.74000	-1.00000e+00	
					         1.74167	-2.00000e+00	
					         1.74333	-3.00000e+00	
					         1.74500	-4.00000e+00	
					         1.74667	-5.00000e+00	
					         1.74833	-6.00000e+00	
					         1.75000	-7.00000e+00	
					         1.75167	-8.00000e+00	
					         1.75333	-1.00000e+01	
					         1.75500	-1.10000e+01	
					         1.75667	-1.20000e+01	
					         1.75833	-1.40000e+01	
					         1.76000	-1.50000e+01	
					         1.76167	-1.60000e+01	
					         1.76333	-1.80000e+01	
					         1.76500	-2.00000e+01	
					         1.76667	-2.20000e+01	
					         1.76833	-2.40000e+01	
					         1.77000	-2.50000e+01	
					         1.77167	-2.60000e+01	
					         1.77333	-2.80000e+01	
					         1.77500	-2.90000e+01	
					         1.77667	-3.00000e+01	
					         1.77833	-3.10000e+01	
					         1.78000	-3.10000e+01	
					         1.78167	-3.20000e+01	
					         1.78333	-3.30000e+01	
					         1.78500	-3.30000e+01	
					         1.78667	-3.30000e+01	
					         1.78833	-3.30000e+01	
					         1.79000	-3.40000e+01	
					         1.79167	-3.40000e+01	
					         1.79333	-3.40000e+01	
					         1.79500	-3.30000e+01	
					         1.79667	-3.30000e+01	
					         1.79833	-3.30000e+01	
					         1.80000	-3.20000e+01	
					         1.80167	-3.20000e+01	
					         1.80333	-3.10000e+01	
					         1.80500	-3.10000e+01	
					         1.80667	-3.00000e+01	
					         1.80833	-3.00000e+01	
					         1.81000	-3.00000e+01	
					         1.81167	-2.90000e+01	
					         1.81333	-2.90000e+01	
					         1.81500	-2.80000e+01	
					         1.81667	-2.80000e+01	
					         1.81833	-2.80000e+01	
					         1.82000	-2.70000e+01	
					         1.82167	-2.70000e+01	
					         1.82333	-2.60000e+01	
					         1.82500	-2.60000e+01	
					         1.82667	-2.50000e+01	
					         1.82833	-2.50000e+01	
					         1.83000	-2.50000e+01	
					         1.83167	-2.50000e+01	
					         1.83333	-2.50000e+01	
					         1.83500	-2.40000e+01	
					         1.83667	-2.40000e+01	
					         1.83833	-2.40000e+01	
					         1.84000	-2.30000e+01	
					         1.84167	-2.20000e+01	
					         1.84333	-2.00000e+01	
					         1.84500	-1.70000e+01	
					         1.84667	-1.30000e+01	
					         1.84833	-7.00000e+00	
					         1.85000	1.00000e+00	
					         1.85167	1.00000e+01	
					         1.85333	2.20000e+01	
					         1.85500	3.50000e+01	
					         1.85667	5.00000e+01	
					         1.85833	6.60000e+01	
					         1.86000	8.30000e+01	
					         1.86167	1.00000e+02	
					         1.86333	1.17000e+02	
					         1.86500	1.33000e+02	
					         1.86667	1.47000e+02	
					         1.86833	1.59000e+02	
					         1.87000	1.67000e+02	
					         1.87167	1.72000e+02	
					         1.87333	1.71000e+02	
					         1.87500	1.66000e+02	
					         1.87667	1.57000e+02	
					         1.87833	1.44000e+02	
					         1.88000	1.26000e+02	
					         1.88167	1.06000e+02	
					         1.88333	8.30000e+01	
					         1.88500	5.90000e+01	
					         1.88667	3.30000e+01	
					         1.88833	8.00000e+00	
					         1.89000	-1.60000e+01	
					         1.89167	-3.80000e+01	
					         1.89333	-5.70000e+01	
					         1.89500	-7.30000e+01	
					         1.89667	-8.60000e+01	
					         1.89833	-9.60000e+01	
					         1.90000	-1.02000e+02	
					         1.90167	-1.05000e+02	
					         1.90333	-1.05000e+02	
					         1.90500	-1.03000e+02	
					         1.90667	-9.80000e+01	
					         1.90833	-9.30000e+01	
					         1.91000	-8.60000e+01	
					         1.91167	-7.90000e+01	
					         1.91333	-7.20000e+01	
					         1.91500	-6.50000e+01	
					         1.91667	-5.80000e+01	
					         1.91833	-5.20000e+01	
					         1.92000	-4.60000e+01	
					         1.92167	-4.20000e+01	
					         1.92333	-3.80000e+01	
					         1.92500	-3.40000e+01	
					         1.92667	-3.20000e+01	
					         1.92833	-3.00000e+01	
					         1.93000	-2.80000e+01	
					         1.93167	-2.70000e+01	
					         1.93333	-2.70000e+01	
					         1.93500	-2.60000e+01	
					         1.93667	-2.60000e+01	
					         1.93833	-2.60000e+01	
					         1.94000	-2.60000e+01	
					         1.94167	-2.60000e+01	
					         1.94333	-2.60000e+01	
					         1.94500	-2.60000e+01	
					         1.94667	-2.50000e+01	
					         1.94833	-2.40000e+01	
					         1.95000	-2.30000e+01	
					         1.95167	-2.20000e+01	
					         1.95333	-2.10000e+01	
					         1.95500	-1.90000e+01	
					         1.95667	-1.80000e+01	
					         1.95833	-1.70000e+01	
					         1.96000	-1.50000e+01	
					         1.96167	-1.40000e+01	
					         1.96333	-1.40000e+01	
					         1.96500	-1.30000e+01	
					         1.96667	-1.30000e+01	
					         1.96833	-1.20000e+01	
					         1.97000	-1.20000e+01	
					         1.97167	-1.20000e+01	
					         1.97333	-1.30000e+01	
					         1.97500	-1.30000e+01	
					         1.97667	-1.30000e+01	
					         1.97833	-1.30000e+01	
					         1.98000	-1.30000e+01	
					         1.98167	-1.30000e+01	
					         1.98333	-1.20000e+01	
					         1.98500	-1.20000e+01	
					         1.98667	-1.10000e+01	
					         1.98833	-1.00000e+01	
					         1.99000	-9.00000e+00	
					         1.99167	-8.00000e+00	
					         1.99333	-7.00000e+00	
					         1.99500	-6.00000e+00	
					         1.99667	-5.00000e+00	
					         1.99833	-4.00000e+00	
					         2.00000	-3.00000e+00	
					         2.00167	-2.00000e+00	
					         2.00333	-1.00000e+00	
					         2.00500	0.00000e+00	
					         2.00667	1.00000e+00	
					         2.00833	2.00000e+00	
					         2.01000	3.00000e+00	
					         2.01167	4.00000e+00	
					         2.01333	4.00000e+00	
					         2.01500	5.00000e+00	
					         2.01667	5.00000e+00	
					         2.01833	5.00000e+00	
					         2.02000	5.00000e+00	
					         2.02167	6.00000e+00	
					         2.02333	6.00000e+00	
					         2.02500	6.00000e+00	
					         2.02667	6.00000e+00	
					         2.02833	6.00000e+00	
					         2.03000	6.00000e+00	
					         2.03167	6.00000e+00	
					         2.03333	6.00000e+00	
					         2.03500	6.00000e+00	
					         2.03667	6.00000e+00	
					         2.03833	6.00000e+00	
					         2.04000	6.00000e+00	
					         2.04167	6.00000e+00	
					         2.04333	6.00000e+00	
					         2.04500	6.00000e+00	
					         2.04667	6.00000e+00	
					         2.04833	6.00000e+00	
					         2.05000	6.00000e+00	
					         2.05167	6.00000e+00	
					         2.05333	6.00000e+00	
					         2.05500	7.00000e+00	
					         2.05667	7.00000e+00	
					         2.05833	8.00000e+00	
					         2.06000	8.00000e+00	
					         2.06167	9.00000e+00	
					         2.06333	9.00000e+00	
					         2.06500	9.00000e+00	
					         2.06667	1.00000e+01	
					         2.06833	1.10000e+01	
					         2.07000	1.10000e+01	
					         2.07167	1.20000e+01	
					         2.07333	1.30000e+01	
					         2.07500	1.40000e+01	
					         2.07667	1.50000e+01	
					         2.07833	1.60000e+01	
					         2.08000	1.70000e+01	
					         2.08167	1.80000e+01	
					         2.08333	1.90000e+01	
					         2.08500	2.00000e+01	
					         2.08667	2.20000e+01	
					         2.08833	2.30000e+01	
					         2.09000	2.40000e+01	
					         2.09167	2.40000e+01	
					         2.09333	2.50000e+01	
					         2.09500	2.50000e+01	
					         2.09667	2.50000e+01	
					         2.09833	2.60000e+01	
					         2.10000	2.60000e+01	
					         2.10167	2.60000e+01	
					         2.10333	2.60000e+01	
					         2.10500	2.70000e+01	
					         2.10667	2.70000e+01	
					         2.10833	2.80000e+01	
					         2.11000	2.80000e+01	
					         2.11167	2.90000e+01	
					         2.11333	3.00000e+01	
					         2.11500	3.00000e+01	
					         2.11667	3.10000e+01	
					         2.11833	3.20000e+01	
					         2.12000	3.30000e+01	
					         2.12167	3.40000e+01	
					         2.12333	3.40000e+01	
					         2.12500	3.50000e+01	
					         2.12667	3.60000e+01	
					         2.12833	3.60000e+01	
					         2.13000	3.60000e+01	
					         2.13167	3.70000e+01	
					         2.13333	3.70000e+01	
					         2.13500	3.70000e+01	
					         2.13667	3.80000e+01	
					         2.13833	3.80000e+01	
					         2.14000	3.80000e+01	
					         2.14167	3.90000e+01	
					         2.14333	3.90000e+01	
					         2.14500	4.00000e+01	
					         2.14667	4.00000e+01	
					         2.14833	4.10000e+01	
					         2.15000	4.10000e+01	
					         2.15167	4.20000e+01	
					         2.15333	4.20000e+01	
					         2.15500	4.30000e+01	
					         2.15667	4.30000e+01	
					         2.15833	4.30000e+01	
					         2.16000	4.20000e+01	
					         2.16167	4.20000e+01	
					         2.16333	4.10000e+01	
					         2.16500	4.00000e+01	
					         2.16667	3.80000e+01	
					         2.16833	3.60000e+01	
					         2.17000	3.40000e+01	
					         2.17167	3.20000e+01	
					         2.17333	2.90000e+01	
					         2.17500	2.60000e+01	
					         2.17667	2.40000e+01	
					         2.17833	2.10000e+01	
					         2.18000	1.80000e+01	
					         2.18167	1.50000e+01	
					         2.18333	1.20000e+01	
					         2.18500	9.00000e+00	
					         2.18667	7.00000e+00	
					         2.18833	4.00000e+00	
					         2.19000	2.00000e+00	
					         2.19167	-1.00000e+00	
					         2.19333	-3.00000e+00	
					         2.19500	-5.00000e+00	
					         2.19667	-7.00000e+00	
					         2.19833	-9.00000e+00	
					         2.20000	-1.10000e+01	
					         2.20167	-1.30000e+01	
					         2.20333	-1.50000e+01	
					         2.20500	-1.60000e+01	
					         2.20667	-1.80000e+01	
					         2.20833	-1.90000e+01	
					         2.21000	-2.00000e+01	
					         2.21167	-2.20000e+01	
					         2.21333	-2.30000e+01	
					         2.21500	-2.50000e+01	
					         2.21667	-2.60000e+01	
					         2.21833	-2.70000e+01	
					         2.22000	-2.80000e+01	
					         2.22167	-2.90000e+01	
					         2.22333	-3.00000e+01	
					         2.22500	-3.10000e+01	
					         2.22667	-3.20000e+01	
					         2.22833	-3.30000e+01	
					         2.23000	-3.30000e+01	
					         2.23167	-3.30000e+01	
					         2.23333	-3.30000e+01	
					         2.23500	-3.30000e+01	
					         2.23667	-3.30000e+01	
					         2.23833	-3.30000e+01	
					         2.24000	-3.30000e+01	
					         2.24167	-3.30000e+01	
					         2.24333	-3.30000e+01	
					         2.24500	-3.30000e+01	
					         2.24667	-3.30000e+01	
					         2.24833	-3.30000e+01	
					         2.25000	-3.20000e+01	
					         2.25167	-3.20000e+01	
					         2.25333	-3.10000e+01	
					         2.25500	-3.00000e+01	
					         2.25667	-2.90000e+01	
					         2.25833	-2.80000e+01	
					         2.26000	-2.70000e+01	
					         2.26167	-2.50000e+01	
					         2.26333	-2.40000e+01	
					         2.26500	-2.20000e+01	
					         2.26667	-2.00000e+01	
					         2.26833	-1.90000e+01	
					         2.27000	-1.70000e+01	
					         2.27167	-1.60000e+01	
					         2.27333	-1.40000e+01	
					         2.27500	-1.30000e+01	
					         2.27667	-1.20000e+01	
					         2.27833	-1.10000e+01	
					         2.28000	-9.00000e+00	
					         2.28167	-8.00000e+00	
					         2.28333	-7.00000e+00	
					         2.28500	-6.00000e+00	
					         2.28667	-5.00000e+00	
					         2.28833	-4.00000e+00	
					         2.29000	-4.00000e+00	
					         2.29167	-4.00000e+00	
					         2.29333	-3.00000e+00	
					         2.29500	-3.00000e+00	
					         2.29667	-3.00000e+00	
					         2.29833	-3.00000e+00	
					         2.30000	-2.00000e+00	
					         2.30167	-2.00000e+00	
					         2.30333	-2.00000e+00	
					         2.30500	-1.00000e+00	
					         2.30667	0.00000e+00	
					         2.30833	0.00000e+00	
					         2.31000	1.00000e+00	
					         2.31167	2.00000e+00	
					         2.31333	3.00000e+00	
					         2.31500	4.00000e+00	
					         2.31667	4.00000e+00	
					         2.31833	4.00000e+00	
					         2.32000	4.00000e+00	
					         2.32167	4.00000e+00	
					         2.32333	4.00000e+00	
					         2.32500	4.00000e+00	
					         2.32667	3.00000e+00	
					         2.32833	3.00000e+00	
					         2.33000	2.00000e+00	
					         2.33167	2.00000e+00	
					         2.33333	2.00000e+00	
					         2.33500	1.00000e+00	
					         2.33667	1.00000e+00	
					         2.33833	2.00000e+00	
					         2.34000	2.00000e+00	
					         2.34167	2.00000e+00	
					         2.34333	3.00000e+00	
					         2.34500	4.00000e+00	
					         2.34667	4.00000e+00	
					         2.34833	5.00000e+00	
					         2.35000	6.00000e+00	
					         2.35167	6.00000e+00	
					         2.35333	7.00000e+00	
					         2.35500	7.00000e+00	
					         2.35667	7.00000e+00	
					         2.35833	8.00000e+00	
					         2.36000	7.00000e+00	
					         2.36167	7.00000e+00	
					         2.36333	6.00000e+00	
					         2.36500	5.00000e+00	
					         2.36667	4.00000e+00	
					         2.36833	3.00000e+00	
					         2.37000	2.00000e+00	
					         2.37167	0.00000e+00	
					         2.37333	-1.00000e+00	
					         2.37500	-1.00000e+00	
					         2.37667	-2.00000e+00	
					         2.37833	-3.00000e+00	
					         2.38000	-3.00000e+00	
					         2.38167	-4.00000e+00	
					         2.38333	-4.00000e+00	
					         2.38500	-4.00000e+00	
					         2.38667	-4.00000e+00	
					         2.38833	-4.00000e+00	
					         2.39000	-4.00000e+00	
					         2.39167	-4.00000e+00	
					         2.39333	-4.00000e+00	
					         2.39500	-5.00000e+00	
					         2.39667	-5.00000e+00	
					         2.39833	-5.00000e+00	
					         2.40000	-5.00000e+00	
					         2.40167	-6.00000e+00	
					         2.40333	-6.00000e+00	
					         2.40500	-6.00000e+00	
					         2.40667	-6.00000e+00	
					         2.40833	-5.00000e+00	
					         2.41000	-5.00000e+00	
					         2.41167	-5.00000e+00	
					         2.41333	-5.00000e+00	
					         2.41500	-5.00000e+00	
					         2.41667	-4.00000e+00	
					         2.41833	-4.00000e+00	
					         2.42000	-5.00000e+00	
					         2.42167	-5.00000e+00	
					         2.42333	-5.00000e+00	
					         2.42500	-5.00000e+00	
					         2.42667	-5.00000e+00	
					         2.42833	-5.00000e+00	
					         2.43000	-5.00000e+00	
					         2.43167	-5.00000e+00	
					         2.43333	-5.00000e+00	
					         2.43500	-4.00000e+00	
					         2.43667	-4.00000e+00	
					         2.43833	-4.00000e+00	
					         2.44000	-3.00000e+00	
					         2.44167	-3.00000e+00	
					         2.44333	-2.00000e+00	
					         2.44500	-2.00000e+00	
					         2.44667	-2.00000e+00	
					         2.44833	-2.00000e+00	
					         2.45000	-2.00000e+00	
					         2.45167	-2.00000e+00	
					         2.45333	-2.00000e+00	
					         2.45500	-3.00000e+00	
					         2.45667	-3.00000e+00	
					         2.45833	-3.00000e+00	
					         2.46000	-3.00000e+00	
					         2.46167	-3.00000e+00	
					         2.46333	-3.00000e+00	
					         2.46500	-3.00000e+00	
					         2.46667	-3.00000e+00	
					         2.46833	-2.00000e+00	
					         2.47000	-1.00000e+00	
					         2.47167	-1.00000e+00	
					         2.47333	0.00000e+00	
					         2.47500	1.00000e+00	
					         2.47667	2.00000e+00	
					         2.47833	3.00000e+00	
					         2.48000	5.00000e+00	
					         2.48167	6.00000e+00	
					         2.48333	6.00000e+00	
					         2.48500	7.00000e+00	
					         2.48667	8.00000e+00	
					         2.48833	8.00000e+00	
					         2.49000	8.00000e+00	
					         2.49167	8.00000e+00	
					         2.49333	8.00000e+00	
					         2.49500	7.00000e+00	
					         2.49667	7.00000e+00	
					         2.49833	6.00000e+00	
					         2.50000	5.00000e+00	
					         2.50167	5.00000e+00	
					         2.50333	4.00000e+00	
					         2.50500	3.00000e+00	
					         2.50667	3.00000e+00	
					         2.50833	2.00000e+00	
					         2.51000	1.00000e+00	
					         2.51167	0.00000e+00	
					         2.51333	-1.00000e+00	
					         2.51500	-1.00000e+00	
					         2.51667	-2.00000e+00	
					         2.51833	-3.00000e+00	
					         2.52000	-4.00000e+00	
					         2.52167	-5.00000e+00	
					         2.52333	-5.00000e+00	
					         2.52500	-6.00000e+00	
					         2.52667	-6.00000e+00	
					         2.52833	-6.00000e+00	
					         2.53000	-6.00000e+00	
					         2.53167	-5.00000e+00	
					         2.53333	-5.00000e+00	
					         2.53500	-4.00000e+00	
					         2.53667	-3.00000e+00	
					         2.53833	-2.00000e+00	
					         2.54000	-1.00000e+00	
					         2.54167	0.00000e+00	
					         2.54333	1.00000e+00	
					         2.54500	2.00000e+00	
					         2.54667	3.00000e+00	
					         2.54833	4.00000e+00	
					         2.55000	4.00000e+00	
					         2.55167	5.00000e+00	
					         2.55333	5.00000e+00	
					         2.55500	5.00000e+00	
					         2.55667	5.00000e+00	
					         2.55833	4.00000e+00	
					         2.56000	4.00000e+00	
					         2.56167	3.00000e+00	
					         2.56333	2.00000e+00	
					         2.56500	2.00000e+00	
					         2.56667	1.00000e+00	
					         2.56833	1.00000e+00	
					         2.57000	2.00000e+00	
					         2.57167	2.00000e+00	
					         2.57333	3.00000e+00	
					         2.57500	4.00000e+00	
					         2.57667	6.00000e+00	
					         2.57833	8.00000e+00	
					         2.58000	1.10000e+01	
					         2.58167	1.40000e+01	
					         2.58333	1.60000e+01	
					         2.58500	1.90000e+01	
					         2.58667	2.10000e+01	
					         2.58833	2.40000e+01	
					         2.59000	2.50000e+01	
					         2.59167	2.70000e+01	
					         2.59333	2.80000e+01	
					         2.59500	2.90000e+01	
					         2.59667	3.00000e+01	
					         2.59833	3.10000e+01	
					         2.60000	3.10000e+01	
					         2.60167	3.10000e+01	
					         2.60333	3.10000e+01	
					         2.60500	3.10000e+01	
					         2.60667	3.10000e+01	
					         2.60833	3.10000e+01	
					         2.61000	3.00000e+01	
					         2.61167	2.90000e+01	
					         2.61333	2.90000e+01	
					         2.61500	2.80000e+01	
					         2.61667	2.80000e+01	
					         2.61833	2.70000e+01	
					         2.62000	2.70000e+01	
					         2.62167	2.60000e+01	
					         2.62333	2.60000e+01	
					         2.62500	2.60000e+01	
					         2.62667	2.60000e+01	
					         2.62833	2.60000e+01	
					         2.63000	2.60000e+01	
					         2.63167	2.60000e+01	
					         2.63333	2.60000e+01	
					         2.63500	2.50000e+01	
					         2.63667	2.40000e+01	
					         2.63833	2.30000e+01	
					         2.64000	2.20000e+01	
					         2.64167	2.00000e+01	
					         2.64333	1.90000e+01	
					         2.64500	1.70000e+01	
					         2.64667	1.50000e+01	
					         2.64833	1.30000e+01	
					         2.65000	1.10000e+01	
					         2.65167	9.00000e+00	
					         2.65333	6.00000e+00	
					         2.65500	4.00000e+00	
					         2.65667	3.00000e+00	
					         2.65833	1.00000e+00	
					         2.66000	-1.00000e+00	
					         2.66167	-2.00000e+00	
					         2.66333	-4.00000e+00	
					         2.66500	-5.00000e+00	
					         2.66667	-6.00000e+00	
					         2.66833	-6.00000e+00	
					         2.67000	-7.00000e+00	
					         2.67167	-7.00000e+00	
					         2.67333	-8.00000e+00	
					         2.67500	-8.00000e+00	
					         2.67667	-9.00000e+00	
					         2.67833	-9.00000e+00	
					         2.68000	-1.00000e+01	
					         2.68167	-1.10000e+01	
					         2.68333	-1.20000e+01	
					         2.68500	-1.30000e+01	
					         2.68667	-1.50000e+01	
					         2.68833	-1.60000e+01	
					         2.69000	-1.70000e+01	
					         2.69167	-1.90000e+01	
					         2.69333	-2.10000e+01	
					         2.69500	-2.20000e+01	
					         2.69667	-2.30000e+01	
					         2.69833	-2.50000e+01	
					         2.70000	-2.60000e+01	
					         2.70167	-2.70000e+01	
					         2.70333	-2.80000e+01	
					         2.70500	-2.90000e+01	
					         2.70667	-2.90000e+01	
					         2.70833	-3.00000e+01	
					         2.71000	-3.00000e+01	
					         2.71167	-3.00000e+01	
					         2.71333	-3.00000e+01	
					         2.71500	-3.00000e+01	
					         2.71667	-3.00000e+01	
					         2.71833	-2.90000e+01	
					         2.72000	-2.90000e+01	
					         2.72167	-2.90000e+01	
					         2.72333	-2.80000e+01	
					         2.72500	-2.80000e+01	
					         2.72667	-2.70000e+01	
					         2.72833	-2.70000e+01	
					         2.73000	-2.60000e+01	
					         2.73167	-2.50000e+01	
					         2.73333	-2.30000e+01	
					         2.73500	-2.20000e+01	
					         2.73667	-2.10000e+01	
					         2.73833	-2.00000e+01	
					         2.74000	-1.90000e+01	
					         2.74167	-1.80000e+01	
					         2.74333	-1.70000e+01	
					         2.74500	-1.70000e+01	
					         2.74667	-1.60000e+01	
					         2.74833	-1.60000e+01	
					         2.75000	-1.60000e+01	
					         2.75167	-1.70000e+01	
					         2.75333	-1.70000e+01	
					         2.75500	-1.80000e+01	
					         2.75667	-1.80000e+01	
					         2.75833	-1.90000e+01	
					         2.76000	-1.80000e+01	
					         2.76167	-1.80000e+01	
					         2.76333	-1.60000e+01	
					         2.76500	-1.40000e+01	
					         2.76667	-1.10000e+01	
					         2.76833	-7.00000e+00	
					         2.77000	-1.00000e+00	
					         2.77167	7.00000e+00	
					         2.77333	1.60000e+01	
					         2.77500	2.80000e+01	
					         2.77667	4.20000e+01	
					         2.77833	5.70000e+01	
					         2.78000	7.30000e+01	
					         2.78167	9.00000e+01	
					         2.78333	1.07000e+02	
					         2.78500	1.24000e+02	
					         2.78667	1.41000e+02	
					         2.78833	1.56000e+02	
					         2.79000	1.69000e+02	
					         2.79167	1.79000e+02	
					         2.79333	1.85000e+02	
					         2.79500	1.87000e+02	
					         2.79667	1.84000e+02	
					         2.79833	1.76000e+02	
					         2.80000	1.65000e+02	
					         2.80167	1.49000e+02	
					         2.80333	1.31000e+02	
					         2.80500	1.09000e+02	
					         2.80667	8.50000e+01	
					         2.80833	5.90000e+01	
					         2.81000	3.40000e+01	
					         2.81167	9.00000e+00	
					         2.81333	-1.50000e+01	
					         2.81500	-3.60000e+01	
					         2.81667	-5.50000e+01	
					         2.81833	-7.00000e+01	
					         2.82000	-8.30000e+01	
					         2.82167	-9.20000e+01	
					         2.82333	-9.70000e+01	
					         2.82500	-1.00000e+02	
					         2.82667	-1.00000e+02	
					         2.82833	-9.80000e+01	
					         2.83000	-9.40000e+01	
					         2.83167	-8.90000e+01	
					         2.83333	-8.20000e+01	
