Grayscale intensity, in dB

Time (s) :	Trace 1 : 	Trace 2 : 	Trace 3 : 		Ecg : 		
0.00041   	-3.38894e+01	-4.37374e+01	-2.81663e+01		         0.00000	1.20000e+01	
0.01928   	-3.33214e+01	-4.39774e+01	-2.68053e+01		         0.00167	1.80000e+01	
0.03815   	-3.26998e+01	-4.54732e+01	-2.68941e+01		         0.00333	2.50000e+01	
0.05702   	-3.34534e+01	-4.65200e+01	-2.30882e+01		         0.00500	3.50000e+01	
0.07588   	-3.38462e+01	-4.61237e+01	-2.49728e+01		         0.00667	4.70000e+01	
0.09475   	-3.28524e+01	-4.41453e+01	-2.61835e+01		         0.00833	6.20000e+01	
0.11361   	-3.26873e+01	-4.25820e+01	-2.67898e+01		         0.01000	7.80000e+01	
0.13248   	-3.25525e+01	-4.00147e+01	-2.88785e+01		         0.01167	9.70000e+01	
0.15135   	-3.22504e+01	-3.75785e+01	-2.78496e+01		         0.01333	1.18000e+02	
0.17022   	-3.28351e+01	-3.53395e+01	-2.84477e+01		         0.01500	1.39000e+02	
0.18908   	-3.36324e+01	-3.57583e+01	-2.76705e+01		         0.01667	1.60000e+02	
0.20795   	-3.54247e+01	-3.49571e+01	-2.89880e+01		         0.01833	1.81000e+02	
0.22682   	-3.66120e+01	-3.55740e+01	-2.97051e+01		         0.02000	2.01000e+02	
0.24569   	-3.60249e+01	-3.45730e+01	-2.71025e+01		         0.02167	2.18000e+02	
0.26455   	-3.62381e+01	-3.79784e+01	-3.08560e+01		         0.02333	2.33000e+02	
0.28341   	-3.60585e+01	-3.80745e+01	-3.09688e+01		         0.02500	2.43000e+02	
0.30228   	-3.58340e+01	-4.02005e+01	-2.83607e+01		         0.02667	2.48000e+02	
0.32116   	-3.60621e+01	-4.50425e+01	-3.08079e+01		         0.02833	2.47000e+02	
0.34002   	-3.57868e+01	-4.86985e+01	-2.82041e+01		         0.03000	2.40000e+02	
0.35888   	-3.61732e+01	-5.18680e+01	-2.72959e+01		         0.03167	2.27000e+02	
0.37775   	-3.62422e+01	-5.09672e+01	-2.76458e+01		         0.03333	2.10000e+02	
0.39662   	-3.81341e+01	-5.13510e+01	-2.61955e+01		         0.03500	1.87000e+02	
0.41548   	-3.78603e+01	-4.92369e+01	-2.81247e+01		         0.03667	1.59000e+02	
0.43435   	-3.99627e+01	-4.34632e+01	-2.96563e+01		         0.03833	1.28000e+02	
0.45322   	-4.09721e+01	-4.36654e+01	-2.89146e+01		         0.04000	9.40000e+01	
0.47208   	-4.19720e+01	-3.95015e+01	-2.98641e+01		         0.04167	5.80000e+01	
0.49095   	-4.10334e+01	-3.76607e+01	-3.25333e+01		         0.04333	2.20000e+01	
0.50982   	-4.03136e+01	-3.83712e+01	-3.20504e+01		         0.04500	-1.40000e+01	
0.52868   	-3.87983e+01	-4.06578e+01	-3.13433e+01		         0.04667	-4.60000e+01	
0.54755   	-3.86048e+01	-3.84360e+01	-3.01284e+01		         0.04833	-7.60000e+01	
0.56642   	-3.73388e+01	-3.93142e+01	-2.64247e+01		         0.05000	-1.01000e+02	
0.58528   	-3.58209e+01	-4.12390e+01	-2.66749e+01		         0.05167	-1.22000e+02	
0.60415   	-3.50651e+01	-3.96411e+01	-2.70813e+01		         0.05333	-1.38000e+02	
0.62302   	-3.42277e+01	-3.88424e+01	-2.74193e+01		         0.05500	-1.49000e+02	
0.64189   	-3.40886e+01	-3.98809e+01	-2.64730e+01		         0.05667	-1.56000e+02	
0.66075   	-3.42287e+01	-4.03320e+01	-2.70453e+01		         0.05833	-1.58000e+02	
0.67962   	-3.39606e+01	-3.97837e+01	-2.68810e+01		         0.06000	-1.57000e+02	
0.69848   	-3.37591e+01	-4.01025e+01	-2.87553e+01		         0.06167	-1.52000e+02	
0.71735   	-3.38879e+01	-4.01310e+01	-2.81942e+01		         0.06333	-1.45000e+02	
0.73622   	-3.39726e+01	-4.05757e+01	-2.92253e+01		         0.06500	-1.37000e+02	
0.75508   	-3.40240e+01	-4.14991e+01	-2.91926e+01		         0.06667	-1.27000e+02	
0.77395   	-3.37220e+01	-4.26073e+01	-2.89200e+01		         0.06833	-1.16000e+02	
0.79281   	-3.33160e+01	-4.57820e+01	-2.76886e+01		         0.07000	-1.05000e+02	
0.81169   	-3.42733e+01	-4.71376e+01	-2.78109e+01		         0.07167	-9.50000e+01	
0.83055   	-3.44232e+01	-4.64075e+01	-2.69629e+01		         0.07333	-8.40000e+01	
0.84942   	-3.42764e+01	-4.60144e+01	-2.68571e+01		         0.07500	-7.50000e+01	
0.86828   	-3.38025e+01	-4.63852e+01	-2.91769e+01		         0.07667	-6.60000e+01	
0.88715   	-3.38597e+01	-4.65383e+01	-2.93828e+01		         0.07833	-5.90000e+01	
0.90602   	-3.44018e+01	-4.79655e+01	-3.06016e+01		         0.08000	-5.20000e+01	
0.92488   	-3.44919e+01	-4.76185e+01	-2.83280e+01		         0.08167	-4.70000e+01	
0.94375   	-3.44083e+01	-4.64052e+01	-2.93146e+01		         0.08333	-4.30000e+01	
0.96262   	-3.45057e+01	-4.83808e+01	-2.97875e+01		         0.08500	-4.00000e+01	
0.98149   	-3.45652e+01	-4.78533e+01	-2.76972e+01		         0.08667	-3.70000e+01	
1.00036   	-3.42225e+01	-4.68074e+01	-3.03032e+01		         0.08833	-3.50000e+01	
1.01922   	-3.37753e+01	-4.43864e+01	-3.06441e+01		         0.09000	-3.40000e+01	
1.03809   	-3.34959e+01	-4.48888e+01	-2.53628e+01		         0.09167	-3.30000e+01	
1.05695   	-3.33113e+01	-4.17526e+01	-2.92068e+01		         0.09333	-3.20000e+01	
1.07581   	-3.31258e+01	-3.78465e+01	-2.92063e+01		         0.09500	-3.20000e+01	
1.09469   	-3.35299e+01	-3.53381e+01	-3.09073e+01		         0.09667	-3.10000e+01	
1.11355   	-3.43249e+01	-3.54705e+01	-2.83961e+01		         0.09833	-3.00000e+01	
1.13242   	-3.55446e+01	-3.39814e+01	-2.99668e+01		         0.10000	-2.90000e+01	
1.15129   	-3.60494e+01	-3.41677e+01	-2.99769e+01		         0.10167	-2.80000e+01	
1.17015   	-3.50643e+01	-3.37776e+01	-2.72925e+01		         0.10333	-2.70000e+01	
1.18902   	-3.42631e+01	-3.93579e+01	-2.82019e+01		         0.10500	-2.60000e+01	
1.20788   	-3.45957e+01	-3.92687e+01	-2.72234e+01		         0.10667	-2.50000e+01	
1.22675   	-3.52540e+01	-4.20800e+01	-2.46189e+01		         0.10833	-2.40000e+01	
1.24562   	-3.52861e+01	-4.37741e+01	-2.78944e+01		         0.11000	-2.40000e+01	
1.26449   	-3.54705e+01	-4.78546e+01	-2.93058e+01		         0.11167	-2.30000e+01	
1.28336   	-3.51456e+01	-4.94770e+01	-2.23437e+01		         0.11333	-2.20000e+01	
1.30222   	-3.49061e+01	-5.11104e+01	-2.75737e+01		         0.11500	-2.10000e+01	
1.32109   	-3.78753e+01	-5.07440e+01	-2.66572e+01		         0.11667	-2.10000e+01	
1.33995   	-3.66909e+01	-4.94753e+01	-2.89867e+01		         0.11833	-2.00000e+01	
1.35882   	-4.00768e+01	-4.28484e+01	-2.72716e+01		         0.12000	-2.00000e+01	
1.37769   	-4.19221e+01	-4.69340e+01	-2.74546e+01		         0.12167	-2.00000e+01	
1.39655   	-4.26796e+01	-4.10860e+01	-2.73361e+01		         0.12333	-2.00000e+01	
1.41542   	-4.07542e+01	-4.10340e+01	-2.88288e+01		         0.12500	-2.00000e+01	
1.43429   	-3.99049e+01	-4.06690e+01	-3.16091e+01		         0.12667	-2.00000e+01	
1.45315   	-3.95100e+01	-4.26830e+01	-3.13260e+01		         0.12833	-1.90000e+01	
1.47203   	-3.73431e+01	-4.32760e+01	-3.11531e+01		         0.13000	-1.80000e+01	
1.49088   	-3.54050e+01	-4.35001e+01	-2.83748e+01		         0.13167	-1.60000e+01	
1.50975   	-3.48756e+01	-4.49709e+01	-2.93670e+01		         0.13333	-1.50000e+01	
1.52862   	-3.42283e+01	-4.43609e+01	-2.85719e+01		         0.13500	-1.30000e+01	
1.54749   	-3.40582e+01	-4.26777e+01	-2.85333e+01		         0.13667	-1.10000e+01	
1.56635   	-3.42576e+01	-4.25685e+01	-2.84295e+01		         0.13833	-1.00000e+01	
1.58522   	-3.40474e+01	-4.22514e+01	-2.92161e+01		         0.14000	-7.00000e+00	
1.60409   	-3.39506e+01	-4.27584e+01	-2.90537e+01		         0.14167	-5.00000e+00	
1.62295   	-3.38877e+01	-4.34807e+01	-2.98443e+01		         0.14333	-3.00000e+00	
1.64182   	-3.38072e+01	-4.35193e+01	-2.97018e+01		         0.14500	0.00000e+00	
1.66069   	-3.37190e+01	-4.31998e+01	-3.01018e+01		         0.14667	2.00000e+00	
1.67955   	-3.37491e+01	-4.25720e+01	-2.94649e+01		         0.14833	4.00000e+00	
1.69842   	-3.33219e+01	-4.59901e+01	-2.91347e+01		         0.15000	5.00000e+00	
1.71729   	-3.37499e+01	-4.85389e+01	-2.82021e+01		         0.15167	6.00000e+00	
1.73615   	-3.48272e+01	-4.87572e+01	-2.75234e+01		         0.15333	7.00000e+00	
1.75502   	-3.44586e+01	-4.81881e+01	-2.56235e+01		         0.15500	7.00000e+00	
1.77388   	-3.33694e+01	-4.63608e+01	-2.74891e+01		         0.15667	8.00000e+00	
1.79275   	-3.38287e+01	-4.71431e+01	-2.87791e+01		         0.15833	8.00000e+00	
1.81162   	-3.42743e+01	-4.67195e+01	-2.89708e+01		         0.16000	8.00000e+00	
1.83049   	-3.46509e+01	-4.71181e+01	-2.85024e+01		         0.16167	8.00000e+00	
1.84935   	-3.45266e+01	-4.71052e+01	-2.89550e+01		         0.16333	8.00000e+00	
1.86822   	-3.45975e+01	-4.62325e+01	-2.88329e+01		         0.16500	7.00000e+00	
1.88709   	-3.45105e+01	-4.82773e+01	-2.87753e+01		         0.16667	6.00000e+00	
1.90595   	-3.45293e+01	-4.82635e+01	-2.83510e+01		         0.16833	5.00000e+00	
1.92482   	-3.36582e+01	-4.72101e+01	-2.87668e+01		         0.17000	4.00000e+00	
1.94369   	-3.33737e+01	-4.61015e+01	-2.83199e+01		         0.17167	3.00000e+00	
1.96256   	-3.28968e+01	-4.55385e+01	-2.37053e+01		         0.17333	3.00000e+00	
1.98142   	-3.29145e+01	-4.12790e+01	-2.68877e+01		         0.17500	2.00000e+00	
2.00029   	-3.25738e+01	-3.73341e+01	-2.75602e+01		         0.17667	2.00000e+00	
2.01916   	-3.31046e+01	-3.67333e+01	-2.94278e+01		         0.17833	2.00000e+00	
2.03802   	-3.43013e+01	-3.41316e+01	-2.83839e+01		         0.18000	2.00000e+00	
2.05689   	-3.56792e+01	-3.31400e+01	-3.07388e+01		         0.18167	2.00000e+00	
2.07575   	-3.56437e+01	-3.29276e+01	-2.92430e+01		         0.18333	3.00000e+00	
2.09462   	-3.48039e+01	-3.37440e+01	-2.60353e+01		         0.18500	4.00000e+00	
2.11349   	-3.46103e+01	-4.02133e+01	-2.92971e+01		         0.18667	4.00000e+00	
2.13236   	-3.51110e+01	-4.08724e+01	-2.69149e+01		         0.18833	5.00000e+00	
2.15122   	-3.51280e+01	-4.11049e+01	-2.53341e+01		         0.19000	5.00000e+00	
2.17009   	-3.52236e+01	-4.46842e+01	-2.78489e+01		         0.19167	5.00000e+00	
2.18895   	-3.52300e+01	-4.84473e+01	-2.85026e+01		         0.19333	5.00000e+00	
2.20782   	-3.53081e+01	-5.12371e+01	-2.62840e+01		         0.19500	5.00000e+00	
2.22669   	-3.62559e+01	-5.03379e+01	-2.54541e+01		         0.19667	5.00000e+00	
2.24555   	-3.71785e+01	-5.03620e+01	-2.56152e+01		         0.19833	4.00000e+00	
2.26442   	-3.84907e+01	-5.04268e+01	-2.79415e+01		         0.20000	4.00000e+00	
2.28329   	-4.04840e+01	-4.44025e+01	-2.77875e+01		         0.20167	4.00000e+00	
2.30216   	-4.11102e+01	-3.94708e+01	-2.68507e+01		         0.20333	4.00000e+00	
2.32102   	-4.15616e+01	-3.91914e+01	-2.87266e+01		         0.20500	4.00000e+00	
2.33989   	-4.07641e+01	-3.90217e+01	-3.10815e+01		         0.20667	4.00000e+00	
2.35876   	-3.97129e+01	-3.88816e+01	-2.99232e+01		         0.20833	5.00000e+00	
2.37762   	-3.83461e+01	-3.98202e+01	-2.98369e+01		         0.21000	6.00000e+00	
2.39649   	-3.81582e+01	-3.89338e+01	-2.71711e+01		         0.21167	7.00000e+00	
2.41536   	-3.66423e+01	-3.87635e+01	-2.62021e+01		         0.21333	9.00000e+00	
2.43422   	-3.54619e+01	-3.92361e+01	-2.67939e+01		         0.21500	1.10000e+01	
2.45309   	-3.41433e+01	-3.78781e+01	-2.47325e+01		         0.21667	1.40000e+01	
2.47195   	-3.34313e+01	-3.72375e+01	-2.51204e+01		         0.21833	1.60000e+01	
2.49082   	-3.35741e+01	-3.92126e+01	-2.49213e+01		         0.22000	1.80000e+01	
2.50969   	-3.37952e+01	-3.87044e+01	-2.52824e+01		         0.22167	2.10000e+01	
2.52856   	-3.36536e+01	-3.86283e+01	-2.59342e+01		         0.22333	2.30000e+01	
2.54742   	-3.35430e+01	-3.87075e+01	-2.47965e+01		         0.22500	2.60000e+01	
2.56629   	-3.33653e+01	-3.87542e+01	-2.71819e+01		         0.22667	2.80000e+01	
2.58516   	-3.33085e+01	-3.98584e+01	-2.63048e+01		         0.22833	3.10000e+01	
2.60402   	-3.31285e+01	-4.17967e+01	-2.72365e+01		         0.23000	3.40000e+01	
2.62289   	-3.35553e+01	-4.66263e+01	-2.42388e+01		         0.23167	3.60000e+01	
2.64176   	-3.37859e+01	-4.77503e+01	-2.60222e+01		         0.23333	3.80000e+01	
2.66062   	-3.36010e+01	-4.45215e+01	-2.37687e+01		         0.23500	4.00000e+01	
2.67949   	-3.38399e+01	-4.40470e+01	-2.77375e+01		         0.23667	4.10000e+01	
2.69836   	-3.44943e+01	-4.51135e+01	-2.71732e+01		         0.23833	4.30000e+01	
2.71722   	-3.48571e+01	-4.52587e+01	-2.76834e+01		         0.24000	4.50000e+01	
2.73609   	-3.49408e+01	-4.51718e+01	-2.64772e+01		         0.24167	4.70000e+01	
2.75495   	-3.47966e+01	-4.52593e+01	-2.62519e+01		         0.24333	4.90000e+01	
2.77383   	-3.48188e+01	-4.49198e+01	-2.67184e+01		         0.24500	5.00000e+01	
2.79269   	-3.45029e+01	-4.73257e+01	-2.44750e+01		         0.24667	5.20000e+01	
					         0.24833	5.20000e+01	
					         0.25000	5.30000e+01	
					         0.25167	5.40000e+01	
					         0.25333	5.50000e+01	
					         0.25500	5.60000e+01	
					         0.25667	5.70000e+01	
					         0.25833	5.80000e+01	
					         0.26000	5.90000e+01	
					         0.26167	5.90000e+01	
					         0.26333	6.00000e+01	
					         0.26500	6.00000e+01	
					         0.26667	6.10000e+01	
					         0.26833	6.10000e+01	
					         0.27000	6.20000e+01	
					         0.27167	6.20000e+01	
					         0.27333	6.20000e+01	
					         0.27500	6.20000e+01	
					         0.27667	6.20000e+01	
					         0.27833	6.10000e+01	
					         0.28000	6.10000e+01	
					         0.28167	6.10000e+01	
					         0.28333	6.20000e+01	
					         0.28500	6.20000e+01	
					         0.28667	6.30000e+01	
					         0.28833	6.30000e+01	
					         0.29000	6.20000e+01	
					         0.29167	6.20000e+01	
					         0.29333	6.10000e+01	
					         0.29500	5.90000e+01	
					         0.29667	5.80000e+01	
					         0.29833	5.60000e+01	
					         0.30000	5.30000e+01	
					         0.30167	4.90000e+01	
					         0.30333	4.50000e+01	
					         0.30500	4.00000e+01	
					         0.30667	3.50000e+01	
					         0.30833	3.00000e+01	
					         0.31000	2.50000e+01	
					         0.31167	1.90000e+01	
					         0.31333	1.40000e+01	
					         0.31500	9.00000e+00	
					         0.31667	4.00000e+00	
					         0.31833	0.00000e+00	
					         0.32000	-5.00000e+00	
					         0.32167	-9.00000e+00	
					         0.32333	-1.30000e+01	
					         0.32500	-1.70000e+01	
					         0.32667	-2.10000e+01	
					         0.32833	-2.40000e+01	
					         0.33000	-2.70000e+01	
					         0.33167	-3.00000e+01	
					         0.33333	-3.30000e+01	
					         0.33500	-3.60000e+01	
					         0.33667	-3.90000e+01	
					         0.33833	-4.20000e+01	
					         0.34000	-4.50000e+01	
					         0.34167	-4.70000e+01	
					         0.34333	-5.00000e+01	
					         0.34500	-5.20000e+01	
					         0.34667	-5.40000e+01	
					         0.34833	-5.60000e+01	
					         0.35000	-5.70000e+01	
					         0.35167	-5.80000e+01	
					         0.35333	-5.90000e+01	
					         0.35500	-6.00000e+01	
					         0.35667	-6.10000e+01	
					         0.35833	-6.10000e+01	
					         0.36000	-6.20000e+01	
					         0.36167	-6.20000e+01	
					         0.36333	-6.20000e+01	
					         0.36500	-6.20000e+01	
					         0.36667	-6.20000e+01	
					         0.36833	-6.10000e+01	
					         0.37000	-6.00000e+01	
					         0.37167	-5.80000e+01	
					         0.37333	-5.70000e+01	
					         0.37500	-5.60000e+01	
					         0.37667	-5.40000e+01	
					         0.37833	-5.30000e+01	
					         0.38000	-5.20000e+01	
					         0.38167	-5.00000e+01	
					         0.38333	-4.80000e+01	
					         0.38500	-4.70000e+01	
					         0.38667	-4.60000e+01	
					         0.38833	-4.50000e+01	
					         0.39000	-4.40000e+01	
					         0.39167	-4.30000e+01	
					         0.39333	-4.20000e+01	
					         0.39500	-4.00000e+01	
					         0.39667	-3.90000e+01	
					         0.39833	-3.80000e+01	
					         0.40000	-3.70000e+01	
					         0.40167	-3.60000e+01	
					         0.40333	-3.60000e+01	
					         0.40500	-3.60000e+01	
					         0.40667	-3.60000e+01	
					         0.40833	-3.60000e+01	
					         0.41000	-3.60000e+01	
					         0.41167	-3.60000e+01	
					         0.41333	-3.60000e+01	
					         0.41500	-3.70000e+01	
					         0.41667	-3.70000e+01	
					         0.41833	-3.70000e+01	
					         0.42000	-3.70000e+01	
					         0.42167	-3.60000e+01	
					         0.42333	-3.50000e+01	
					         0.42500	-3.40000e+01	
					         0.42667	-3.20000e+01	
					         0.42833	-3.10000e+01	
					         0.43000	-2.90000e+01	
					         0.43167	-2.80000e+01	
					         0.43333	-2.70000e+01	
					         0.43500	-2.50000e+01	
					         0.43667	-2.40000e+01	
					         0.43833	-2.20000e+01	
					         0.44000	-2.00000e+01	
					         0.44167	-1.80000e+01	
					         0.44333	-1.70000e+01	
					         0.44500	-1.60000e+01	
					         0.44667	-1.40000e+01	
					         0.44833	-1.30000e+01	
					         0.45000	-1.20000e+01	
					         0.45167	-1.10000e+01	
					         0.45333	-1.00000e+01	
					         0.45500	-9.00000e+00	
					         0.45667	-8.00000e+00	
					         0.45833	-8.00000e+00	
					         0.46000	-7.00000e+00	
					         0.46167	-7.00000e+00	
					         0.46333	-6.00000e+00	
					         0.46500	-6.00000e+00	
					         0.46667	-5.00000e+00	
					         0.46833	-5.00000e+00	
					         0.47000	-5.00000e+00	
					         0.47167	-5.00000e+00	
					         0.47333	-6.00000e+00	
					         0.47500	-6.00000e+00	
					         0.47667	-6.00000e+00	
					         0.47833	-7.00000e+00	
					         0.48000	-7.00000e+00	
					         0.48167	-7.00000e+00	
					         0.48333	-7.00000e+00	
					         0.48500	-8.00000e+00	
					         0.48667	-9.00000e+00	
					         0.48833	-1.00000e+01	
					         0.49000	-1.00000e+01	
					         0.49167	-1.00000e+01	
					         0.49333	-1.10000e+01	
					         0.49500	-1.10000e+01	
					         0.49667	-1.10000e+01	
					         0.49833	-1.00000e+01	
					         0.50000	-1.00000e+01	
					         0.50167	-1.00000e+01	
					         0.50333	-9.00000e+00	
					         0.50500	-7.00000e+00	
					         0.50667	-6.00000e+00	
					         0.50833	-4.00000e+00	
					         0.51000	-2.00000e+00	
					         0.51167	-1.00000e+00	
					         0.51333	0.00000e+00	
					         0.51500	1.00000e+00	
					         0.51667	1.00000e+00	
					         0.51833	2.00000e+00	
					         0.52000	2.00000e+00	
					         0.52167	2.00000e+00	
					         0.52333	2.00000e+00	
					         0.52500	2.00000e+00	
					         0.52667	2.00000e+00	
					         0.52833	1.00000e+00	
					         0.53000	1.00000e+00	
					         0.53167	1.00000e+00	
					         0.53333	2.00000e+00	
					         0.53500	2.00000e+00	
					         0.53667	3.00000e+00	
					         0.53833	3.00000e+00	
					         0.54000	3.00000e+00	
					         0.54167	3.00000e+00	
					         0.54333	3.00000e+00	
					         0.54500	3.00000e+00	
					         0.54667	3.00000e+00	
					         0.54833	3.00000e+00	
					         0.55000	2.00000e+00	
					         0.55167	2.00000e+00	
					         0.55333	1.00000e+00	
					         0.55500	0.00000e+00	
					         0.55667	0.00000e+00	
					         0.55833	-1.00000e+00	
					         0.56000	-2.00000e+00	
					         0.56167	-3.00000e+00	
					         0.56333	-4.00000e+00	
					         0.56500	-5.00000e+00	
					         0.56667	-5.00000e+00	
					         0.56833	-6.00000e+00	
					         0.57000	-6.00000e+00	
					         0.57167	-6.00000e+00	
					         0.57333	-6.00000e+00	
					         0.57500	-6.00000e+00	
					         0.57667	-6.00000e+00	
					         0.57833	-7.00000e+00	
					         0.58000	-7.00000e+00	
					         0.58167	-7.00000e+00	
					         0.58333	-7.00000e+00	
					         0.58500	-7.00000e+00	
					         0.58667	-6.00000e+00	
					         0.58833	-6.00000e+00	
					         0.59000	-7.00000e+00	
					         0.59167	-7.00000e+00	
					         0.59333	-8.00000e+00	
					         0.59500	-9.00000e+00	
					         0.59667	-1.00000e+01	
					         0.59833	-1.10000e+01	
					         0.60000	-1.10000e+01	
					         0.60167	-1.10000e+01	
					         0.60333	-1.10000e+01	
					         0.60500	-1.00000e+01	
					         0.60667	-9.00000e+00	
					         0.60833	-9.00000e+00	
					         0.61000	-7.00000e+00	
					         0.61167	-6.00000e+00	
					         0.61333	-5.00000e+00	
					         0.61500	-3.00000e+00	
					         0.61667	-2.00000e+00	
					         0.61833	-1.00000e+00	
					         0.62000	-1.00000e+00	
					         0.62167	-1.00000e+00	
					         0.62333	-1.00000e+00	
					         0.62500	-2.00000e+00	
					         0.62667	-2.00000e+00	
					         0.62833	-3.00000e+00	
					         0.63000	-4.00000e+00	
					         0.63167	-4.00000e+00	
					         0.63333	-5.00000e+00	
					         0.63500	-5.00000e+00	
					         0.63667	-5.00000e+00	
					         0.63833	-4.00000e+00	
					         0.64000	-4.00000e+00	
					         0.64167	-3.00000e+00	
					         0.64333	-2.00000e+00	
					         0.64500	-1.00000e+00	
					         0.64667	-1.00000e+00	
					         0.64833	-1.00000e+00	
					         0.65000	-1.00000e+00	
					         0.65167	-1.00000e+00	
					         0.65333	-2.00000e+00	
					         0.65500	-2.00000e+00	
					         0.65667	-2.00000e+00	
					         0.65833	-3.00000e+00	
					         0.66000	-3.00000e+00	
					         0.66167	-3.00000e+00	
					         0.66333	-4.00000e+00	
					         0.66500	-4.00000e+00	
					         0.66667	-4.00000e+00	
					         0.66833	-5.00000e+00	
					         0.67000	-5.00000e+00	
					         0.67167	-5.00000e+00	
					         0.67333	-5.00000e+00	
					         0.67500	-5.00000e+00	
					         0.67667	-4.00000e+00	
					         0.67833	-4.00000e+00	
					         0.68000	-3.00000e+00	
					         0.68167	-3.00000e+00	
					         0.68333	-2.00000e+00	
					         0.68500	-1.00000e+00	
					         0.68667	0.00000e+00	
					         0.68833	1.00000e+00	
					         0.69000	2.00000e+00	
					         0.69167	2.00000e+00	
					         0.69333	2.00000e+00	
					         0.69500	2.00000e+00	
					         0.69667	2.00000e+00	
					         0.69833	1.00000e+00	
					         0.70000	0.00000e+00	
					         0.70167	-1.00000e+00	
					         0.70333	-2.00000e+00	
					         0.70500	-2.00000e+00	
					         0.70667	-3.00000e+00	
					         0.70833	-3.00000e+00	
					         0.71000	-4.00000e+00	
					         0.71167	-4.00000e+00	
					         0.71333	-4.00000e+00	
					         0.71500	-3.00000e+00	
					         0.71667	-3.00000e+00	
					         0.71833	-2.00000e+00	
					         0.72000	-1.00000e+00	
					         0.72167	-1.00000e+00	
					         0.72333	0.00000e+00	
					         0.72500	0.00000e+00	
					         0.72667	0.00000e+00	
					         0.72833	0.00000e+00	
					         0.73000	0.00000e+00	
					         0.73167	0.00000e+00	
					         0.73333	0.00000e+00	
					         0.73500	0.00000e+00	
					         0.73667	0.00000e+00	
					         0.73833	0.00000e+00	
					         0.74000	1.00000e+00	
					         0.74167	1.00000e+00	
					         0.74333	2.00000e+00	
					         0.74500	2.00000e+00	
					         0.74667	4.00000e+00	
					         0.74833	6.00000e+00	
					         0.75000	8.00000e+00	
					         0.75167	1.10000e+01	
					         0.75333	1.40000e+01	
					         0.75500	1.70000e+01	
					         0.75667	2.00000e+01	
					         0.75833	2.20000e+01	
					         0.76000	2.40000e+01	
					         0.76167	2.50000e+01	
					         0.76333	2.60000e+01	
					         0.76500	2.70000e+01	
					         0.76667	2.60000e+01	
					         0.76833	2.50000e+01	
					         0.77000	2.30000e+01	
					         0.77167	2.00000e+01	
					         0.77333	1.60000e+01	
					         0.77500	1.30000e+01	
					         0.77667	9.00000e+00	
					         0.77833	5.00000e+00	
					         0.78000	2.00000e+00	
					         0.78167	0.00000e+00	
					         0.78333	-3.00000e+00	
					         0.78500	-6.00000e+00	
					         0.78667	-8.00000e+00	
					         0.78833	-1.00000e+01	
					         0.79000	-1.10000e+01	
					         0.79167	-1.20000e+01	
					         0.79333	-1.30000e+01	
					         0.79500	-1.30000e+01	
					         0.79667	-1.30000e+01	
					         0.79833	-1.30000e+01	
					         0.80000	-1.30000e+01	
					         0.80167	-1.20000e+01	
					         0.80333	-1.20000e+01	
					         0.80500	-1.20000e+01	
					         0.80667	-1.10000e+01	
					         0.80833	-1.10000e+01	
					         0.81000	-1.00000e+01	
					         0.81167	-1.00000e+01	
					         0.81333	-1.00000e+01	
					         0.81500	-1.10000e+01	
					         0.81667	-1.10000e+01	
					         0.81833	-1.10000e+01	
					         0.82000	-1.20000e+01	
					         0.82167	-1.30000e+01	
					         0.82333	-1.30000e+01	
					         0.82500	-1.40000e+01	
					         0.82667	-1.50000e+01	
					         0.82833	-1.60000e+01	
					         0.83000	-1.70000e+01	
					         0.83167	-1.70000e+01	
					         0.83333	-1.80000e+01	
					         0.83500	-1.90000e+01	
					         0.83667	-2.00000e+01	
					         0.83833	-2.00000e+01	
					         0.84000	-2.00000e+01	
					         0.84167	-2.00000e+01	
					         0.84333	-1.90000e+01	
					         0.84500	-1.90000e+01	
					         0.84667	-1.80000e+01	
					         0.84833	-1.70000e+01	
					         0.85000	-1.50000e+01	
					         0.85167	-1.30000e+01	
					         0.85333	-1.20000e+01	
					         0.85500	-1.00000e+01	
					         0.85667	-9.00000e+00	
					         0.85833	-7.00000e+00	
					         0.86000	-7.00000e+00	
					         0.86167	-6.00000e+00	
					         0.86333	-6.00000e+00	
					         0.86500	-6.00000e+00	
					         0.86667	-6.00000e+00	
					         0.86833	-6.00000e+00	
					         0.87000	-7.00000e+00	
					         0.87167	-7.00000e+00	
					         0.87333	-7.00000e+00	
					         0.87500	-7.00000e+00	
					         0.87667	-6.00000e+00	
					         0.87833	-5.00000e+00	
					         0.88000	-5.00000e+00	
					         0.88167	-4.00000e+00	
					         0.88333	-4.00000e+00	
					         0.88500	-3.00000e+00	
					         0.88667	-3.00000e+00	
					         0.88833	-3.00000e+00	
					         0.89000	-3.00000e+00	
					         0.89167	-4.00000e+00	
					         0.89333	-4.00000e+00	
					         0.89500	-4.00000e+00	
					         0.89667	-4.00000e+00	
					         0.89833	-3.00000e+00	
					         0.90000	-2.00000e+00	
					         0.90167	-1.00000e+00	
					         0.90333	1.00000e+00	
					         0.90500	2.00000e+00	
					         0.90667	3.00000e+00	
					         0.90833	4.00000e+00	
					         0.91000	5.00000e+00	
					         0.91167	6.00000e+00	
					         0.91333	6.00000e+00	
					         0.91500	7.00000e+00	
					         0.91667	7.00000e+00	
					         0.91833	7.00000e+00	
					         0.92000	8.00000e+00	
					         0.92167	1.10000e+01	
					         0.92333	1.50000e+01	
					         0.92500	2.10000e+01	
					         0.92667	2.90000e+01	
					         0.92833	4.00000e+01	
					         0.93000	5.30000e+01	
					         0.93167	6.80000e+01	
					         0.93333	8.60000e+01	
					         0.93500	1.06000e+02	
					         0.93667	1.27000e+02	
					         0.93833	1.48000e+02	
					         0.94000	1.70000e+02	
					         0.94167	1.92000e+02	
					         0.94333	2.12000e+02	
					         0.94500	2.31000e+02	
					         0.94667	2.46000e+02	
					         0.94833	2.57000e+02	
					         0.95000	2.64000e+02	
					         0.95167	2.65000e+02	
					         0.95333	2.60000e+02	
					         0.95500	2.48000e+02	
					         0.95667	2.31000e+02	
					         0.95833	2.08000e+02	
					         0.96000	1.81000e+02	
					         0.96167	1.48000e+02	
					         0.96333	1.13000e+02	
					         0.96500	7.50000e+01	
					         0.96667	3.60000e+01	
					         0.96833	-2.00000e+00	
					         0.97000	-3.80000e+01	
					         0.97167	-7.00000e+01	
					         0.97333	-9.80000e+01	
					         0.97500	-1.22000e+02	
					         0.97667	-1.40000e+02	
					         0.97833	-1.53000e+02	
					         0.98000	-1.61000e+02	
					         0.98167	-1.64000e+02	
					         0.98333	-1.63000e+02	
					         0.98500	-1.58000e+02	
					         0.98667	-1.50000e+02	
					         0.98833	-1.40000e+02	
					         0.99000	-1.28000e+02	
					         0.99167	-1.15000e+02	
					         0.99333	-1.02000e+02	
					         0.99500	-9.00000e+01	
					         0.99667	-7.80000e+01	
					         0.99833	-6.70000e+01	
					         1.00000	-5.80000e+01	
					         1.00167	-4.90000e+01	
					         1.00333	-4.20000e+01	
					         1.00500	-3.50000e+01	
					         1.00667	-3.00000e+01	
					         1.00833	-2.60000e+01	
					         1.01000	-2.30000e+01	
					         1.01167	-2.10000e+01	
					         1.01333	-1.90000e+01	
					         1.01500	-1.80000e+01	
					         1.01667	-1.70000e+01	
					         1.01833	-1.60000e+01	
					         1.02000	-1.60000e+01	
					         1.02167	-1.60000e+01	
					         1.02333	-1.60000e+01	
					         1.02500	-1.60000e+01	
					         1.02667	-1.60000e+01	
					         1.02833	-1.60000e+01	
					         1.03000	-1.60000e+01	
					         1.03167	-1.60000e+01	
					         1.03333	-1.60000e+01	
					         1.03500	-1.60000e+01	
					         1.03667	-1.60000e+01	
					         1.03833	-1.60000e+01	
					         1.04000	-1.50000e+01	
					         1.04167	-1.50000e+01	
					         1.04333	-1.30000e+01	
					         1.04500	-1.20000e+01	
					         1.04667	-1.10000e+01	
					         1.04833	-9.00000e+00	
					         1.05000	-8.00000e+00	
					         1.05167	-7.00000e+00	
					         1.05333	-5.00000e+00	
					         1.05500	-4.00000e+00	
					         1.05667	-2.00000e+00	
					         1.05833	-1.00000e+00	
					         1.06000	1.00000e+00	
					         1.06167	3.00000e+00	
					         1.06333	4.00000e+00	
					         1.06500	5.00000e+00	
					         1.06667	6.00000e+00	
					         1.06833	6.00000e+00	
					         1.07000	6.00000e+00	
					         1.07167	6.00000e+00	
					         1.07333	5.00000e+00	
					         1.07500	4.00000e+00	
					         1.07667	4.00000e+00	
					         1.07833	3.00000e+00	
					         1.08000	2.00000e+00	
					         1.08167	1.00000e+00	
					         1.08333	0.00000e+00	
					         1.08500	-1.00000e+00	
					         1.08667	-1.00000e+00	
					         1.08833	-1.00000e+00	
					         1.09000	-1.00000e+00	
					         1.09167	-1.00000e+00	
					         1.09333	0.00000e+00	
					         1.09500	1.00000e+00	
					         1.09667	2.00000e+00	
					         1.09833	3.00000e+00	
					         1.10000	4.00000e+00	
					         1.10167	5.00000e+00	
					         1.10333	6.00000e+00	
					         1.10500	7.00000e+00	
					         1.10667	8.00000e+00	
					         1.10833	8.00000e+00	
					         1.11000	8.00000e+00	
					         1.11167	8.00000e+00	
					         1.11333	8.00000e+00	
					         1.11500	8.00000e+00	
					         1.11667	8.00000e+00	
					         1.11833	9.00000e+00	
					         1.12000	9.00000e+00	
					         1.12167	9.00000e+00	
					         1.12333	1.00000e+01	
					         1.12500	1.00000e+01	
					         1.12667	1.10000e+01	
					         1.12833	1.20000e+01	
					         1.13000	1.30000e+01	
					         1.13167	1.40000e+01	
					         1.13333	1.50000e+01	
					         1.13500	1.60000e+01	
					         1.13667	1.70000e+01	
					         1.13833	1.70000e+01	
					         1.14000	1.80000e+01	
					         1.14167	1.80000e+01	
					         1.14333	1.80000e+01	
					         1.14500	1.90000e+01	
					         1.14667	2.00000e+01	
					         1.14833	2.10000e+01	
					         1.15000	2.30000e+01	
					         1.15167	2.50000e+01	
					         1.15333	2.70000e+01	
					         1.15500	2.90000e+01	
					         1.15667	3.20000e+01	
					         1.15833	3.40000e+01	
					         1.16000	3.60000e+01	
					         1.16167	3.80000e+01	
					         1.16333	4.00000e+01	
					         1.16500	4.20000e+01	
					         1.16667	4.30000e+01	
					         1.16833	4.40000e+01	
					         1.17000	4.40000e+01	
					         1.17167	4.50000e+01	
					         1.17333	4.60000e+01	
					         1.17500	4.70000e+01	
					         1.17667	4.90000e+01	
					         1.17833	5.10000e+01	
					         1.18000	5.30000e+01	
					         1.18167	5.60000e+01	
					         1.18333	5.80000e+01	
					         1.18500	6.00000e+01	
					         1.18667	6.30000e+01	
					         1.18833	6.50000e+01	
					         1.19000	6.70000e+01	
					         1.19167	6.90000e+01	
					         1.19333	7.00000e+01	
					         1.19500	7.10000e+01	
					         1.19667	7.10000e+01	
					         1.19833	7.10000e+01	
					         1.20000	7.10000e+01	
					         1.20167	7.10000e+01	
					         1.20333	7.00000e+01	
					         1.20500	7.00000e+01	
					         1.20667	6.90000e+01	
					         1.20833	6.90000e+01	
					         1.21000	6.80000e+01	
					         1.21167	6.80000e+01	
					         1.21333	6.60000e+01	
					         1.21500	6.40000e+01	
					         1.21667	6.20000e+01	
					         1.21833	6.00000e+01	
					         1.22000	5.70000e+01	
					         1.22167	5.30000e+01	
					         1.22333	5.00000e+01	
					         1.22500	4.60000e+01	
					         1.22667	4.20000e+01	
					         1.22833	3.80000e+01	
					         1.23000	3.30000e+01	
					         1.23167	2.90000e+01	
					         1.23333	2.40000e+01	
					         1.23500	1.90000e+01	
					         1.23667	1.50000e+01	
					         1.23833	1.10000e+01	
					         1.24000	7.00000e+00	
					         1.24167	4.00000e+00	
					         1.24333	0.00000e+00	
					         1.24500	-4.00000e+00	
					         1.24667	-7.00000e+00	
					         1.24833	-1.10000e+01	
					         1.25000	-1.40000e+01	
					         1.25167	-1.70000e+01	
					         1.25333	-2.00000e+01	
					         1.25500	-2.30000e+01	
					         1.25667	-2.60000e+01	
					         1.25833	-3.00000e+01	
					         1.26000	-3.40000e+01	
					         1.26167	-3.70000e+01	
					         1.26333	-4.00000e+01	
					         1.26500	-4.30000e+01	
					         1.26667	-4.60000e+01	
					         1.26833	-4.80000e+01	
					         1.27000	-5.00000e+01	
					         1.27167	-5.20000e+01	
					         1.27333	-5.30000e+01	
					         1.27500	-5.40000e+01	
					         1.27667	-5.50000e+01	
					         1.27833	-5.50000e+01	
					         1.28000	-5.60000e+01	
					         1.28167	-5.70000e+01	
					         1.28333	-5.70000e+01	
					         1.28500	-5.80000e+01	
					         1.28667	-5.80000e+01	
					         1.28833	-5.80000e+01	
					         1.29000	-5.80000e+01	
					         1.29167	-5.80000e+01	
					         1.29333	-5.80000e+01	
					         1.29500	-5.70000e+01	
					         1.29667	-5.70000e+01	
					         1.29833	-5.70000e+01	
					         1.30000	-5.60000e+01	
					         1.30167	-5.60000e+01	
					         1.30333	-5.50000e+01	
					         1.30500	-5.40000e+01	
					         1.30667	-5.30000e+01	
					         1.30833	-5.30000e+01	
					         1.31000	-5.20000e+01	
					         1.31167	-5.10000e+01	
					         1.31333	-5.10000e+01	
					         1.31500	-5.00000e+01	
					         1.31667	-5.00000e+01	
					         1.31833	-4.90000e+01	
					         1.32000	-4.70000e+01	
					         1.32167	-4.60000e+01	
					         1.32333	-4.40000e+01	
					         1.32500	-4.20000e+01	
					         1.32667	-4.10000e+01	
					         1.32833	-3.90000e+01	
					         1.33000	-3.80000e+01	
					         1.33167	-3.70000e+01	
					         1.33333	-3.60000e+01	
					         1.33500	-3.50000e+01	
					         1.33667	-3.40000e+01	
					         1.33833	-3.20000e+01	
					         1.34000	-3.10000e+01	
					         1.34167	-3.10000e+01	
					         1.34333	-3.00000e+01	
					         1.34500	-3.00000e+01	
					         1.34667	-3.00000e+01	
					         1.34833	-3.00000e+01	
					         1.35000	-3.00000e+01	
					         1.35167	-3.00000e+01	
					         1.35333	-3.00000e+01	
					         1.35500	-2.90000e+01	
					         1.35667	-2.90000e+01	
					         1.35833	-2.80000e+01	
					         1.36000	-2.80000e+01	
					         1.36167	-2.70000e+01	
					         1.36333	-2.60000e+01	
					         1.36500	-2.60000e+01	
					         1.36667	-2.40000e+01	
					         1.36833	-2.30000e+01	
					         1.37000	-2.20000e+01	
					         1.37167	-2.10000e+01	
					         1.37333	-2.00000e+01	
					         1.37500	-1.90000e+01	
					         1.37667	-1.90000e+01	
					         1.37833	-1.80000e+01	
					         1.38000	-1.80000e+01	
					         1.38167	-1.80000e+01	
					         1.38333	-1.70000e+01	
					         1.38500	-1.70000e+01	
					         1.38667	-1.60000e+01	
					         1.38833	-1.60000e+01	
					         1.39000	-1.50000e+01	
					         1.39167	-1.40000e+01	
					         1.39333	-1.30000e+01	
					         1.39500	-1.20000e+01	
					         1.39667	-1.00000e+01	
					         1.39833	-9.00000e+00	
					         1.40000	-8.00000e+00	
					         1.40167	-7.00000e+00	
					         1.40333	-7.00000e+00	
					         1.40500	-7.00000e+00	
					         1.40667	-7.00000e+00	
					         1.40833	-8.00000e+00	
					         1.41000	-9.00000e+00	
					         1.41167	-1.00000e+01	
					         1.41333	-1.10000e+01	
					         1.41500	-1.20000e+01	
					         1.41667	-1.30000e+01	
					         1.41833	-1.30000e+01	
					         1.42000	-1.40000e+01	
					         1.42167	-1.30000e+01	
					         1.42333	-1.30000e+01	
					         1.42500	-1.20000e+01	
					         1.42667	-1.00000e+01	
					         1.42833	-8.00000e+00	
					         1.43000	-6.00000e+00	
					         1.43167	-4.00000e+00	
					         1.43333	-3.00000e+00	
					         1.43500	-2.00000e+00	
					         1.43667	-1.00000e+00	
					         1.43833	-1.00000e+00	
					         1.44000	-1.00000e+00	
					         1.44167	-1.00000e+00	
					         1.44333	-1.00000e+00	
					         1.44500	-2.00000e+00	
					         1.44667	-3.00000e+00	
					         1.44833	-5.00000e+00	
					         1.45000	-6.00000e+00	
					         1.45167	-7.00000e+00	
					         1.45333	-8.00000e+00	
					         1.45500	-9.00000e+00	
					         1.45667	-9.00000e+00	
					         1.45833	-8.00000e+00	
					         1.46000	-8.00000e+00	
					         1.46167	-7.00000e+00	
					         1.46333	-7.00000e+00	
					         1.46500	-7.00000e+00	
					         1.46667	-6.00000e+00	
					         1.46833	-6.00000e+00	
					         1.47000	-6.00000e+00	
					         1.47167	-5.00000e+00	
					         1.47333	-6.00000e+00	
					         1.47500	-6.00000e+00	
					         1.47667	-6.00000e+00	
					         1.47833	-7.00000e+00	
					         1.48000	-7.00000e+00	
					         1.48167	-7.00000e+00	
					         1.48333	-6.00000e+00	
					         1.48500	-6.00000e+00	
					         1.48667	-5.00000e+00	
					         1.48833	-5.00000e+00	
					         1.49000	-5.00000e+00	
					         1.49167	-4.00000e+00	
					         1.49333	-3.00000e+00	
					         1.49500	-3.00000e+00	
					         1.49667	-2.00000e+00	
					         1.49833	-2.00000e+00	
					         1.50000	-2.00000e+00	
					         1.50167	-2.00000e+00	
					         1.50333	-3.00000e+00	
					         1.50500	-3.00000e+00	
					         1.50667	-4.00000e+00	
					         1.50833	-4.00000e+00	
					         1.51000	-4.00000e+00	
					         1.51167	-4.00000e+00	
					         1.51333	-4.00000e+00	
					         1.51500	-4.00000e+00	
					         1.51667	-4.00000e+00	
					         1.51833	-4.00000e+00	
					         1.52000	-4.00000e+00	
					         1.52167	-4.00000e+00	
					         1.52333	-4.00000e+00	
					         1.52500	-4.00000e+00	
					         1.52667	-4.00000e+00	
					         1.52833	-5.00000e+00	
					         1.53000	-5.00000e+00	
					         1.53167	-5.00000e+00	
					         1.53333	-5.00000e+00	
					         1.53500	-5.00000e+00	
					         1.53667	-5.00000e+00	
					         1.53833	-4.00000e+00	
					         1.54000	-4.00000e+00	
					         1.54167	-3.00000e+00	
					         1.54333	-2.00000e+00	
					         1.54500	-1.00000e+00	
					         1.54667	-1.00000e+00	
					         1.54833	0.00000e+00	
					         1.55000	0.00000e+00	
					         1.55167	0.00000e+00	
					         1.55333	0.00000e+00	
					         1.55500	0.00000e+00	
					         1.55667	0.00000e+00	
					         1.55833	-1.00000e+00	
					         1.56000	-2.00000e+00	
					         1.56167	-2.00000e+00	
					         1.56333	-2.00000e+00	
					         1.56500	-2.00000e+00	
					         1.56667	-2.00000e+00	
					         1.56833	-2.00000e+00	
					         1.57000	-2.00000e+00	
					         1.57167	-1.00000e+00	
					         1.57333	-1.00000e+00	
					         1.57500	-1.00000e+00	
					         1.57667	0.00000e+00	
					         1.57833	0.00000e+00	
					         1.58000	0.00000e+00	
					         1.58167	0.00000e+00	
					         1.58333	0.00000e+00	
					         1.58500	-1.00000e+00	
					         1.58667	-2.00000e+00	
					         1.58833	-3.00000e+00	
					         1.59000	-3.00000e+00	
					         1.59167	-4.00000e+00	
					         1.59333	-3.00000e+00	
					         1.59500	-3.00000e+00	
					         1.59667	-3.00000e+00	
					         1.59833	-3.00000e+00	
					         1.60000	-2.00000e+00	
					         1.60167	-2.00000e+00	
					         1.60333	-1.00000e+00	
					         1.60500	-1.00000e+00	
					         1.60667	0.00000e+00	
					         1.60833	0.00000e+00	
					         1.61000	0.00000e+00	
					         1.61167	0.00000e+00	
					         1.61333	-1.00000e+00	
					         1.61500	-2.00000e+00	
					         1.61667	-3.00000e+00	
					         1.61833	-4.00000e+00	
					         1.62000	-5.00000e+00	
					         1.62167	-5.00000e+00	
					         1.62333	-6.00000e+00	
					         1.62500	-6.00000e+00	
					         1.62667	-6.00000e+00	
					         1.62833	-5.00000e+00	
					         1.63000	-4.00000e+00	
					         1.63167	-3.00000e+00	
					         1.63333	-1.00000e+00	
					         1.63500	0.00000e+00	
					         1.63667	2.00000e+00	
					         1.63833	3.00000e+00	
					         1.64000	4.00000e+00	
					         1.64167	4.00000e+00	
					         1.64333	5.00000e+00	
					         1.64500	5.00000e+00	
					         1.64667	6.00000e+00	
					         1.64833	5.00000e+00	
					         1.65000	5.00000e+00	
					         1.65167	5.00000e+00	
					         1.65333	4.00000e+00	
					         1.65500	4.00000e+00	
					         1.65667	4.00000e+00	
					         1.65833	3.00000e+00	
					         1.66000	4.00000e+00	
					         1.66167	4.00000e+00	
					         1.66333	5.00000e+00	
					         1.66500	6.00000e+00	
					         1.66667	8.00000e+00	
					         1.66833	1.00000e+01	
					         1.67000	1.20000e+01	
					         1.67167	1.40000e+01	
					         1.67333	1.60000e+01	
					         1.67500	1.80000e+01	
					         1.67667	2.00000e+01	
					         1.67833	2.20000e+01	
					         1.68000	2.30000e+01	
					         1.68167	2.40000e+01	
					         1.68333	2.40000e+01	
					         1.68500	2.40000e+01	
					         1.68667	2.20000e+01	
					         1.68833	2.10000e+01	
					         1.69000	1.80000e+01	
					         1.69167	1.60000e+01	
					         1.69333	1.30000e+01	
					         1.69500	1.00000e+01	
					         1.69667	6.00000e+00	
					         1.69833	2.00000e+00	
					         1.70000	-2.00000e+00	
					         1.70167	-6.00000e+00	
					         1.70333	-9.00000e+00	
					         1.70500	-1.20000e+01	
					         1.70667	-1.50000e+01	
					         1.70833	-1.70000e+01	
					         1.71000	-1.80000e+01	
					         1.71167	-1.90000e+01	
					         1.71333	-1.90000e+01	
					         1.71500	-1.90000e+01	
					         1.71667	-1.80000e+01	
					         1.71833	-1.70000e+01	
					         1.72000	-1.50000e+01	
					         1.72167	-1.40000e+01	
					         1.72333	-1.20000e+01	
					         1.72500	-1.10000e+01	
					         1.72667	-1.00000e+01	
					         1.72833	-9.00000e+00	
					         1.73000	-9.00000e+00	
					         1.73167	-9.00000e+00	
					         1.73333	-1.00000e+01	
					         1.73500	-1.10000e+01	
					         1.73667	-1.20000e+01	
					         1.73833	-1.30000e+01	
					         1.74000	-1.30000e+01	
					         1.74167	-1.40000e+01	
					         1.74333	-1.50000e+01	
					         1.74500	-1.50000e+01	
					         1.74667	-1.40000e+01	
					         1.74833	-1.30000e+01	
					         1.75000	-1.20000e+01	
					         1.75167	-1.00000e+01	
					         1.75333	-9.00000e+00	
					         1.75500	-7.00000e+00	
					         1.75667	-5.00000e+00	
					         1.75833	-4.00000e+00	
					         1.76000	-2.00000e+00	
					         1.76167	-1.00000e+00	
					         1.76333	-1.00000e+00	
					         1.76500	0.00000e+00	
					         1.76667	-1.00000e+00	
					         1.76833	-2.00000e+00	
					         1.77000	-3.00000e+00	
					         1.77167	-4.00000e+00	
					         1.77333	-6.00000e+00	
					         1.77500	-8.00000e+00	
					         1.77667	-1.00000e+01	
					         1.77833	-1.10000e+01	
					         1.78000	-1.20000e+01	
					         1.78167	-1.30000e+01	
					         1.78333	-1.40000e+01	
					         1.78500	-1.40000e+01	
					         1.78667	-1.40000e+01	
					         1.78833	-1.40000e+01	
					         1.79000	-1.40000e+01	
					         1.79167	-1.30000e+01	
					         1.79333	-1.20000e+01	
					         1.79500	-1.10000e+01	
					         1.79667	-1.00000e+01	
					         1.79833	-9.00000e+00	
					         1.80000	-8.00000e+00	
					         1.80167	-7.00000e+00	
					         1.80333	-6.00000e+00	
					         1.80500	-6.00000e+00	
					         1.80667	-6.00000e+00	
					         1.80833	-6.00000e+00	
					         1.81000	-6.00000e+00	
					         1.81167	-6.00000e+00	
					         1.81333	-6.00000e+00	
					         1.81500	-7.00000e+00	
					         1.81667	-7.00000e+00	
					         1.81833	-8.00000e+00	
					         1.82000	-8.00000e+00	
					         1.82167	-8.00000e+00	
					         1.82333	-8.00000e+00	
					         1.82500	-8.00000e+00	
					         1.82667	-7.00000e+00	
					         1.82833	-7.00000e+00	
					         1.83000	-6.00000e+00	
					         1.83167	-5.00000e+00	
					         1.83333	-4.00000e+00	
					         1.83500	-1.00000e+00	
					         1.83667	1.00000e+00	
					         1.83833	4.00000e+00	
					         1.84000	8.00000e+00	
					         1.84167	1.30000e+01	
					         1.84333	1.80000e+01	
					         1.84500	2.60000e+01	
					         1.84667	3.50000e+01	
					         1.84833	4.70000e+01	
					         1.85000	6.20000e+01	
					         1.85167	7.80000e+01	
					         1.85333	9.70000e+01	
					         1.85500	1.16000e+02	
					         1.85667	1.36000e+02	
					         1.85833	1.57000e+02	
					         1.86000	1.79000e+02	
					         1.86167	2.00000e+02	
					         1.86333	2.19000e+02	
					         1.86500	2.36000e+02	
					         1.86667	2.50000e+02	
					         1.86833	2.59000e+02	
					         1.87000	2.62000e+02	
					         1.87167	2.60000e+02	
					         1.87333	2.51000e+02	
					         1.87500	2.36000e+02	
					         1.87667	2.15000e+02	
					         1.87833	1.89000e+02	
					         1.88000	1.59000e+02	
					         1.88167	1.24000e+02	
					         1.88333	8.70000e+01	
					         1.88500	4.80000e+01	
					         1.88667	9.00000e+00	
					         1.88833	-2.80000e+01	
					         1.89000	-6.30000e+01	
					         1.89167	-9.40000e+01	
					         1.89333	-1.20000e+02	
					         1.89500	-1.42000e+02	
					         1.89667	-1.58000e+02	
					         1.89833	-1.69000e+02	
					         1.90000	-1.75000e+02	
					         1.90167	-1.77000e+02	
					         1.90333	-1.74000e+02	
					         1.90500	-1.68000e+02	
					         1.90667	-1.59000e+02	
					         1.90833	-1.49000e+02	
					         1.91000	-1.37000e+02	
					         1.91167	-1.24000e+02	
					         1.91333	-1.12000e+02	
					         1.91500	-1.00000e+02	
					         1.91667	-8.80000e+01	
					         1.91833	-7.70000e+01	
					         1.92000	-6.70000e+01	
					         1.92167	-5.70000e+01	
					         1.92333	-5.00000e+01	
					         1.92500	-4.30000e+01	
					         1.92667	-3.80000e+01	
					         1.92833	-3.30000e+01	
					         1.93000	-2.90000e+01	
					         1.93167	-2.70000e+01	
					         1.93333	-2.40000e+01	
					         1.93500	-2.20000e+01	
					         1.93667	-2.10000e+01	
					         1.93833	-2.00000e+01	
					         1.94000	-2.00000e+01	
					         1.94167	-1.90000e+01	
					         1.94333	-1.90000e+01	
					         1.94500	-1.90000e+01	
					         1.94667	-1.90000e+01	
					         1.94833	-2.00000e+01	
					         1.95000	-2.00000e+01	
					         1.95167	-2.00000e+01	
					         1.95333	-2.10000e+01	
					         1.95500	-2.10000e+01	
					         1.95667	-2.10000e+01	
					         1.95833	-2.10000e+01	
					         1.96000	-2.20000e+01	
					         1.96167	-2.20000e+01	
					         1.96333	-2.20000e+01	
					         1.96500	-2.20000e+01	
					         1.96667	-2.20000e+01	
					         1.96833	-2.20000e+01	
					         1.97000	-2.10000e+01	
					         1.97167	-2.00000e+01	
					         1.97333	-1.90000e+01	
					         1.97500	-1.80000e+01	
					         1.97667	-1.60000e+01	
					         1.97833	-1.40000e+01	
					         1.98000	-1.20000e+01	
					         1.98167	-1.00000e+01	
					         1.98333	-8.00000e+00	
					         1.98500	-6.00000e+00	
					         1.98667	-4.00000e+00	
					         1.98833	-3.00000e+00	
					         1.99000	-2.00000e+00	
					         1.99167	-1.00000e+00	
					         1.99333	-1.00000e+00	
					         1.99500	-2.00000e+00	
					         1.99667	-2.00000e+00	
					         1.99833	-2.00000e+00	
					         2.00000	-2.00000e+00	
					         2.00167	-2.00000e+00	
					         2.00333	-2.00000e+00	
					         2.00500	-2.00000e+00	
					         2.00667	-1.00000e+00	
					         2.00833	0.00000e+00	
					         2.01000	0.00000e+00	
					         2.01167	1.00000e+00	
					         2.01333	3.00000e+00	
					         2.01500	4.00000e+00	
					         2.01667	5.00000e+00	
					         2.01833	6.00000e+00	
					         2.02000	7.00000e+00	
					         2.02167	7.00000e+00	
					         2.02333	8.00000e+00	
					         2.02500	8.00000e+00	
					         2.02667	8.00000e+00	
					         2.02833	9.00000e+00	
					         2.03000	9.00000e+00	
					         2.03167	9.00000e+00	
					         2.03333	8.00000e+00	
					         2.03500	8.00000e+00	
					         2.03667	7.00000e+00	
					         2.03833	7.00000e+00	
					         2.04000	6.00000e+00	
					         2.04167	6.00000e+00	
					         2.04333	6.00000e+00	
					         2.04500	6.00000e+00	
					         2.04667	6.00000e+00	
					         2.04833	6.00000e+00	
					         2.05000	7.00000e+00	
					         2.05167	8.00000e+00	
					         2.05333	9.00000e+00	
					         2.05500	1.10000e+01	
					         2.05667	1.30000e+01	
					         2.05833	1.60000e+01	
					         2.06000	1.80000e+01	
					         2.06167	2.10000e+01	
					         2.06333	2.30000e+01	
					         2.06500	2.60000e+01	
					         2.06667	2.80000e+01	
					         2.06833	3.10000e+01	
					         2.07000	3.30000e+01	
					         2.07167	3.40000e+01	
					         2.07333	3.60000e+01	
					         2.07500	3.70000e+01	
					         2.07667	3.80000e+01	
					         2.07833	4.00000e+01	
					         2.08000	4.10000e+01	
					         2.08167	4.10000e+01	
					         2.08333	4.20000e+01	
					         2.08500	4.30000e+01	
					         2.08667	4.40000e+01	
					         2.08833	4.50000e+01	
					         2.09000	4.70000e+01	
					         2.09167	4.90000e+01	
					         2.09333	5.10000e+01	
					         2.09500	5.30000e+01	
					         2.09667	5.50000e+01	
					         2.09833	5.70000e+01	
					         2.10000	5.90000e+01	
					         2.10167	6.00000e+01	
					         2.10333	6.20000e+01	
					         2.10500	6.30000e+01	
					         2.10667	6.50000e+01	
					         2.10833	6.60000e+01	
					         2.11000	6.70000e+01	
					         2.11167	6.80000e+01	
					         2.11333	6.80000e+01	
					         2.11500	6.80000e+01	
					         2.11667	6.80000e+01	
					         2.11833	6.80000e+01	
					         2.12000	6.80000e+01	
					         2.12167	6.70000e+01	
					         2.12333	6.70000e+01	
					         2.12500	6.70000e+01	
					         2.12667	6.60000e+01	
					         2.12833	6.60000e+01	
					         2.13000	6.50000e+01	
					         2.13167	6.40000e+01	
					         2.13333	6.20000e+01	
					         2.13500	6.10000e+01	
					         2.13667	5.80000e+01	
					         2.13833	5.60000e+01	
					         2.14000	5.30000e+01	
					         2.14167	5.00000e+01	
					         2.14333	4.70000e+01	
					         2.14500	4.30000e+01	
					         2.14667	3.90000e+01	
					         2.14833	3.60000e+01	
					         2.15000	3.20000e+01	
					         2.15167	2.80000e+01	
					         2.15333	2.50000e+01	
					         2.15500	2.10000e+01	
					         2.15667	1.70000e+01	
					         2.15833	1.30000e+01	
					         2.16000	8.00000e+00	
					         2.16167	4.00000e+00	
					         2.16333	0.00000e+00	
					         2.16500	-4.00000e+00	
					         2.16667	-9.00000e+00	
					         2.16833	-1.50000e+01	
					         2.17000	-2.00000e+01	
					         2.17167	-2.60000e+01	
					         2.17333	-3.20000e+01	
					         2.17500	-3.70000e+01	
					         2.17667	-4.10000e+01	
					         2.17833	-4.40000e+01	
					         2.18000	-4.70000e+01	
					         2.18167	-4.90000e+01	
					         2.18333	-5.10000e+01	
					         2.18500	-5.20000e+01	
					         2.18667	-5.30000e+01	
					         2.18833	-5.30000e+01	
					         2.19000	-5.30000e+01	
					         2.19167	-5.30000e+01	
					         2.19333	-5.30000e+01	
					         2.19500	-5.40000e+01	
					         2.19667	-5.40000e+01	
					         2.19833	-5.50000e+01	
					         2.20000	-5.50000e+01	
					         2.20167	-5.60000e+01	
					         2.20333	-5.70000e+01	
					         2.20500	-5.70000e+01	
					         2.20667	-5.80000e+01	
					         2.20833	-5.80000e+01	
					         2.21000	-5.80000e+01	
					         2.21167	-5.80000e+01	
					         2.21333	-5.70000e+01	
					         2.21500	-5.50000e+01	
					         2.21667	-5.40000e+01	
					         2.21833	-5.30000e+01	
					         2.22000	-5.20000e+01	
					         2.22167	-5.10000e+01	
					         2.22333	-5.00000e+01	
					         2.22500	-5.00000e+01	
					         2.22667	-4.90000e+01	
					         2.22833	-4.90000e+01	
					         2.23000	-4.90000e+01	
					         2.23167	-4.80000e+01	
					         2.23333	-4.80000e+01	
					         2.23500	-4.70000e+01	
					         2.23667	-4.70000e+01	
					         2.23833	-4.50000e+01	
					         2.24000	-4.40000e+01	
					         2.24167	-4.30000e+01	
					         2.24333	-4.10000e+01	
					         2.24500	-3.90000e+01	
					         2.24667	-3.70000e+01	
					         2.24833	-3.40000e+01	
					         2.25000	-3.30000e+01	
					         2.25167	-3.10000e+01	
					         2.25333	-3.00000e+01	
					         2.25500	-2.90000e+01	
					         2.25667	-2.90000e+01	
					         2.25833	-2.80000e+01	
					         2.26000	-2.80000e+01	
					         2.26167	-2.70000e+01	
					         2.26333	-2.70000e+01	
					         2.26500	-2.60000e+01	
					         2.26667	-2.50000e+01	
					         2.26833	-2.30000e+01	
					         2.27000	-2.20000e+01	
					         2.27167	-2.10000e+01	
					         2.27333	-2.00000e+01	
					         2.27500	-1.80000e+01	
					         2.27667	-1.70000e+01	
					         2.27833	-1.60000e+01	
					         2.28000	-1.60000e+01	
					         2.28167	-1.50000e+01	
					         2.28333	-1.40000e+01	
					         2.28500	-1.40000e+01	
					         2.28667	-1.40000e+01	
					         2.28833	-1.30000e+01	
					         2.29000	-1.30000e+01	
					         2.29167	-1.30000e+01	
					         2.29333	-1.40000e+01	
					         2.29500	-1.40000e+01	
					         2.29667	-1.50000e+01	
					         2.29833	-1.50000e+01	
					         2.30000	-1.40000e+01	
					         2.30167	-1.40000e+01	
					         2.30333	-1.30000e+01	
					         2.30500	-1.20000e+01	
					         2.30667	-1.10000e+01	
					         2.30833	-1.00000e+01	
					         2.31000	-9.00000e+00	
					         2.31167	-8.00000e+00	
					         2.31333	-7.00000e+00	
					         2.31500	-6.00000e+00	
					         2.31667	-5.00000e+00	
					         2.31833	-4.00000e+00	
					         2.32000	-4.00000e+00	
					         2.32167	-4.00000e+00	
					         2.32333	-4.00000e+00	
					         2.32500	-4.00000e+00	
					         2.32667	-5.00000e+00	
					         2.32833	-5.00000e+00	
					         2.33000	-6.00000e+00	
					         2.33167	-6.00000e+00	
					         2.33333	-7.00000e+00	
					         2.33500	-8.00000e+00	
					         2.33667	-9.00000e+00	
					         2.33833	-1.00000e+01	
					         2.34000	-1.00000e+01	
					         2.34167	-1.10000e+01	
					         2.34333	-1.10000e+01	
					         2.34500	-1.10000e+01	
					         2.34667	-1.20000e+01	
					         2.34833	-1.20000e+01	
					         2.35000	-1.30000e+01	
					         2.35167	-1.30000e+01	
					         2.35333	-1.30000e+01	
					         2.35500	-1.30000e+01	
					         2.35667	-1.30000e+01	
					         2.35833	-1.20000e+01	
					         2.36000	-1.20000e+01	
					         2.36167	-1.20000e+01	
					         2.36333	-1.20000e+01	
					         2.36500	-1.30000e+01	
					         2.36667	-1.30000e+01	
					         2.36833	-1.30000e+01	
					         2.37000	-1.30000e+01	
					         2.37167	-1.20000e+01	
					         2.37333	-1.20000e+01	
					         2.37500	-1.10000e+01	
					         2.37667	-1.10000e+01	
					         2.37833	-1.00000e+01	
					         2.38000	-9.00000e+00	
					         2.38167	-8.00000e+00	
					         2.38333	-7.00000e+00	
					         2.38500	-5.00000e+00	
					         2.38667	-4.00000e+00	
					         2.38833	-3.00000e+00	
					         2.39000	-3.00000e+00	
					         2.39167	-3.00000e+00	
					         2.39333	-3.00000e+00	
					         2.39500	-3.00000e+00	
					         2.39667	-3.00000e+00	
					         2.39833	-3.00000e+00	
					         2.40000	-4.00000e+00	
					         2.40167	-5.00000e+00	
					         2.40333	-6.00000e+00	
					         2.40500	-7.00000e+00	
					         2.40667	-7.00000e+00	
					         2.40833	-8.00000e+00	
					         2.41000	-8.00000e+00	
					         2.41167	-8.00000e+00	
					         2.41333	-8.00000e+00	
					         2.41500	-8.00000e+00	
					         2.41667	-8.00000e+00	
					         2.41833	-8.00000e+00	
					         2.42000	-8.00000e+00	
					         2.42167	-8.00000e+00	
					         2.42333	-8.00000e+00	
					         2.42500	-8.00000e+00	
					         2.42667	-9.00000e+00	
					         2.42833	-9.00000e+00	
					         2.43000	-1.00000e+01	
					         2.43167	-1.10000e+01	
					         2.43333	-1.10000e+01	
					         2.43500	-1.00000e+01	
					         2.43667	-1.00000e+01	
					         2.43833	-9.00000e+00	
					         2.44000	-8.00000e+00	
					         2.44167	-7.00000e+00	
					         2.44333	-6.00000e+00	
					         2.44500	-5.00000e+00	
					         2.44667	-3.00000e+00	
					         2.44833	-1.00000e+00	
					         2.45000	1.00000e+00	
					         2.45167	2.00000e+00	
					         2.45333	3.00000e+00	
					         2.45500	3.00000e+00	
					         2.45667	2.00000e+00	
					         2.45833	0.00000e+00	
					         2.46000	-1.00000e+00	
					         2.46167	-2.00000e+00	
					         2.46333	-4.00000e+00	
					         2.46500	-6.00000e+00	
					         2.46667	-7.00000e+00	
					         2.46833	-8.00000e+00	
					         2.47000	-9.00000e+00	
					         2.47167	-1.00000e+01	
					         2.47333	-1.00000e+01	
					         2.47500	-1.00000e+01	
					         2.47667	-9.00000e+00	
					         2.47833	-9.00000e+00	
					         2.48000	-8.00000e+00	
					         2.48167	-7.00000e+00	
					         2.48333	-6.00000e+00	
					         2.48500	-5.00000e+00	
					         2.48667	-5.00000e+00	
					         2.48833	-6.00000e+00	
					         2.49000	-6.00000e+00	
					         2.49167	-6.00000e+00	
					         2.49333	-7.00000e+00	
					         2.49500	-6.00000e+00	
					         2.49667	-6.00000e+00	
					         2.49833	-5.00000e+00	
					         2.50000	-4.00000e+00	
					         2.50167	-3.00000e+00	
					         2.50333	-2.00000e+00	
					         2.50500	-1.00000e+00	
					         2.50667	0.00000e+00	
					         2.50833	1.00000e+00	
					         2.51000	2.00000e+00	
					         2.51167	3.00000e+00	
					         2.51333	4.00000e+00	
					         2.51500	4.00000e+00	
					         2.51667	4.00000e+00	
					         2.51833	3.00000e+00	
					         2.52000	3.00000e+00	
					         2.52167	2.00000e+00	
					         2.52333	1.00000e+00	
					         2.52500	0.00000e+00	
					         2.52667	-1.00000e+00	
					         2.52833	-2.00000e+00	
					         2.53000	-2.00000e+00	
					         2.53167	-2.00000e+00	
					         2.53333	-2.00000e+00	
					         2.53500	-2.00000e+00	
					         2.53667	-2.00000e+00	
					         2.53833	-2.00000e+00	
					         2.54000	-1.00000e+00	
					         2.54167	-1.00000e+00	
					         2.54333	0.00000e+00	
					         2.54500	0.00000e+00	
					         2.54667	1.00000e+00	
					         2.54833	2.00000e+00	
					         2.55000	2.00000e+00	
					         2.55167	3.00000e+00	
					         2.55333	3.00000e+00	
					         2.55500	3.00000e+00	
					         2.55667	3.00000e+00	
					         2.55833	4.00000e+00	
					         2.56000	4.00000e+00	
					         2.56167	5.00000e+00	
					         2.56333	6.00000e+00	
					         2.56500	8.00000e+00	
					         2.56667	9.00000e+00	
					         2.56833	1.10000e+01	
					         2.57000	1.40000e+01	
					         2.57167	1.60000e+01	
					         2.57333	1.80000e+01	
					         2.57500	2.10000e+01	
					         2.57667	2.30000e+01	
					         2.57833	2.50000e+01	
					         2.58000	2.60000e+01	
					         2.58167	2.60000e+01	
					         2.58333	2.60000e+01	
					         2.58500	2.40000e+01	
					         2.58667	2.20000e+01	
					         2.58833	1.80000e+01	
					         2.59000	1.50000e+01	
					         2.59167	1.10000e+01	
					         2.59333	7.00000e+00	
					         2.59500	3.00000e+00	
					         2.59667	0.00000e+00	
					         2.59833	-3.00000e+00	
					         2.60000	-6.00000e+00	
					         2.60167	-8.00000e+00	
					         2.60333	-9.00000e+00	
					         2.60500	-1.00000e+01	
					         2.60667	-1.00000e+01	
					         2.60833	-1.00000e+01	
					         2.61000	-1.00000e+01	
					         2.61167	-1.10000e+01	
					         2.61333	-1.10000e+01	
					         2.61500	-1.10000e+01	
					         2.61667	-1.10000e+01	
					         2.61833	-1.10000e+01	
					         2.62000	-1.10000e+01	
					         2.62167	-1.10000e+01	
					         2.62333	-1.10000e+01	
					         2.62500	-1.00000e+01	
					         2.62667	-1.00000e+01	
					         2.62833	-9.00000e+00	
					         2.63000	-8.00000e+00	
					         2.63167	-7.00000e+00	
					         2.63333	-6.00000e+00	
					         2.63500	-5.00000e+00	
					         2.63667	-5.00000e+00	
					         2.63833	-5.00000e+00	
					         2.64000	-5.00000e+00	
					         2.64167	-5.00000e+00	
					         2.64333	-6.00000e+00	
					         2.64500	-7.00000e+00	
					         2.64667	-7.00000e+00	
					         2.64833	-7.00000e+00	
					         2.65000	-7.00000e+00	
					         2.65167	-6.00000e+00	
					         2.65333	-6.00000e+00	
					         2.65500	-6.00000e+00	
					         2.65667	-6.00000e+00	
					         2.65833	-6.00000e+00	
					         2.66000	-7.00000e+00	
					         2.66167	-7.00000e+00	
					         2.66333	-7.00000e+00	
					         2.66500	-8.00000e+00	
					         2.66667	-8.00000e+00	
					         2.66833	-1.00000e+01	
					         2.67000	-1.10000e+01	
					         2.67167	-1.20000e+01	
					         2.67333	-1.30000e+01	
					         2.67500	-1.40000e+01	
					         2.67667	-1.40000e+01	
					         2.67833	-1.40000e+01	
					         2.68000	-1.40000e+01	
					         2.68167	-1.40000e+01	
					         2.68333	-1.30000e+01	
					         2.68500	-1.30000e+01	
					         2.68667	-1.20000e+01	
					         2.68833	-1.10000e+01	
					         2.69000	-1.00000e+01	
					         2.69167	-9.00000e+00	
					         2.69333	-8.00000e+00	
					         2.69500	-8.00000e+00	
					         2.69667	-9.00000e+00	
					         2.69833	-9.00000e+00	
					         2.70000	-9.00000e+00	
					         2.70167	-1.00000e+01	
					         2.70333	-1.00000e+01	
					         2.70500	-1.10000e+01	
					         2.70667	-1.10000e+01	
					         2.70833	-1.10000e+01	
					         2.71000	-1.10000e+01	
					         2.71167	-1.10000e+01	
					         2.71333	-1.00000e+01	
					         2.71500	-9.00000e+00	
					         2.71667	-7.00000e+00	
					         2.71833	-6.00000e+00	
					         2.72000	-5.00000e+00	
					         2.72167	-4.00000e+00	
					         2.72333	-3.00000e+00	
					         2.72500	-2.00000e+00	
					         2.72667	-2.00000e+00	
					         2.72833	-1.00000e+00	
					         2.73000	-1.00000e+00	
					         2.73167	0.00000e+00	
					         2.73333	0.00000e+00	
					         2.73500	2.00000e+00	
					         2.73667	4.00000e+00	
					         2.73833	7.00000e+00	
					         2.74000	1.10000e+01	
					         2.74167	1.70000e+01	
					         2.74333	2.50000e+01	
					         2.74500	3.40000e+01	
					         2.74667	4.60000e+01	
					         2.74833	6.00000e+01	
					         2.75000	7.50000e+01	
					         2.75167	9.30000e+01	
					         2.75333	1.11000e+02	
					         2.75500	1.31000e+02	
					         2.75667	1.51000e+02	
					         2.75833	1.72000e+02	
					         2.76000	1.92000e+02	
					         2.76167	2.11000e+02	
					         2.76333	2.28000e+02	
					         2.76500	2.42000e+02	
					         2.76667	2.51000e+02	
					         2.76833	2.56000e+02	
					         2.77000	2.55000e+02	
					         2.77167	2.48000e+02	
					         2.77333	2.34000e+02	
					         2.77500	2.16000e+02	
					         2.77667	1.92000e+02	
					         2.77833	1.64000e+02	
					         2.78000	1.32000e+02	
					         2.78167	9.70000e+01	
					         2.78333	6.10000e+01	
					         2.78500	2.40000e+01	
					         2.78667	-1.20000e+01	
					         2.78833	-4.60000e+01	
					         2.79000	-7.60000e+01	
					         2.79167	-1.03000e+02	
					         2.79333	-1.24000e+02	
					         2.79500	-1.41000e+02	
					         2.79667	-1.53000e+02	
					         2.79833	-1.60000e+02	
					         2.80000	-1.64000e+02	
					         2.80167	-1.63000e+02	
					         2.80333	-1.59000e+02	
					         2.80500	-1.52000e+02	
					         2.80667	-1.43000e+02	
					         2.80833	-1.32000e+02	
					         2.81000	-1.20000e+02	
					         2.81167	-1.08000e+02	
