Grayscale intensity, in dB

Time (s) :	Trace 1 : 	Trace 2 : 	Trace 3 : 		Ecg : 		
0.00069   	-3.02654e+01	-3.51386e+01	-4.24257e+01		         0.00000	-9.00000e+00	
0.01956   	-3.05272e+01	-3.44623e+01	-4.04472e+01		         0.00167	-3.00000e+00	
0.03843   	-2.82318e+01	-3.46975e+01	-3.92603e+01		         0.00333	5.00000e+00	
0.05730   	-2.54613e+01	-3.87950e+01	-4.13565e+01		         0.00500	1.30000e+01	
0.07616   	-2.57544e+01	-3.90028e+01	-4.33349e+01		         0.00667	2.30000e+01	
0.09503   	-2.46271e+01	-4.03172e+01	-4.46816e+01		         0.00833	3.50000e+01	
0.11390   	-2.47771e+01	-4.06168e+01	-4.45336e+01		         0.01000	4.70000e+01	
0.13276   	-2.40385e+01	-3.80621e+01	-4.57499e+01		         0.01167	6.00000e+01	
0.15163   	-2.31693e+01	-3.57318e+01	-4.62043e+01		         0.01333	7.30000e+01	
0.17071   	-2.24392e+01	-3.31710e+01	-4.37704e+01		         0.01500	8.60000e+01	
0.18936   	-2.21616e+01	-3.13107e+01	-4.36150e+01		         0.01667	9.90000e+01	
0.20823   	-2.20725e+01	-2.98934e+01	-4.49496e+01		         0.01833	1.10000e+02	
0.22710   	-2.24939e+01	-2.99550e+01	-4.45972e+01		         0.02000	1.19000e+02	
0.24596   	-2.22796e+01	-3.09840e+01	-4.35477e+01		         0.02167	1.27000e+02	
0.26483   	-2.19404e+01	-3.31755e+01	-4.28632e+01		         0.02333	1.32000e+02	
0.28369   	-2.25420e+01	-3.57766e+01	-4.34663e+01		         0.02500	1.35000e+02	
0.30256   	-2.23421e+01	-3.81459e+01	-4.25467e+01		         0.02667	1.35000e+02	
0.32143   	-2.30239e+01	-4.07271e+01	-4.26255e+01		         0.02833	1.32000e+02	
0.34030   	-2.39094e+01	-4.23226e+01	-4.23014e+01		         0.03000	1.26000e+02	
0.35916   	-2.48384e+01	-4.37908e+01	-4.30106e+01		         0.03167	1.18000e+02	
0.37803   	-2.57326e+01	-4.44221e+01	-4.23841e+01		         0.03333	1.08000e+02	
0.39690   	-2.60430e+01	-4.54770e+01	-4.18713e+01		         0.03500	9.60000e+01	
0.41576   	-2.53591e+01	-4.35354e+01	-4.17295e+01		         0.03667	8.30000e+01	
0.43463   	-2.41942e+01	-4.32457e+01	-4.10915e+01		         0.03833	6.90000e+01	
0.45349   	-2.20581e+01	-4.25663e+01	-4.10367e+01		         0.04000	5.50000e+01	
0.47236   	-2.16708e+01	-4.41285e+01	-4.13410e+01		         0.04167	4.20000e+01	
0.49123   	-2.10821e+01	-4.38701e+01	-4.12539e+01		         0.04333	2.90000e+01	
0.51010   	-2.07525e+01	-4.16522e+01	-4.10435e+01		         0.04500	1.70000e+01	
0.52896   	-2.03103e+01	-3.96768e+01	-4.18908e+01		         0.04667	6.00000e+00	
0.54783   	-1.64206e+01	-3.62011e+01	-3.77839e+01		         0.04833	-4.00000e+00	
0.56669   	-1.38767e+01	-3.43160e+01	-3.88795e+01		         0.05000	-1.30000e+01	
0.58556   	-1.37556e+01	-3.10936e+01	-3.75315e+01		         0.05167	-2.10000e+01	
0.60443   	-1.37050e+01	-2.97281e+01	-3.70351e+01		         0.05333	-2.70000e+01	
0.62330   	-1.47361e+01	-2.90944e+01	-3.78951e+01		         0.05500	-3.30000e+01	
0.64216   	-1.50413e+01	-2.89404e+01	-3.80862e+01		         0.05667	-3.70000e+01	
0.66103   	-1.54988e+01	-2.78978e+01	-3.82101e+01		         0.05833	-4.00000e+01	
0.67990   	-1.54496e+01	-2.76550e+01	-3.80224e+01		         0.06000	-4.30000e+01	
0.69876   	-1.52622e+01	-2.74712e+01	-3.82558e+01		         0.06167	-4.50000e+01	
0.71763   	-1.53085e+01	-2.54031e+01	-3.92349e+01		         0.06333	-4.60000e+01	
0.73650   	-1.53250e+01	-2.40352e+01	-3.74814e+01		         0.06500	-4.60000e+01	
0.75537   	-1.55673e+01	-2.38288e+01	-3.84188e+01		         0.06667	-4.70000e+01	
0.77423   	-1.58623e+01	-2.37420e+01	-3.87567e+01		         0.06833	-4.70000e+01	
0.79310   	-1.60861e+01	-2.29501e+01	-3.65600e+01		         0.07000	-4.60000e+01	
0.81196   	-1.61274e+01	-2.36397e+01	-3.74636e+01		         0.07167	-4.50000e+01	
0.83083   	-1.59552e+01	-2.49879e+01	-3.83489e+01		         0.07333	-4.40000e+01	
0.84970   	-1.54849e+01	-2.54035e+01	-3.91388e+01		         0.07500	-4.40000e+01	
0.86856   	-1.54090e+01	-2.53063e+01	-3.94059e+01		         0.07667	-4.30000e+01	
0.88743   	-1.53642e+01	-2.49722e+01	-3.94904e+01		         0.07833	-4.20000e+01	
0.90630   	-1.54102e+01	-2.45229e+01	-3.97535e+01		         0.08000	-4.10000e+01	
0.92516   	-1.54140e+01	-2.36993e+01	-4.07920e+01		         0.08167	-4.00000e+01	
0.94403   	-1.53894e+01	-2.29142e+01	-4.07887e+01		         0.08333	-3.90000e+01	
0.96290   	-1.54583e+01	-2.26924e+01	-4.00809e+01		         0.08500	-3.80000e+01	
0.98176   	-1.54616e+01	-2.30527e+01	-3.95473e+01		         0.08667	-3.70000e+01	
1.00092   	-1.60631e+01	-2.28419e+01	-3.89065e+01		         0.08833	-3.60000e+01	
1.01950   	-1.70364e+01	-2.77441e+01	-3.83374e+01		         0.09000	-3.50000e+01	
1.03837   	-1.80728e+01	-2.73987e+01	-3.87053e+01		         0.09167	-3.40000e+01	
1.05723   	-1.89977e+01	-2.87301e+01	-4.04577e+01		         0.09333	-3.40000e+01	
1.07610   	-2.03726e+01	-3.01427e+01	-4.03137e+01		         0.09500	-3.30000e+01	
1.09496   	-2.17767e+01	-3.13487e+01	-4.05910e+01		         0.09667	-3.30000e+01	
1.11383   	-2.06762e+01	-3.06847e+01	-3.86188e+01		         0.09833	-3.20000e+01	
1.13270   	-2.49701e+01	-3.03616e+01	-3.75248e+01		         0.10000	-3.10000e+01	
1.15156   	-2.63597e+01	-3.02118e+01	-3.79661e+01		         0.10167	-3.10000e+01	
1.17043   	-2.44332e+01	-2.99735e+01	-3.77424e+01		         0.10333	-3.00000e+01	
1.18930   	-1.93754e+01	-2.97822e+01	-3.82659e+01		         0.10500	-3.00000e+01	
1.20816   	-1.91830e+01	-3.34020e+01	-4.03358e+01		         0.10667	-2.90000e+01	
1.22703   	-2.00413e+01	-3.50644e+01	-4.10341e+01		         0.10833	-2.90000e+01	
1.24590   	-2.02980e+01	-3.69798e+01	-4.37744e+01		         0.11000	-2.80000e+01	
1.26476   	-2.14458e+01	-3.74168e+01	-4.46916e+01		         0.11167	-2.70000e+01	
1.28363   	-2.13797e+01	-3.55227e+01	-4.49555e+01		         0.11333	-2.70000e+01	
1.30250   	-2.12219e+01	-3.48988e+01	-4.38675e+01		         0.11500	-2.60000e+01	
1.32137   	-2.06114e+01	-3.40127e+01	-4.39934e+01		         0.11667	-2.60000e+01	
1.34023   	-1.92583e+01	-3.29364e+01	-4.35991e+01		         0.11833	-2.50000e+01	
1.35910   	-1.93871e+01	-3.33888e+01	-4.44585e+01		         0.12000	-2.50000e+01	
1.37796   	-1.90130e+01	-3.38770e+01	-4.31574e+01		         0.12167	-2.40000e+01	
1.39683   	-1.83893e+01	-3.41156e+01	-4.20824e+01		         0.12333	-2.30000e+01	
1.41586   	-1.82277e+01	-3.65605e+01	-4.34633e+01		         0.12500	-2.30000e+01	
1.43456   	-1.89470e+01	-3.76412e+01	-4.19401e+01		         0.12667	-2.20000e+01	
1.45343   	-2.01818e+01	-3.89876e+01	-4.32515e+01		         0.12833	-2.10000e+01	
1.47230   	-2.11550e+01	-3.88751e+01	-4.10089e+01		         0.13000	-2.00000e+01	
1.49117   	-2.17043e+01	-3.94360e+01	-4.13209e+01		         0.13167	-1.90000e+01	
1.51003   	-2.18105e+01	-4.24233e+01	-4.20996e+01		         0.13333	-1.80000e+01	
1.52890   	-2.11223e+01	-4.23815e+01	-4.26130e+01		         0.13500	-1.70000e+01	
1.54776   	-1.94560e+01	-4.22625e+01	-4.28783e+01		         0.13667	-1.60000e+01	
1.56663   	-1.78651e+01	-4.25441e+01	-4.29363e+01		         0.13833	-1.50000e+01	
1.58550   	-1.81836e+01	-4.01905e+01	-4.10744e+01		         0.14000	-1.40000e+01	
1.60437   	-1.85048e+01	-4.03843e+01	-4.05620e+01		         0.14167	-1.40000e+01	
1.62323   	-1.77973e+01	-3.89407e+01	-4.16461e+01		         0.14333	-1.30000e+01	
1.64210   	-1.87912e+01	-3.94471e+01	-4.20943e+01		         0.14500	-1.30000e+01	
1.66097   	-1.99690e+01	-3.73569e+01	-4.12629e+01		         0.14667	-1.20000e+01	
1.67983   	-1.98399e+01	-3.68179e+01	-3.92404e+01		         0.14833	-1.20000e+01	
1.69870   	-1.66842e+01	-3.49195e+01	-3.76150e+01		         0.15000	-1.20000e+01	
1.71757   	-1.35395e+01	-3.45305e+01	-3.68501e+01		         0.15167	-1.20000e+01	
1.73643   	-1.31951e+01	-3.34483e+01	-3.62616e+01		         0.15333	-1.20000e+01	
1.75530   	-1.44897e+01	-2.99837e+01	-3.80294e+01		         0.15500	-1.20000e+01	
1.77417   	-1.48971e+01	-3.03445e+01	-3.93951e+01		         0.15667	-1.20000e+01	
1.79304   	-1.56564e+01	-2.92798e+01	-4.01576e+01		         0.15833	-1.20000e+01	
1.81190   	-1.57745e+01	-2.86199e+01	-4.01468e+01		         0.16000	-1.20000e+01	
1.83100   	-1.62373e+01	-2.79802e+01	-4.06660e+01		         0.16167	-1.10000e+01	
1.84963   	-1.65465e+01	-2.75708e+01	-4.11339e+01		         0.16333	-1.10000e+01	
1.86850   	-1.67371e+01	-2.67891e+01	-4.18812e+01		         0.16500	-1.00000e+01	
1.88737   	-1.71982e+01	-2.53469e+01	-4.27923e+01		         0.16667	-1.00000e+01	
1.90623   	-1.76525e+01	-2.43420e+01	-4.40745e+01		         0.16833	-9.00000e+00	
1.92510   	-1.78140e+01	-2.44526e+01	-4.35380e+01		         0.17000	-8.00000e+00	
1.94397   	-1.78969e+01	-2.48797e+01	-4.43017e+01		         0.17167	-8.00000e+00	
1.96283   	-1.77435e+01	-2.50514e+01	-4.43204e+01		         0.17333	-7.00000e+00	
1.98170   	-1.78408e+01	-2.55066e+01	-4.55717e+01		         0.17500	-7.00000e+00	
2.00057   	-1.79549e+01	-2.54906e+01	-4.57972e+01		         0.17667	-6.00000e+00	
2.01943   	-1.81045e+01	-2.48278e+01	-4.56880e+01		         0.17833	-6.00000e+00	
2.03830   	-1.80874e+01	-2.41724e+01	-4.56431e+01		         0.18000	-5.00000e+00	
2.14610   	-1.93379e+01	-2.75185e+01	-4.07317e+01		         0.18167	-5.00000e+00	
2.16498   	-1.95371e+01	-2.53135e+01	-4.24575e+01		         0.18333	-5.00000e+00	
2.18387   	-2.10128e+01	-2.86283e+01	-4.21535e+01		         0.18500	-5.00000e+00	
2.20276   	-2.37968e+01	-3.08439e+01	-4.14017e+01		         0.18667	-4.00000e+00	
2.22165   	-2.18125e+01	-3.06815e+01	-4.03675e+01		         0.18833	-4.00000e+00	
2.24054   	-2.02634e+01	-2.95856e+01	-4.02392e+01		         0.19000	-4.00000e+00	
2.25943   	-1.98595e+01	-2.90334e+01	-3.93848e+01		         0.19167	-3.00000e+00	
2.27841   	-2.04507e+01	-2.91384e+01	-3.99543e+01		         0.19333	-3.00000e+00	
2.29721   	-1.94647e+01	-2.98234e+01	-3.91690e+01		         0.19500	-3.00000e+00	
2.31610   	-1.89544e+01	-3.07669e+01	-4.25655e+01		         0.19667	-2.00000e+00	
2.33499   	-2.02363e+01	-3.48066e+01	-4.36431e+01		         0.19833	-2.00000e+00	
2.35388   	-2.04427e+01	-3.78645e+01	-4.43369e+01		         0.20000	-1.00000e+00	
2.37276   	-2.15855e+01	-3.80377e+01	-4.39416e+01		         0.20167	-1.00000e+00	
2.39165   	-2.17220e+01	-3.64304e+01	-4.47644e+01		         0.20333	-1.00000e+00	
2.41054   	-2.12237e+01	-3.58160e+01	-4.53822e+01		         0.20500	-1.00000e+00	
2.42943   	-1.97160e+01	-3.43156e+01	-4.31678e+01		         0.20667	0.00000e+00	
2.44832   	-1.98056e+01	-3.27971e+01	-4.59925e+01		         0.20833	0.00000e+00	
2.46721   	-1.82313e+01	-3.27835e+01	-4.45441e+01		         0.21000	0.00000e+00	
2.48610   	-1.91933e+01	-3.27851e+01	-4.53328e+01		         0.21167	0.00000e+00	
2.50499   	-1.86275e+01	-3.32212e+01	-4.51192e+01		         0.21333	0.00000e+00	
2.52388   	-1.84691e+01	-3.71481e+01	-4.49558e+01		         0.21500	1.00000e+00	
2.54276   	-1.96116e+01	-3.76913e+01	-4.43528e+01		         0.21667	1.00000e+00	
2.56165   	-2.11668e+01	-3.79019e+01	-4.42451e+01		         0.21833	1.00000e+00	
2.58055   	-2.23060e+01	-3.93714e+01	-4.32334e+01		         0.22000	1.00000e+00	
2.59943   	-2.29349e+01	-4.05805e+01	-4.34986e+01		         0.22167	1.00000e+00	
2.61832   	-2.29572e+01	-4.26827e+01	-4.28035e+01		         0.22333	1.00000e+00	
2.63721   	-2.28250e+01	-4.16003e+01	-4.31082e+01		         0.22500	1.00000e+00	
2.65610   	-2.17361e+01	-4.34874e+01	-4.22822e+01		         0.22667	1.00000e+00	
2.67499   	-2.04681e+01	-4.25273e+01	-4.29820e+01		         0.22833	1.00000e+00	
2.69388   	-1.98045e+01	-4.23330e+01	-4.16252e+01		         0.23000	1.00000e+00	
2.71277   	-2.00670e+01	-4.29718e+01	-4.19152e+01		         0.23167	1.00000e+00	
2.73166   	-1.88114e+01	-4.08012e+01	-4.18939e+01		         0.23333	1.00000e+00	
2.75055   	-1.90057e+01	-3.87809e+01	-4.33713e+01		         0.23500	1.00000e+00	
2.76944   	-2.02276e+01	-3.66632e+01	-4.30366e+01		         0.23667	1.00000e+00	
2.78833   	-2.06924e+01	-3.34448e+01	-4.04343e+01		         0.23833	1.00000e+00	
2.80721   	-1.67438e+01	-3.33489e+01	-3.53453e+01		         0.24000	2.00000e+00	
2.82641   	-1.42308e+01	-3.14959e+01	-3.73021e+01		         0.24167	2.00000e+00	
2.84499   	-1.37771e+01	-3.06093e+01	-3.72910e+01		         0.24333	3.00000e+00	
2.86388   	-1.46246e+01	-2.91969e+01	-3.84730e+01		         0.24500	3.00000e+00	
2.88277   	-1.55261e+01	-2.66191e+01	-3.99284e+01		         0.24667	4.00000e+00	
2.90166   	-1.75831e+01	-2.75356e+01	-3.99885e+01		         0.24833	4.00000e+00	
2.92055   	-1.77090e+01	-2.56565e+01	-3.90865e+01		         0.25000	5.00000e+00	
2.93944   	-1.75997e+01	-2.48160e+01	-3.88746e+01		         0.25167	5.00000e+00	
2.95832   	-1.77350e+01	-2.40119e+01	-3.91875e+01		         0.25333	5.00000e+00	
2.97721   	-1.79912e+01	-2.42757e+01	-3.92918e+01		         0.25500	6.00000e+00	
2.99611   	-1.81853e+01	-2.41325e+01	-3.91307e+01		         0.25667	6.00000e+00	
3.01499   	-1.84349e+01	-2.35173e+01	-4.03141e+01		         0.25833	6.00000e+00	
3.03388   	-1.87271e+01	-2.42046e+01	-3.96286e+01		         0.26000	6.00000e+00	
3.05277   	-1.90243e+01	-2.40025e+01	-4.12484e+01		         0.26167	6.00000e+00	
3.07166   	-1.94193e+01	-2.39792e+01	-4.09835e+01		         0.26333	6.00000e+00	
3.09055   	-1.96884e+01	-2.41993e+01	-3.96098e+01		         0.26500	6.00000e+00	
3.10944   	-1.97849e+01	-2.46169e+01	-4.12005e+01		         0.26667	7.00000e+00	
3.12833   	-1.98274e+01	-2.49163e+01	-3.98876e+01		         0.26833	7.00000e+00	
3.14722   	-1.95551e+01	-2.52061e+01	-4.04914e+01		         0.27000	7.00000e+00	
3.16611   	-1.92519e+01	-2.54237e+01	-4.05710e+01		         0.27167	7.00000e+00	
3.18500   	-1.89109e+01	-2.56735e+01	-4.05953e+01		         0.27333	8.00000e+00	
3.20388   	-1.84552e+01	-2.65965e+01	-4.11619e+01		         0.27500	8.00000e+00	
3.22277   	-1.73056e+01	-2.53377e+01	-4.19105e+01		         0.27667	9.00000e+00	
3.24166   	-1.65430e+01	-2.72957e+01	-4.14345e+01		         0.27833	1.00000e+01	
3.26055   	-1.91355e+01	-3.08955e+01	-4.15431e+01		         0.28000	1.00000e+01	
3.27944   	-1.89775e+01	-3.20316e+01	-4.44017e+01		         0.28167	1.10000e+01	
3.29833   	-2.06319e+01	-3.48399e+01	-4.39897e+01		         0.28333	1.20000e+01	
3.31722   	-1.90713e+01	-3.60695e+01	-4.48605e+01		         0.28500	1.30000e+01	
3.33611   	-1.62012e+01	-3.69841e+01	-4.48960e+01		         0.28667	1.40000e+01	
3.35500   	-2.12185e+01	-3.65169e+01	-4.46592e+01		         0.28833	1.50000e+01	
3.37426   	-2.20613e+01	-3.54540e+01	-4.60156e+01		         0.29000	1.60000e+01	
3.39278   	-2.07954e+01	-3.48145e+01	-4.54846e+01		         0.29167	1.70000e+01	
3.41167   	-2.12442e+01	-3.47474e+01	-4.67582e+01		         0.29333	1.80000e+01	
					         0.29500	1.90000e+01	
					         0.29667	1.90000e+01	
					         0.29833	2.00000e+01	
					         0.30000	2.10000e+01	
					         0.30167	2.20000e+01	
					         0.30333	2.20000e+01	
					         0.30500	2.30000e+01	
					         0.30667	2.30000e+01	
					         0.30833	2.40000e+01	
					         0.31000	2.40000e+01	
					         0.31167	2.50000e+01	
					         0.31333	2.50000e+01	
					         0.31500	2.50000e+01	
					         0.31667	2.60000e+01	
					         0.31833	2.60000e+01	
					         0.32000	2.60000e+01	
					         0.32167	2.70000e+01	
					         0.32333	2.70000e+01	
					         0.32500	2.70000e+01	
					         0.32667	2.70000e+01	
					         0.32833	2.70000e+01	
					         0.33000	2.70000e+01	
					         0.33167	2.60000e+01	
					         0.33333	2.60000e+01	
					         0.33500	2.60000e+01	
					         0.33667	2.50000e+01	
					         0.33833	2.50000e+01	
					         0.34000	2.40000e+01	
					         0.34167	2.30000e+01	
					         0.34333	2.20000e+01	
					         0.34500	2.10000e+01	
					         0.34667	2.00000e+01	
					         0.34833	1.90000e+01	
					         0.35000	1.80000e+01	
					         0.35167	1.70000e+01	
					         0.35333	1.60000e+01	
					         0.35500	1.40000e+01	
					         0.35667	1.30000e+01	
					         0.35833	1.20000e+01	
					         0.36000	1.00000e+01	
					         0.36167	9.00000e+00	
					         0.36333	7.00000e+00	
					         0.36500	6.00000e+00	
					         0.36667	4.00000e+00	
					         0.36833	2.00000e+00	
					         0.37000	1.00000e+00	
					         0.37167	0.00000e+00	
					         0.37333	-2.00000e+00	
					         0.37500	-3.00000e+00	
					         0.37667	-5.00000e+00	
					         0.37833	-6.00000e+00	
					         0.38000	-8.00000e+00	
					         0.38167	-9.00000e+00	
					         0.38333	-1.00000e+01	
					         0.38500	-1.10000e+01	
					         0.38667	-1.20000e+01	
					         0.38833	-1.30000e+01	
					         0.39000	-1.40000e+01	
					         0.39167	-1.50000e+01	
					         0.39333	-1.50000e+01	
					         0.39500	-1.60000e+01	
					         0.39667	-1.70000e+01	
					         0.39833	-1.70000e+01	
					         0.40000	-1.80000e+01	
					         0.40167	-1.90000e+01	
					         0.40333	-1.90000e+01	
					         0.40500	-2.00000e+01	
					         0.40667	-2.00000e+01	
					         0.40833	-2.10000e+01	
					         0.41000	-2.10000e+01	
					         0.41167	-2.20000e+01	
					         0.41333	-2.20000e+01	
					         0.41500	-2.20000e+01	
					         0.41667	-2.30000e+01	
					         0.41833	-2.30000e+01	
					         0.42000	-2.30000e+01	
					         0.42167	-2.30000e+01	
					         0.42333	-2.30000e+01	
					         0.42500	-2.30000e+01	
					         0.42667	-2.30000e+01	
					         0.42833	-2.30000e+01	
					         0.43000	-2.30000e+01	
					         0.43167	-2.30000e+01	
					         0.43333	-2.40000e+01	
					         0.43500	-2.40000e+01	
					         0.43667	-2.30000e+01	
					         0.43833	-2.30000e+01	
					         0.44000	-2.30000e+01	
					         0.44167	-2.30000e+01	
					         0.44333	-2.30000e+01	
					         0.44500	-2.20000e+01	
					         0.44667	-2.20000e+01	
					         0.44833	-2.10000e+01	
					         0.45000	-2.10000e+01	
					         0.45167	-2.00000e+01	
					         0.45333	-1.90000e+01	
					         0.45500	-1.90000e+01	
					         0.45667	-1.80000e+01	
					         0.45833	-1.70000e+01	
					         0.46000	-1.70000e+01	
					         0.46167	-1.60000e+01	
					         0.46333	-1.50000e+01	
					         0.46500	-1.50000e+01	
					         0.46667	-1.40000e+01	
					         0.46833	-1.40000e+01	
					         0.47000	-1.40000e+01	
					         0.47167	-1.30000e+01	
					         0.47333	-1.30000e+01	
					         0.47500	-1.30000e+01	
					         0.47667	-1.30000e+01	
					         0.47833	-1.30000e+01	
					         0.48000	-1.20000e+01	
					         0.48167	-1.20000e+01	
					         0.48333	-1.20000e+01	
					         0.48500	-1.20000e+01	
					         0.48667	-1.10000e+01	
					         0.48833	-1.10000e+01	
					         0.49000	-1.10000e+01	
					         0.49167	-1.10000e+01	
					         0.49333	-1.00000e+01	
					         0.49500	-1.00000e+01	
					         0.49667	-1.00000e+01	
					         0.49833	-1.00000e+01	
					         0.50000	-1.10000e+01	
					         0.50167	-1.10000e+01	
					         0.50333	-1.10000e+01	
					         0.50500	-1.20000e+01	
					         0.50667	-1.20000e+01	
					         0.50833	-1.20000e+01	
					         0.51000	-1.20000e+01	
					         0.51167	-1.10000e+01	
					         0.51333	-1.10000e+01	
					         0.51500	-1.00000e+01	
					         0.51667	-1.00000e+01	
					         0.51833	-9.00000e+00	
					         0.52000	-8.00000e+00	
					         0.52167	-7.00000e+00	
					         0.52333	-6.00000e+00	
					         0.52500	-6.00000e+00	
					         0.52667	-5.00000e+00	
					         0.52833	-4.00000e+00	
					         0.53000	-4.00000e+00	
					         0.53167	-4.00000e+00	
					         0.53333	-4.00000e+00	
					         0.53500	-4.00000e+00	
					         0.53667	-4.00000e+00	
					         0.53833	-4.00000e+00	
					         0.54000	-5.00000e+00	
					         0.54167	-5.00000e+00	
					         0.54333	-5.00000e+00	
					         0.54500	-5.00000e+00	
					         0.54667	-5.00000e+00	
					         0.54833	-5.00000e+00	
					         0.55000	-5.00000e+00	
					         0.55167	-5.00000e+00	
					         0.55333	-5.00000e+00	
					         0.55500	-4.00000e+00	
					         0.55667	-4.00000e+00	
					         0.55833	-4.00000e+00	
					         0.56000	-4.00000e+00	
					         0.56167	-4.00000e+00	
					         0.56333	-4.00000e+00	
					         0.56500	-4.00000e+00	
					         0.56667	-4.00000e+00	
					         0.56833	-5.00000e+00	
					         0.57000	-5.00000e+00	
					         0.57167	-6.00000e+00	
					         0.57333	-7.00000e+00	
					         0.57500	-7.00000e+00	
					         0.57667	-7.00000e+00	
					         0.57833	-8.00000e+00	
					         0.58000	-8.00000e+00	
					         0.58167	-8.00000e+00	
					         0.58333	-8.00000e+00	
					         0.58500	-8.00000e+00	
					         0.58667	-8.00000e+00	
					         0.58833	-8.00000e+00	
					         0.59000	-7.00000e+00	
					         0.59167	-7.00000e+00	
					         0.59333	-7.00000e+00	
					         0.59500	-7.00000e+00	
					         0.59667	-7.00000e+00	
					         0.59833	-7.00000e+00	
					         0.60000	-7.00000e+00	
					         0.60167	-7.00000e+00	
					         0.60333	-7.00000e+00	
					         0.60500	-7.00000e+00	
					         0.60667	-7.00000e+00	
					         0.60833	-6.00000e+00	
					         0.61000	-6.00000e+00	
					         0.61167	-6.00000e+00	
					         0.61333	-6.00000e+00	
					         0.61500	-6.00000e+00	
					         0.61667	-6.00000e+00	
					         0.61833	-6.00000e+00	
					         0.62000	-6.00000e+00	
					         0.62167	-6.00000e+00	
					         0.62333	-6.00000e+00	
					         0.62500	-5.00000e+00	
					         0.62667	-5.00000e+00	
					         0.62833	-5.00000e+00	
					         0.63000	-5.00000e+00	
					         0.63167	-5.00000e+00	
					         0.63333	-5.00000e+00	
					         0.63500	-4.00000e+00	
					         0.63667	-4.00000e+00	
					         0.63833	-4.00000e+00	
					         0.64000	-4.00000e+00	
					         0.64167	-4.00000e+00	
					         0.64333	-4.00000e+00	
					         0.64500	-5.00000e+00	
					         0.64667	-5.00000e+00	
					         0.64833	-5.00000e+00	
					         0.65000	-5.00000e+00	
					         0.65167	-5.00000e+00	
					         0.65333	-5.00000e+00	
					         0.65500	-5.00000e+00	
					         0.65667	-5.00000e+00	
					         0.65833	-5.00000e+00	
					         0.66000	-5.00000e+00	
					         0.66167	-5.00000e+00	
					         0.66333	-5.00000e+00	
					         0.66500	-4.00000e+00	
					         0.66667	-4.00000e+00	
					         0.66833	-4.00000e+00	
					         0.67000	-3.00000e+00	
					         0.67167	-3.00000e+00	
					         0.67333	-3.00000e+00	
					         0.67500	-2.00000e+00	
					         0.67667	-2.00000e+00	
					         0.67833	-2.00000e+00	
					         0.68000	-2.00000e+00	
					         0.68167	-2.00000e+00	
					         0.68333	-2.00000e+00	
					         0.68500	-2.00000e+00	
					         0.68667	-2.00000e+00	
					         0.68833	-3.00000e+00	
					         0.69000	-3.00000e+00	
					         0.69167	-4.00000e+00	
					         0.69333	-4.00000e+00	
					         0.69500	-4.00000e+00	
					         0.69667	-4.00000e+00	
					         0.69833	-5.00000e+00	
					         0.70000	-5.00000e+00	
					         0.70167	-4.00000e+00	
					         0.70333	-4.00000e+00	
					         0.70500	-4.00000e+00	
					         0.70667	-4.00000e+00	
					         0.70833	-4.00000e+00	
					         0.71000	-3.00000e+00	
					         0.71167	-3.00000e+00	
					         0.71333	-3.00000e+00	
					         0.71500	-3.00000e+00	
					         0.71667	-3.00000e+00	
					         0.71833	-4.00000e+00	
					         0.72000	-4.00000e+00	
					         0.72167	-4.00000e+00	
					         0.72333	-4.00000e+00	
					         0.72500	-5.00000e+00	
					         0.72667	-5.00000e+00	
					         0.72833	-5.00000e+00	
					         0.73000	-5.00000e+00	
					         0.73167	-5.00000e+00	
					         0.73333	-5.00000e+00	
					         0.73500	-5.00000e+00	
					         0.73667	-5.00000e+00	
					         0.73833	-5.00000e+00	
					         0.74000	-5.00000e+00	
					         0.74167	-5.00000e+00	
					         0.74333	-5.00000e+00	
					         0.74500	-5.00000e+00	
					         0.74667	-5.00000e+00	
					         0.74833	-5.00000e+00	
					         0.75000	-5.00000e+00	
					         0.75167	-5.00000e+00	
					         0.75333	-5.00000e+00	
					         0.75500	-5.00000e+00	
					         0.75667	-5.00000e+00	
					         0.75833	-5.00000e+00	
					         0.76000	-4.00000e+00	
					         0.76167	-4.00000e+00	
					         0.76333	-4.00000e+00	
					         0.76500	-5.00000e+00	
					         0.76667	-5.00000e+00	
					         0.76833	-5.00000e+00	
					         0.77000	-4.00000e+00	
					         0.77167	-4.00000e+00	
					         0.77333	-4.00000e+00	
					         0.77500	-5.00000e+00	
					         0.77667	-5.00000e+00	
					         0.77833	-5.00000e+00	
					         0.78000	-5.00000e+00	
					         0.78167	-5.00000e+00	
					         0.78333	-6.00000e+00	
					         0.78500	-6.00000e+00	
					         0.78667	-6.00000e+00	
					         0.78833	-7.00000e+00	
					         0.79000	-7.00000e+00	
					         0.79167	-7.00000e+00	
					         0.79333	-7.00000e+00	
					         0.79500	-7.00000e+00	
					         0.79667	-7.00000e+00	
					         0.79833	-7.00000e+00	
					         0.80000	-6.00000e+00	
					         0.80167	-6.00000e+00	
					         0.80333	-6.00000e+00	
					         0.80500	-6.00000e+00	
					         0.80667	-5.00000e+00	
					         0.80833	-5.00000e+00	
					         0.81000	-5.00000e+00	
					         0.81167	-5.00000e+00	
					         0.81333	-5.00000e+00	
					         0.81500	-5.00000e+00	
					         0.81667	-5.00000e+00	
					         0.81833	-5.00000e+00	
					         0.82000	-5.00000e+00	
					         0.82167	-5.00000e+00	
					         0.82333	-5.00000e+00	
					         0.82500	-5.00000e+00	
					         0.82667	-5.00000e+00	
					         0.82833	-4.00000e+00	
					         0.83000	-4.00000e+00	
					         0.83167	-4.00000e+00	
					         0.83333	-4.00000e+00	
					         0.83500	-4.00000e+00	
					         0.83667	-3.00000e+00	
					         0.83833	-3.00000e+00	
					         0.84000	-3.00000e+00	
					         0.84167	-3.00000e+00	
					         0.84333	-3.00000e+00	
					         0.84500	-3.00000e+00	
					         0.84667	-3.00000e+00	
					         0.84833	-3.00000e+00	
					         0.85000	-3.00000e+00	
					         0.85167	-3.00000e+00	
					         0.85333	-3.00000e+00	
					         0.85500	-3.00000e+00	
					         0.85667	-3.00000e+00	
					         0.85833	-3.00000e+00	
					         0.86000	-3.00000e+00	
					         0.86167	-3.00000e+00	
					         0.86333	-3.00000e+00	
					         0.86500	-3.00000e+00	
					         0.86667	-3.00000e+00	
					         0.86833	-3.00000e+00	
					         0.87000	-2.00000e+00	
					         0.87167	-2.00000e+00	
					         0.87333	-2.00000e+00	
					         0.87500	-2.00000e+00	
					         0.87667	-2.00000e+00	
					         0.87833	-2.00000e+00	
					         0.88000	-2.00000e+00	
					         0.88167	-2.00000e+00	
					         0.88333	-2.00000e+00	
					         0.88500	-1.00000e+00	
					         0.88667	-1.00000e+00	
					         0.88833	0.00000e+00	
					         0.89000	0.00000e+00	
					         0.89167	0.00000e+00	
					         0.89333	1.00000e+00	
					         0.89500	1.00000e+00	
					         0.89667	1.00000e+00	
					         0.89833	1.00000e+00	
					         0.90000	1.00000e+00	
					         0.90167	1.00000e+00	
					         0.90333	1.00000e+00	
					         0.90500	1.00000e+00	
					         0.90667	1.00000e+00	
					         0.90833	0.00000e+00	
					         0.91000	0.00000e+00	
					         0.91167	0.00000e+00	
					         0.91333	0.00000e+00	
					         0.91500	0.00000e+00	
					         0.91667	0.00000e+00	
					         0.91833	0.00000e+00	
					         0.92000	0.00000e+00	
					         0.92167	1.00000e+00	
					         0.92333	1.00000e+00	
					         0.92500	1.00000e+00	
					         0.92667	2.00000e+00	
					         0.92833	2.00000e+00	
					         0.93000	2.00000e+00	
					         0.93167	2.00000e+00	
					         0.93333	3.00000e+00	
					         0.93500	3.00000e+00	
					         0.93667	2.00000e+00	
					         0.93833	2.00000e+00	
					         0.94000	2.00000e+00	
					         0.94167	2.00000e+00	
					         0.94333	1.00000e+00	
					         0.94500	1.00000e+00	
					         0.94667	1.00000e+00	
					         0.94833	1.00000e+00	
					         0.95000	1.00000e+00	
					         0.95167	1.00000e+00	
					         0.95333	1.00000e+00	
					         0.95500	1.00000e+00	
					         0.95667	2.00000e+00	
					         0.95833	3.00000e+00	
					         0.96000	3.00000e+00	
					         0.96167	4.00000e+00	
					         0.96333	5.00000e+00	
					         0.96500	6.00000e+00	
					         0.96667	7.00000e+00	
					         0.96833	7.00000e+00	
					         0.97000	8.00000e+00	
					         0.97167	9.00000e+00	
					         0.97333	1.00000e+01	
					         0.97500	1.10000e+01	
					         0.97667	1.10000e+01	
					         0.97833	1.20000e+01	
					         0.98000	1.30000e+01	
					         0.98167	1.30000e+01	
					         0.98333	1.40000e+01	
					         0.98500	1.40000e+01	
					         0.98667	1.40000e+01	
					         0.98833	1.40000e+01	
					         0.99000	1.40000e+01	
					         0.99167	1.40000e+01	
					         0.99333	1.30000e+01	
					         0.99500	1.30000e+01	
					         0.99667	1.20000e+01	
					         0.99833	1.10000e+01	
					         1.00000	1.10000e+01	
					         1.00167	1.00000e+01	
					         1.00333	9.00000e+00	
					         1.00500	9.00000e+00	
					         1.00667	8.00000e+00	
					         1.00833	8.00000e+00	
					         1.01000	7.00000e+00	
					         1.01167	7.00000e+00	
					         1.01333	7.00000e+00	
					         1.01500	7.00000e+00	
					         1.01667	7.00000e+00	
					         1.01833	7.00000e+00	
					         1.02000	7.00000e+00	
					         1.02167	7.00000e+00	
					         1.02333	6.00000e+00	
					         1.02500	6.00000e+00	
					         1.02667	6.00000e+00	
					         1.02833	6.00000e+00	
					         1.03000	5.00000e+00	
					         1.03167	5.00000e+00	
					         1.03333	4.00000e+00	
					         1.03500	3.00000e+00	
					         1.03667	3.00000e+00	
					         1.03833	2.00000e+00	
					         1.04000	1.00000e+00	
					         1.04167	1.00000e+00	
					         1.04333	0.00000e+00	
					         1.04500	-1.00000e+00	
					         1.04667	-1.00000e+00	
					         1.04833	-2.00000e+00	
					         1.05000	-3.00000e+00	
					         1.05167	-3.00000e+00	
					         1.05333	-4.00000e+00	
					         1.05500	-4.00000e+00	
					         1.05667	-4.00000e+00	
					         1.05833	-4.00000e+00	
					         1.06000	-4.00000e+00	
					         1.06167	-4.00000e+00	
					         1.06333	-4.00000e+00	
					         1.06500	-4.00000e+00	
					         1.06667	-4.00000e+00	
					         1.06833	-4.00000e+00	
					         1.07000	-4.00000e+00	
					         1.07167	-4.00000e+00	
					         1.07333	-4.00000e+00	
					         1.07500	-4.00000e+00	
					         1.07667	-5.00000e+00	
					         1.07833	-5.00000e+00	
					         1.08000	-6.00000e+00	
					         1.08167	-6.00000e+00	
					         1.08333	-7.00000e+00	
					         1.08500	-7.00000e+00	
					         1.08667	-8.00000e+00	
					         1.08833	-8.00000e+00	
					         1.09000	-9.00000e+00	
					         1.09167	-9.00000e+00	
					         1.09333	-9.00000e+00	
					         1.09500	-9.00000e+00	
					         1.09667	-9.00000e+00	
					         1.09833	-9.00000e+00	
					         1.10000	-9.00000e+00	
					         1.10167	-9.00000e+00	
					         1.10333	-9.00000e+00	
					         1.10500	-9.00000e+00	
					         1.10667	-9.00000e+00	
					         1.10833	-1.00000e+01	
					         1.11000	-1.10000e+01	
					         1.11167	-1.20000e+01	
					         1.11333	-1.30000e+01	
					         1.11500	-1.50000e+01	
					         1.11667	-1.70000e+01	
					         1.11833	-1.90000e+01	
					         1.12000	-2.00000e+01	
					         1.12167	-2.20000e+01	
					         1.12333	-2.30000e+01	
					         1.12500	-2.40000e+01	
					         1.12667	-2.40000e+01	
					         1.12833	-2.30000e+01	
					         1.13000	-2.10000e+01	
					         1.13167	-1.80000e+01	
					         1.13333	-1.40000e+01	
					         1.13500	-9.00000e+00	
					         1.13667	-3.00000e+00	
					         1.13833	4.00000e+00	
					         1.14000	1.30000e+01	
					         1.14167	2.30000e+01	
					         1.14333	3.40000e+01	
					         1.14500	4.60000e+01	
					         1.14667	5.90000e+01	
					         1.14833	7.30000e+01	
					         1.15000	8.60000e+01	
					         1.15167	9.90000e+01	
					         1.15333	1.10000e+02	
					         1.15500	1.20000e+02	
					         1.15667	1.28000e+02	
					         1.15833	1.34000e+02	
					         1.16000	1.37000e+02	
					         1.16167	1.37000e+02	
					         1.16333	1.34000e+02	
					         1.16500	1.28000e+02	
					         1.16667	1.20000e+02	
					         1.16833	1.09000e+02	
					         1.17000	9.70000e+01	
					         1.17167	8.40000e+01	
					         1.17333	7.00000e+01	
					         1.17500	5.70000e+01	
					         1.17667	4.40000e+01	
					         1.17833	3.10000e+01	
					         1.18000	1.90000e+01	
					         1.18167	8.00000e+00	
					         1.18333	-1.00000e+00	
					         1.18500	-1.00000e+01	
					         1.18667	-1.80000e+01	
					         1.18833	-2.50000e+01	
					         1.19000	-3.00000e+01	
					         1.19167	-3.50000e+01	
					         1.19333	-3.90000e+01	
					         1.19500	-4.20000e+01	
					         1.19667	-4.40000e+01	
					         1.19833	-4.60000e+01	
					         1.20000	-4.70000e+01	
					         1.20167	-4.70000e+01	
					         1.20333	-4.70000e+01	
					         1.20500	-4.70000e+01	
					         1.20667	-4.60000e+01	
					         1.20833	-4.50000e+01	
					         1.21000	-4.40000e+01	
					         1.21167	-4.20000e+01	
					         1.21333	-4.10000e+01	
					         1.21500	-3.90000e+01	
					         1.21667	-3.80000e+01	
					         1.21833	-3.70000e+01	
					         1.22000	-3.50000e+01	
					         1.22167	-3.40000e+01	
					         1.22333	-3.30000e+01	
					         1.22500	-3.20000e+01	
					         1.22667	-3.10000e+01	
					         1.22833	-3.10000e+01	
					         1.23000	-3.00000e+01	
					         1.23167	-2.90000e+01	
					         1.23333	-2.90000e+01	
					         1.23500	-2.80000e+01	
					         1.23667	-2.70000e+01	
					         1.23833	-2.70000e+01	
					         1.24000	-2.60000e+01	
					         1.24167	-2.60000e+01	
					         1.24333	-2.50000e+01	
					         1.24500	-2.50000e+01	
					         1.24667	-2.40000e+01	
					         1.24833	-2.40000e+01	
					         1.25000	-2.30000e+01	
					         1.25167	-2.20000e+01	
					         1.25333	-2.20000e+01	
					         1.25500	-2.10000e+01	
					         1.25667	-2.10000e+01	
					         1.25833	-2.00000e+01	
					         1.26000	-1.90000e+01	
					         1.26167	-1.90000e+01	
					         1.26333	-1.80000e+01	
					         1.26500	-1.80000e+01	
					         1.26667	-1.70000e+01	
					         1.26833	-1.70000e+01	
					         1.27000	-1.70000e+01	
					         1.27167	-1.60000e+01	
					         1.27333	-1.60000e+01	
					         1.27500	-1.60000e+01	
					         1.27667	-1.60000e+01	
					         1.27833	-1.50000e+01	
					         1.28000	-1.50000e+01	
					         1.28167	-1.50000e+01	
					         1.28333	-1.50000e+01	
					         1.28500	-1.40000e+01	
					         1.28667	-1.40000e+01	
					         1.28833	-1.40000e+01	
					         1.29000	-1.30000e+01	
					         1.29167	-1.30000e+01	
					         1.29333	-1.20000e+01	
					         1.29500	-1.20000e+01	
					         1.29667	-1.20000e+01	
					         1.29833	-1.10000e+01	
					         1.30000	-1.10000e+01	
					         1.30167	-1.00000e+01	
					         1.30333	-1.00000e+01	
					         1.30500	-1.00000e+01	
					         1.30667	-9.00000e+00	
					         1.30833	-9.00000e+00	
					         1.31000	-9.00000e+00	
					         1.31167	-9.00000e+00	
					         1.31333	-9.00000e+00	
					         1.31500	-9.00000e+00	
					         1.31667	-9.00000e+00	
					         1.31833	-9.00000e+00	
					         1.32000	-9.00000e+00	
					         1.32167	-9.00000e+00	
					         1.32333	-8.00000e+00	
					         1.32500	-8.00000e+00	
					         1.32667	-8.00000e+00	
					         1.32833	-7.00000e+00	
					         1.33000	-7.00000e+00	
					         1.33167	-6.00000e+00	
					         1.33333	-6.00000e+00	
					         1.33500	-5.00000e+00	
					         1.33667	-5.00000e+00	
					         1.33833	-4.00000e+00	
					         1.34000	-4.00000e+00	
					         1.34167	-4.00000e+00	
					         1.34333	-3.00000e+00	
					         1.34500	-3.00000e+00	
					         1.34667	-3.00000e+00	
					         1.34833	-3.00000e+00	
					         1.35000	-2.00000e+00	
					         1.35167	-2.00000e+00	
					         1.35333	-2.00000e+00	
					         1.35500	-2.00000e+00	
					         1.35667	-2.00000e+00	
					         1.35833	-2.00000e+00	
					         1.36000	-2.00000e+00	
					         1.36167	-1.00000e+00	
					         1.36333	-1.00000e+00	
					         1.36500	-1.00000e+00	
					         1.36667	0.00000e+00	
					         1.36833	0.00000e+00	
					         1.37000	0.00000e+00	
					         1.37167	1.00000e+00	
					         1.37333	1.00000e+00	
					         1.37500	2.00000e+00	
					         1.37667	2.00000e+00	
					         1.37833	3.00000e+00	
					         1.38000	4.00000e+00	
					         1.38167	4.00000e+00	
					         1.38333	5.00000e+00	
					         1.38500	5.00000e+00	
					         1.38667	6.00000e+00	
					         1.38833	6.00000e+00	
					         1.39000	6.00000e+00	
					         1.39167	7.00000e+00	
					         1.39333	7.00000e+00	
					         1.39500	6.00000e+00	
					         1.39667	6.00000e+00	
					         1.39833	6.00000e+00	
					         1.40000	6.00000e+00	
					         1.40167	6.00000e+00	
					         1.40333	6.00000e+00	
					         1.40500	7.00000e+00	
					         1.40667	7.00000e+00	
					         1.40833	8.00000e+00	
					         1.41000	8.00000e+00	
					         1.41167	9.00000e+00	
					         1.41333	1.00000e+01	
					         1.41500	1.10000e+01	
					         1.41667	1.20000e+01	
					         1.41833	1.30000e+01	
					         1.42000	1.40000e+01	
					         1.42167	1.50000e+01	
					         1.42333	1.50000e+01	
					         1.42500	1.60000e+01	
					         1.42667	1.70000e+01	
					         1.42833	1.70000e+01	
					         1.43000	1.80000e+01	
					         1.43167	1.90000e+01	
					         1.43333	1.90000e+01	
					         1.43500	2.00000e+01	
					         1.43667	2.10000e+01	
					         1.43833	2.20000e+01	
					         1.44000	2.30000e+01	
					         1.44167	2.40000e+01	
					         1.44333	2.50000e+01	
					         1.44500	2.50000e+01	
					         1.44667	2.60000e+01	
					         1.44833	2.60000e+01	
					         1.45000	2.70000e+01	
					         1.45167	2.70000e+01	
					         1.45333	2.70000e+01	
					         1.45500	2.70000e+01	
					         1.45667	2.70000e+01	
					         1.45833	2.70000e+01	
					         1.46000	2.70000e+01	
					         1.46167	2.70000e+01	
					         1.46333	2.70000e+01	
					         1.46500	2.70000e+01	
					         1.46667	2.70000e+01	
					         1.46833	2.70000e+01	
					         1.47000	2.60000e+01	
					         1.47167	2.60000e+01	
					         1.47333	2.60000e+01	
					         1.47500	2.50000e+01	
					         1.47667	2.50000e+01	
					         1.47833	2.40000e+01	
					         1.48000	2.30000e+01	
					         1.48167	2.10000e+01	
					         1.48333	2.00000e+01	
					         1.48500	1.80000e+01	
					         1.48667	1.70000e+01	
					         1.48833	1.50000e+01	
					         1.49000	1.30000e+01	
					         1.49167	1.20000e+01	
					         1.49333	1.00000e+01	
					         1.49500	8.00000e+00	
					         1.49667	7.00000e+00	
					         1.49833	5.00000e+00	
					         1.50000	4.00000e+00	
					         1.50167	2.00000e+00	
					         1.50333	1.00000e+00	
					         1.50500	0.00000e+00	
					         1.50667	-1.00000e+00	
					         1.50833	-2.00000e+00	
					         1.51000	-3.00000e+00	
					         1.51167	-4.00000e+00	
					         1.51333	-5.00000e+00	
					         1.51500	-5.00000e+00	
					         1.51667	-6.00000e+00	
					         1.51833	-7.00000e+00	
					         1.52000	-8.00000e+00	
					         1.52167	-9.00000e+00	
					         1.52333	-1.00000e+01	
					         1.52500	-1.10000e+01	
					         1.52667	-1.20000e+01	
					         1.52833	-1.30000e+01	
					         1.53000	-1.40000e+01	
					         1.53167	-1.50000e+01	
					         1.53333	-1.70000e+01	
					         1.53500	-1.80000e+01	
					         1.53667	-1.90000e+01	
					         1.53833	-2.00000e+01	
					         1.54000	-2.00000e+01	
					         1.54167	-2.10000e+01	
					         1.54333	-2.10000e+01	
					         1.54500	-2.10000e+01	
					         1.54667	-2.10000e+01	
					         1.54833	-2.10000e+01	
					         1.55000	-2.10000e+01	
					         1.55167	-2.00000e+01	
					         1.55333	-2.00000e+01	
					         1.55500	-2.00000e+01	
					         1.55667	-1.90000e+01	
					         1.55833	-1.90000e+01	
					         1.56000	-1.90000e+01	
					         1.56167	-1.80000e+01	
					         1.56333	-1.80000e+01	
					         1.56500	-1.80000e+01	
					         1.56667	-1.80000e+01	
					         1.56833	-1.80000e+01	
					         1.57000	-1.80000e+01	
					         1.57167	-1.70000e+01	
					         1.57333	-1.70000e+01	
					         1.57500	-1.70000e+01	
					         1.57667	-1.60000e+01	
					         1.57833	-1.60000e+01	
					         1.58000	-1.60000e+01	
					         1.58167	-1.50000e+01	
					         1.58333	-1.50000e+01	
					         1.58500	-1.50000e+01	
					         1.58667	-1.40000e+01	
					         1.58833	-1.40000e+01	
					         1.59000	-1.30000e+01	
					         1.59167	-1.30000e+01	
					         1.59333	-1.30000e+01	
					         1.59500	-1.20000e+01	
					         1.59667	-1.20000e+01	
					         1.59833	-1.10000e+01	
					         1.60000	-1.10000e+01	
					         1.60167	-1.00000e+01	
					         1.60333	-1.00000e+01	
					         1.60500	-1.00000e+01	
					         1.60667	-9.00000e+00	
					         1.60833	-9.00000e+00	
					         1.61000	-9.00000e+00	
					         1.61167	-9.00000e+00	
					         1.61333	-9.00000e+00	
					         1.61500	-9.00000e+00	
					         1.61667	-9.00000e+00	
					         1.61833	-9.00000e+00	
					         1.62000	-9.00000e+00	
					         1.62167	-9.00000e+00	
					         1.62333	-8.00000e+00	
					         1.62500	-8.00000e+00	
					         1.62667	-8.00000e+00	
					         1.62833	-8.00000e+00	
					         1.63000	-8.00000e+00	
					         1.63167	-8.00000e+00	
					         1.63333	-8.00000e+00	
					         1.63500	-8.00000e+00	
					         1.63667	-8.00000e+00	
					         1.63833	-8.00000e+00	
					         1.64000	-8.00000e+00	
					         1.64167	-8.00000e+00	
					         1.64333	-9.00000e+00	
					         1.64500	-9.00000e+00	
					         1.64667	-9.00000e+00	
					         1.64833	-9.00000e+00	
					         1.65000	-9.00000e+00	
					         1.65167	-9.00000e+00	
					         1.65333	-9.00000e+00	
					         1.65500	-9.00000e+00	
					         1.65667	-8.00000e+00	
					         1.65833	-8.00000e+00	
					         1.66000	-8.00000e+00	
					         1.66167	-8.00000e+00	
					         1.66333	-7.00000e+00	
					         1.66500	-7.00000e+00	
					         1.66667	-7.00000e+00	
					         1.66833	-7.00000e+00	
					         1.67000	-7.00000e+00	
					         1.67167	-6.00000e+00	
					         1.67333	-6.00000e+00	
					         1.67500	-6.00000e+00	
					         1.67667	-5.00000e+00	
					         1.67833	-5.00000e+00	
					         1.68000	-5.00000e+00	
					         1.68167	-5.00000e+00	
					         1.68333	-5.00000e+00	
					         1.68500	-4.00000e+00	
					         1.68667	-4.00000e+00	
					         1.68833	-4.00000e+00	
					         1.69000	-4.00000e+00	
					         1.69167	-4.00000e+00	
					         1.69333	-4.00000e+00	
					         1.69500	-5.00000e+00	
					         1.69667	-5.00000e+00	
					         1.69833	-5.00000e+00	
					         1.70000	-5.00000e+00	
					         1.70167	-5.00000e+00	
					         1.70333	-6.00000e+00	
					         1.70500	-6.00000e+00	
					         1.70667	-6.00000e+00	
					         1.70833	-7.00000e+00	
					         1.71000	-7.00000e+00	
					         1.71167	-7.00000e+00	
					         1.71333	-7.00000e+00	
					         1.71500	-8.00000e+00	
					         1.71667	-8.00000e+00	
					         1.71833	-8.00000e+00	
					         1.72000	-8.00000e+00	
					         1.72167	-8.00000e+00	
					         1.72333	-8.00000e+00	
					         1.72500	-8.00000e+00	
					         1.72667	-8.00000e+00	
					         1.72833	-8.00000e+00	
					         1.73000	-7.00000e+00	
					         1.73167	-7.00000e+00	
					         1.73333	-7.00000e+00	
					         1.73500	-6.00000e+00	
					         1.73667	-6.00000e+00	
					         1.73833	-5.00000e+00	
					         1.74000	-5.00000e+00	
					         1.74167	-5.00000e+00	
					         1.74333	-4.00000e+00	
					         1.74500	-4.00000e+00	
					         1.74667	-4.00000e+00	
					         1.74833	-4.00000e+00	
					         1.75000	-4.00000e+00	
					         1.75167	-4.00000e+00	
					         1.75333	-3.00000e+00	
					         1.75500	-3.00000e+00	
					         1.75667	-3.00000e+00	
					         1.75833	-3.00000e+00	
					         1.76000	-3.00000e+00	
					         1.76167	-3.00000e+00	
					         1.76333	-2.00000e+00	
					         1.76500	-2.00000e+00	
					         1.76667	-2.00000e+00	
					         1.76833	-2.00000e+00	
					         1.77000	-1.00000e+00	
					         1.77167	-1.00000e+00	
					         1.77333	-1.00000e+00	
					         1.77500	-1.00000e+00	
					         1.77667	-1.00000e+00	
					         1.77833	-1.00000e+00	
					         1.78000	-1.00000e+00	
					         1.78167	-1.00000e+00	
					         1.78333	-2.00000e+00	
					         1.78500	-2.00000e+00	
					         1.78667	-2.00000e+00	
					         1.78833	-2.00000e+00	
					         1.79000	-2.00000e+00	
					         1.79167	-2.00000e+00	
					         1.79333	-2.00000e+00	
					         1.79500	-2.00000e+00	
					         1.79667	-2.00000e+00	
					         1.79833	-1.00000e+00	
					         1.80000	-1.00000e+00	
					         1.80167	-1.00000e+00	
					         1.80333	-1.00000e+00	
					         1.80500	-1.00000e+00	
					         1.80667	-1.00000e+00	
					         1.80833	0.00000e+00	
					         1.81000	0.00000e+00	
					         1.81167	-1.00000e+00	
					         1.81333	-1.00000e+00	
					         1.81500	-1.00000e+00	
					         1.81667	-1.00000e+00	
					         1.81833	-1.00000e+00	
					         1.82000	-1.00000e+00	
					         1.82167	-1.00000e+00	
					         1.82333	-1.00000e+00	
					         1.82500	-1.00000e+00	
					         1.82667	-1.00000e+00	
					         1.82833	0.00000e+00	
					         1.83000	0.00000e+00	
					         1.83167	0.00000e+00	
					         1.83333	0.00000e+00	
					         1.83500	0.00000e+00	
					         1.83667	0.00000e+00	
					         1.83833	0.00000e+00	
					         1.84000	0.00000e+00	
					         1.84167	0.00000e+00	
					         1.84333	0.00000e+00	
					         1.84500	0.00000e+00	
					         1.84667	-1.00000e+00	
					         1.84833	-1.00000e+00	
					         1.85000	-1.00000e+00	
					         1.85167	-1.00000e+00	
					         1.85333	-2.00000e+00	
					         1.85500	-2.00000e+00	
					         1.85667	-2.00000e+00	
					         1.85833	-2.00000e+00	
					         1.86000	-2.00000e+00	
					         1.86167	-2.00000e+00	
					         1.86333	-1.00000e+00	
					         1.86500	-1.00000e+00	
					         1.86667	-1.00000e+00	
					         1.86833	-1.00000e+00	
					         1.87000	0.00000e+00	
					         1.87167	0.00000e+00	
					         1.87333	0.00000e+00	
					         1.87500	1.00000e+00	
					         1.87667	1.00000e+00	
					         1.87833	1.00000e+00	
					         1.88000	1.00000e+00	
					         1.88167	1.00000e+00	
					         1.88333	1.00000e+00	
					         1.88500	2.00000e+00	
					         1.88667	2.00000e+00	
					         1.88833	2.00000e+00	
					         1.89000	2.00000e+00	
					         1.89167	2.00000e+00	
					         1.89333	2.00000e+00	
					         1.89500	2.00000e+00	
					         1.89667	2.00000e+00	
					         1.89833	2.00000e+00	
					         1.90000	2.00000e+00	
					         1.90167	2.00000e+00	
					         1.90333	2.00000e+00	
					         1.90500	2.00000e+00	
					         1.90667	1.00000e+00	
					         1.90833	1.00000e+00	
					         1.91000	1.00000e+00	
					         1.91167	1.00000e+00	
					         1.91333	1.00000e+00	
					         1.91500	0.00000e+00	
					         1.91667	0.00000e+00	
					         1.91833	0.00000e+00	
					         1.92000	0.00000e+00	
					         1.92167	0.00000e+00	
					         1.92333	0.00000e+00	
					         1.92500	-1.00000e+00	
					         1.92667	-1.00000e+00	
					         1.92833	-1.00000e+00	
					         1.93000	-1.00000e+00	
					         1.93167	-1.00000e+00	
					         1.93333	-1.00000e+00	
					         1.93500	-1.00000e+00	
					         1.93667	-1.00000e+00	
					         1.93833	-1.00000e+00	
					         1.94000	-1.00000e+00	
					         1.94167	-1.00000e+00	
					         1.94333	0.00000e+00	
					         1.94500	0.00000e+00	
					         1.94667	0.00000e+00	
					         1.94833	1.00000e+00	
					         1.95000	1.00000e+00	
					         1.95167	1.00000e+00	
					         1.95333	2.00000e+00	
					         1.95500	2.00000e+00	
					         1.95667	2.00000e+00	
					         1.95833	2.00000e+00	
					         1.96000	2.00000e+00	
					         1.96167	2.00000e+00	
					         1.96333	2.00000e+00	
					         1.96500	2.00000e+00	
					         1.96667	2.00000e+00	
					         1.96833	1.00000e+00	
					         1.97000	1.00000e+00	
					         1.97167	0.00000e+00	
					         1.97333	0.00000e+00	
					         1.97500	0.00000e+00	
					         1.97667	-1.00000e+00	
					         1.97833	-1.00000e+00	
					         1.98000	-2.00000e+00	
					         1.98167	-2.00000e+00	
					         1.98333	-2.00000e+00	
					         1.98500	-2.00000e+00	
					         1.98667	-2.00000e+00	
					         1.98833	-2.00000e+00	
					         1.99000	-2.00000e+00	
					         1.99167	-2.00000e+00	
					         1.99333	-2.00000e+00	
					         1.99500	-2.00000e+00	
					         1.99667	-2.00000e+00	
					         1.99833	-2.00000e+00	
					         2.00000	-2.00000e+00	
					         2.00167	-2.00000e+00	
					         2.00333	-1.00000e+00	
					         2.00500	-1.00000e+00	
					         2.00667	-1.00000e+00	
					         2.00833	-1.00000e+00	
					         2.01000	-1.00000e+00	
					         2.01167	-1.00000e+00	
					         2.01333	-1.00000e+00	
					         2.01500	-1.00000e+00	
					         2.01667	-1.00000e+00	
					         2.01833	-1.00000e+00	
					         2.02000	-1.00000e+00	
					         2.02167	-1.00000e+00	
					         2.02333	-1.00000e+00	
					         2.02500	0.00000e+00	
					         2.02667	0.00000e+00	
					         2.02833	1.00000e+00	
					         2.03000	1.00000e+00	
					         2.03167	2.00000e+00	
					         2.03333	3.00000e+00	
					         2.03500	4.00000e+00	
					         2.03667	4.00000e+00	
					         2.03833	5.00000e+00	
					         2.04000	5.00000e+00	
					         2.04167	6.00000e+00	
					         2.04333	6.00000e+00	
					         2.04500	6.00000e+00	
					         2.04667	6.00000e+00	
					         2.04833	6.00000e+00	
					         2.05000	5.00000e+00	
					         2.05167	5.00000e+00	
					         2.05333	5.00000e+00	
					         2.05500	5.00000e+00	
					         2.05667	5.00000e+00	
					         2.05833	5.00000e+00	
					         2.06000	5.00000e+00	
					         2.06167	5.00000e+00	
					         2.06333	5.00000e+00	
					         2.06500	5.00000e+00	
					         2.06667	6.00000e+00	
					         2.06833	6.00000e+00	
					         2.07000	6.00000e+00	
					         2.07167	6.00000e+00	
					         2.07333	5.00000e+00	
					         2.07500	5.00000e+00	
					         2.07667	5.00000e+00	
					         2.07833	4.00000e+00	
					         2.08000	3.00000e+00	
					         2.08167	2.00000e+00	
					         2.08333	1.00000e+00	
					         2.08500	0.00000e+00	
					         2.08667	-2.00000e+00	
					         2.08833	-3.00000e+00	
					         2.09000	-4.00000e+00	
					         2.09167	-5.00000e+00	
					         2.09333	-5.00000e+00	
					         2.09500	-6.00000e+00	
					         2.09667	-7.00000e+00	
					         2.09833	-7.00000e+00	
					         2.10000	-7.00000e+00	
					         2.10167	-8.00000e+00	
					         2.10333	-8.00000e+00	
					         2.10500	-8.00000e+00	
					         2.10667	-8.00000e+00	
					         2.10833	-8.00000e+00	
					         2.11000	-8.00000e+00	
					         2.11167	-8.00000e+00	
					         2.11333	-8.00000e+00	
					         2.11500	-8.00000e+00	
					         2.11667	-8.00000e+00	
					         2.11833	-8.00000e+00	
					         2.12000	-8.00000e+00	
					         2.12167	-8.00000e+00	
					         2.12333	-8.00000e+00	
					         2.12500	-8.00000e+00	
					         2.12667	-9.00000e+00	
					         2.12833	-9.00000e+00	
					         2.13000	-9.00000e+00	
					         2.13167	-1.00000e+01	
					         2.13333	-1.00000e+01	
					         2.13500	-1.10000e+01	
					         2.13667	-1.10000e+01	
					         2.13833	-1.10000e+01	
					         2.14000	-1.20000e+01	
					         2.14167	-1.20000e+01	
					         2.14333	-1.30000e+01	
					         2.14500	-1.40000e+01	
					         2.14667	-1.50000e+01	
					         2.14833	-1.60000e+01	
					         2.15000	-1.80000e+01	
					         2.15167	-1.90000e+01	
					         2.15333	-2.10000e+01	
					         2.15500	-2.20000e+01	
					         2.15667	-2.30000e+01	
					         2.15833	-2.50000e+01	
					         2.16000	-2.50000e+01	
					         2.16167	-2.50000e+01	
					         2.16333	-2.50000e+01	
					         2.16500	-2.30000e+01	
					         2.16667	-2.10000e+01	
					         2.16833	-1.70000e+01	
					         2.17000	-1.30000e+01	
					         2.17167	-7.00000e+00	
					         2.17333	-1.00000e+00	
					         2.17500	8.00000e+00	
					         2.17667	1.70000e+01	
					         2.17833	2.80000e+01	
					         2.18000	4.00000e+01	
					         2.18167	5.30000e+01	
					         2.18333	6.60000e+01	
					         2.18500	8.00000e+01	
					         2.18667	9.20000e+01	
					         2.18833	1.04000e+02	
					         2.19000	1.15000e+02	
					         2.19167	1.23000e+02	
					         2.19333	1.29000e+02	
					         2.19500	1.33000e+02	
					         2.19667	1.34000e+02	
					         2.19833	1.31000e+02	
					         2.20000	1.26000e+02	
					         2.20167	1.18000e+02	
					         2.20333	1.08000e+02	
					         2.20500	9.70000e+01	
					         2.20667	8.30000e+01	
					         2.20833	7.00000e+01	
					         2.21000	5.60000e+01	
					         2.21167	4.20000e+01	
					         2.21333	2.90000e+01	
					         2.21500	1.70000e+01	
					         2.21667	5.00000e+00	
					         2.21833	-5.00000e+00	
					         2.22000	-1.40000e+01	
					         2.22167	-2.20000e+01	
					         2.22333	-2.90000e+01	
					         2.22500	-3.50000e+01	
					         2.22667	-3.90000e+01	
					         2.22833	-4.30000e+01	
					         2.23000	-4.50000e+01	
					         2.23167	-4.70000e+01	
					         2.23333	-4.80000e+01	
					         2.23500	-4.80000e+01	
					         2.23667	-4.80000e+01	
					         2.23833	-4.70000e+01	
					         2.24000	-4.60000e+01	
					         2.24167	-4.50000e+01	
					         2.24333	-4.30000e+01	
					         2.24500	-4.20000e+01	
					         2.24667	-4.00000e+01	
					         2.24833	-3.90000e+01	
					         2.25000	-3.70000e+01	
					         2.25167	-3.60000e+01	
					         2.25333	-3.40000e+01	
					         2.25500	-3.30000e+01	
					         2.25667	-3.20000e+01	
					         2.25833	-3.10000e+01	
					         2.26000	-3.00000e+01	
					         2.26167	-2.90000e+01	
					         2.26333	-2.90000e+01	
					         2.26500	-2.90000e+01	
					         2.26667	-2.80000e+01	
					         2.26833	-2.80000e+01	
					         2.27000	-2.80000e+01	
					         2.27167	-2.80000e+01	
					         2.27333	-2.80000e+01	
					         2.27500	-2.70000e+01	
					         2.27667	-2.70000e+01	
					         2.27833	-2.70000e+01	
					         2.28000	-2.60000e+01	
					         2.28167	-2.50000e+01	
					         2.28333	-2.40000e+01	
					         2.28500	-2.40000e+01	
					         2.28667	-2.30000e+01	
					         2.28833	-2.20000e+01	
					         2.29000	-2.10000e+01	
					         2.29167	-2.00000e+01	
					         2.29333	-2.00000e+01	
					         2.29500	-1.90000e+01	
					         2.29667	-1.90000e+01	
					         2.29833	-1.80000e+01	
					         2.30000	-1.80000e+01	
					         2.30167	-1.80000e+01	
					         2.30333	-1.70000e+01	
					         2.30500	-1.70000e+01	
					         2.30667	-1.70000e+01	
					         2.30833	-1.70000e+01	
					         2.31000	-1.70000e+01	
					         2.31167	-1.70000e+01	
					         2.31333	-1.70000e+01	
					         2.31500	-1.70000e+01	
					         2.31667	-1.70000e+01	
					         2.31833	-1.70000e+01	
					         2.32000	-1.70000e+01	
					         2.32167	-1.70000e+01	
					         2.32333	-1.70000e+01	
					         2.32500	-1.70000e+01	
					         2.32667	-1.60000e+01	
					         2.32833	-1.60000e+01	
					         2.33000	-1.60000e+01	
					         2.33167	-1.60000e+01	
					         2.33333	-1.50000e+01	
					         2.33500	-1.50000e+01	
					         2.33667	-1.40000e+01	
					         2.33833	-1.40000e+01	
					         2.34000	-1.30000e+01	
					         2.34167	-1.30000e+01	
					         2.34333	-1.20000e+01	
					         2.34500	-1.10000e+01	
					         2.34667	-1.10000e+01	
					         2.34833	-1.00000e+01	
					         2.35000	-9.00000e+00	
					         2.35167	-8.00000e+00	
					         2.35333	-8.00000e+00	
					         2.35500	-7.00000e+00	
					         2.35667	-7.00000e+00	
					         2.35833	-7.00000e+00	
					         2.36000	-6.00000e+00	
					         2.36167	-6.00000e+00	
					         2.36333	-7.00000e+00	
					         2.36500	-7.00000e+00	
					         2.36667	-7.00000e+00	
					         2.36833	-7.00000e+00	
					         2.37000	-7.00000e+00	
					         2.37167	-8.00000e+00	
					         2.37333	-8.00000e+00	
					         2.37500	-8.00000e+00	
					         2.37667	-7.00000e+00	
					         2.37833	-7.00000e+00	
					         2.38000	-7.00000e+00	
					         2.38167	-7.00000e+00	
					         2.38333	-6.00000e+00	
					         2.38500	-6.00000e+00	
					         2.38667	-5.00000e+00	
					         2.38833	-5.00000e+00	
					         2.39000	-4.00000e+00	
					         2.39167	-4.00000e+00	
					         2.39333	-3.00000e+00	
					         2.39500	-3.00000e+00	
					         2.39667	-2.00000e+00	
					         2.39833	-1.00000e+00	
					         2.40000	0.00000e+00	
					         2.40167	0.00000e+00	
					         2.40333	1.00000e+00	
					         2.40500	2.00000e+00	
					         2.40667	2.00000e+00	
					         2.40833	3.00000e+00	
					         2.41000	3.00000e+00	
					         2.41167	4.00000e+00	
					         2.41333	4.00000e+00	
					         2.41500	4.00000e+00	
					         2.41667	5.00000e+00	
					         2.41833	5.00000e+00	
					         2.42000	6.00000e+00	
					         2.42167	6.00000e+00	
					         2.42333	7.00000e+00	
					         2.42500	8.00000e+00	
					         2.42667	8.00000e+00	
					         2.42833	9.00000e+00	
					         2.43000	1.00000e+01	
					         2.43167	1.10000e+01	
					         2.43333	1.10000e+01	
					         2.43500	1.20000e+01	
					         2.43667	1.30000e+01	
					         2.43833	1.30000e+01	
					         2.44000	1.30000e+01	
					         2.44167	1.40000e+01	
					         2.44333	1.40000e+01	
					         2.44500	1.40000e+01	
					         2.44667	1.40000e+01	
					         2.44833	1.50000e+01	
					         2.45000	1.50000e+01	
					         2.45167	1.50000e+01	
					         2.45333	1.60000e+01	
					         2.45500	1.60000e+01	
					         2.45667	1.70000e+01	
					         2.45833	1.70000e+01	
					         2.46000	1.80000e+01	
					         2.46167	1.90000e+01	
					         2.46333	2.00000e+01	
					         2.46500	2.00000e+01	
					         2.46667	2.10000e+01	
					         2.46833	2.20000e+01	
					         2.47000	2.20000e+01	
					         2.47167	2.30000e+01	
					         2.47333	2.40000e+01	
					         2.47500	2.40000e+01	
					         2.47667	2.50000e+01	
					         2.47833	2.50000e+01	
					         2.48000	2.60000e+01	
					         2.48167	2.60000e+01	
					         2.48333	2.60000e+01	
					         2.48500	2.60000e+01	
					         2.48667	2.60000e+01	
					         2.48833	2.60000e+01	
					         2.49000	2.50000e+01	
					         2.49167	2.50000e+01	
					         2.49333	2.40000e+01	
					         2.49500	2.40000e+01	
					         2.49667	2.30000e+01	
					         2.49833	2.30000e+01	
					         2.50000	2.20000e+01	
					         2.50167	2.20000e+01	
					         2.50333	2.20000e+01	
					         2.50500	2.20000e+01	
					         2.50667	2.10000e+01	
					         2.50833	2.10000e+01	
					         2.51000	2.10000e+01	
					         2.51167	2.10000e+01	
					         2.51333	2.00000e+01	
					         2.51500	2.00000e+01	
					         2.51667	1.90000e+01	
					         2.51833	1.80000e+01	
					         2.52000	1.70000e+01	
					         2.52167	1.60000e+01	
					         2.52333	1.50000e+01	
					         2.52500	1.40000e+01	
					         2.52667	1.20000e+01	
					         2.52833	1.10000e+01	
					         2.53000	9.00000e+00	
					         2.53167	7.00000e+00	
					         2.53333	6.00000e+00	
					         2.53500	4.00000e+00	
					         2.53667	2.00000e+00	
					         2.53833	1.00000e+00	
					         2.54000	0.00000e+00	
					         2.54167	-2.00000e+00	
					         2.54333	-3.00000e+00	
					         2.54500	-4.00000e+00	
					         2.54667	-6.00000e+00	
					         2.54833	-7.00000e+00	
					         2.55000	-8.00000e+00	
					         2.55167	-9.00000e+00	
					         2.55333	-1.00000e+01	
					         2.55500	-1.20000e+01	
					         2.55667	-1.30000e+01	
					         2.55833	-1.40000e+01	
					         2.56000	-1.50000e+01	
					         2.56167	-1.60000e+01	
					         2.56333	-1.60000e+01	
					         2.56500	-1.70000e+01	
					         2.56667	-1.80000e+01	
					         2.56833	-1.80000e+01	
					         2.57000	-1.80000e+01	
					         2.57167	-1.80000e+01	
					         2.57333	-1.90000e+01	
					         2.57500	-1.90000e+01	
					         2.57667	-1.90000e+01	
					         2.57833	-1.90000e+01	
					         2.58000	-1.90000e+01	
					         2.58167	-1.90000e+01	
					         2.58333	-1.90000e+01	
					         2.58500	-1.90000e+01	
					         2.58667	-1.90000e+01	
					         2.58833	-1.90000e+01	
					         2.59000	-1.90000e+01	
					         2.59167	-1.90000e+01	
					         2.59333	-2.00000e+01	
					         2.59500	-2.00000e+01	
					         2.59667	-2.00000e+01	
					         2.59833	-2.00000e+01	
					         2.60000	-2.00000e+01	
					         2.60167	-2.00000e+01	
					         2.60333	-2.00000e+01	
					         2.60500	-2.00000e+01	
					         2.60667	-2.00000e+01	
					         2.60833	-2.00000e+01	
					         2.61000	-2.00000e+01	
					         2.61167	-2.00000e+01	
					         2.61333	-2.00000e+01	
					         2.61500	-1.90000e+01	
					         2.61667	-1.80000e+01	
					         2.61833	-1.80000e+01	
					         2.62000	-1.70000e+01	
					         2.62167	-1.60000e+01	
					         2.62333	-1.50000e+01	
					         2.62500	-1.40000e+01	
					         2.62667	-1.30000e+01	
					         2.62833	-1.20000e+01	
					         2.63000	-1.10000e+01	
					         2.63167	-1.00000e+01	
					         2.63333	-1.00000e+01	
					         2.63500	-9.00000e+00	
					         2.63667	-9.00000e+00	
					         2.63833	-8.00000e+00	
					         2.64000	-8.00000e+00	
					         2.64167	-8.00000e+00	
					         2.64333	-8.00000e+00	
					         2.64500	-8.00000e+00	
					         2.64667	-8.00000e+00	
					         2.64833	-7.00000e+00	
					         2.65000	-7.00000e+00	
					         2.65167	-7.00000e+00	
					         2.65333	-7.00000e+00	
					         2.65500	-7.00000e+00	
					         2.65667	-7.00000e+00	
					         2.65833	-7.00000e+00	
					         2.66000	-7.00000e+00	
					         2.66167	-7.00000e+00	
					         2.66333	-7.00000e+00	
					         2.66500	-7.00000e+00	
					         2.66667	-7.00000e+00	
					         2.66833	-7.00000e+00	
					         2.67000	-8.00000e+00	
					         2.67167	-8.00000e+00	
					         2.67333	-8.00000e+00	
					         2.67500	-8.00000e+00	
					         2.67667	-8.00000e+00	
					         2.67833	-8.00000e+00	
					         2.68000	-8.00000e+00	
					         2.68167	-8.00000e+00	
					         2.68333	-8.00000e+00	
					         2.68500	-8.00000e+00	
					         2.68667	-8.00000e+00	
					         2.68833	-8.00000e+00	
					         2.69000	-8.00000e+00	
					         2.69167	-8.00000e+00	
					         2.69333	-9.00000e+00	
					         2.69500	-9.00000e+00	
					         2.69667	-9.00000e+00	
					         2.69833	-9.00000e+00	
					         2.70000	-9.00000e+00	
					         2.70167	-9.00000e+00	
					         2.70333	-9.00000e+00	
					         2.70500	-9.00000e+00	
					         2.70667	-8.00000e+00	
					         2.70833	-8.00000e+00	
					         2.71000	-7.00000e+00	
					         2.71167	-7.00000e+00	
					         2.71333	-6.00000e+00	
					         2.71500	-6.00000e+00	
					         2.71667	-5.00000e+00	
					         2.71833	-4.00000e+00	
					         2.72000	-4.00000e+00	
					         2.72167	-3.00000e+00	
					         2.72333	-3.00000e+00	
					         2.72500	-3.00000e+00	
					         2.72667	-2.00000e+00	
					         2.72833	-2.00000e+00	
					         2.73000	-1.00000e+00	
					         2.73167	-1.00000e+00	
					         2.73333	-1.00000e+00	
					         2.73500	-1.00000e+00	
					         2.73667	-1.00000e+00	
					         2.73833	-1.00000e+00	
					         2.74000	-1.00000e+00	
					         2.74167	-1.00000e+00	
					         2.74333	-2.00000e+00	
					         2.74500	-2.00000e+00	
					         2.74667	-3.00000e+00	
					         2.74833	-3.00000e+00	
					         2.75000	-4.00000e+00	
					         2.75167	-4.00000e+00	
					         2.75333	-5.00000e+00	
					         2.75500	-5.00000e+00	
					         2.75667	-6.00000e+00	
					         2.75833	-6.00000e+00	
					         2.76000	-7.00000e+00	
					         2.76167	-7.00000e+00	
					         2.76333	-7.00000e+00	
					         2.76500	-7.00000e+00	
					         2.76667	-7.00000e+00	
					         2.76833	-7.00000e+00	
					         2.77000	-6.00000e+00	
					         2.77167	-6.00000e+00	
					         2.77333	-6.00000e+00	
					         2.77500	-6.00000e+00	
					         2.77667	-6.00000e+00	
					         2.77833	-6.00000e+00	
					         2.78000	-5.00000e+00	
					         2.78167	-5.00000e+00	
					         2.78333	-5.00000e+00	
					         2.78500	-5.00000e+00	
					         2.78667	-5.00000e+00	
					         2.78833	-5.00000e+00	
					         2.79000	-5.00000e+00	
					         2.79167	-5.00000e+00	
					         2.79333	-5.00000e+00	
					         2.79500	-5.00000e+00	
					         2.79667	-5.00000e+00	
					         2.79833	-5.00000e+00	
					         2.80000	-4.00000e+00	
					         2.80167	-4.00000e+00	
					         2.80333	-4.00000e+00	
					         2.80500	-4.00000e+00	
					         2.80667	-4.00000e+00	
					         2.80833	-4.00000e+00	
					         2.81000	-4.00000e+00	
					         2.81167	-3.00000e+00	
					         2.81333	-3.00000e+00	
					         2.81500	-3.00000e+00	
					         2.81667	-2.00000e+00	
					         2.81833	-2.00000e+00	
					         2.82000	-2.00000e+00	
					         2.82167	-2.00000e+00	
					         2.82333	-2.00000e+00	
					         2.82500	-1.00000e+00	
					         2.82667	-1.00000e+00	
					         2.82833	-1.00000e+00	
					         2.83000	-1.00000e+00	
					         2.83167	-1.00000e+00	
					         2.83333	-1.00000e+00	
					         2.83500	-1.00000e+00	
					         2.83667	0.00000e+00	
					         2.83833	0.00000e+00	
					         2.84000	0.00000e+00	
					         2.84167	0.00000e+00	
					         2.84333	0.00000e+00	
					         2.84500	0.00000e+00	
					         2.84667	-1.00000e+00	
					         2.84833	-1.00000e+00	
					         2.85000	-1.00000e+00	
					         2.85167	-1.00000e+00	
					         2.85333	-1.00000e+00	
					         2.85500	-1.00000e+00	
					         2.85667	-2.00000e+00	
					         2.85833	-2.00000e+00	
					         2.86000	-2.00000e+00	
					         2.86167	-2.00000e+00	
					         2.86333	-2.00000e+00	
					         2.86500	-2.00000e+00	
					         2.86667	-1.00000e+00	
					         2.86833	-1.00000e+00	
					         2.87000	-1.00000e+00	
					         2.87167	-1.00000e+00	
					         2.87333	-1.00000e+00	
					         2.87500	0.00000e+00	
					         2.87667	0.00000e+00	
					         2.87833	0.00000e+00	
					         2.88000	0.00000e+00	
					         2.88167	0.00000e+00	
					         2.88333	0.00000e+00	
					         2.88500	1.00000e+00	
					         2.88667	1.00000e+00	
					         2.88833	1.00000e+00	
					         2.89000	0.00000e+00	
					         2.89167	0.00000e+00	
					         2.89333	0.00000e+00	
					         2.89500	0.00000e+00	
					         2.89667	0.00000e+00	
					         2.89833	-1.00000e+00	
					         2.90000	-1.00000e+00	
					         2.90167	-2.00000e+00	
					         2.90333	-2.00000e+00	
					         2.90500	-3.00000e+00	
					         2.90667	-3.00000e+00	
					         2.90833	-3.00000e+00	
					         2.91000	-4.00000e+00	
					         2.91167	-4.00000e+00	
					         2.91333	-4.00000e+00	
					         2.91500	-4.00000e+00	
					         2.91667	-4.00000e+00	
					         2.91833	-4.00000e+00	
					         2.92000	-4.00000e+00	
					         2.92167	-4.00000e+00	
					         2.92333	-4.00000e+00	
					         2.92500	-4.00000e+00	
					         2.92667	-4.00000e+00	
					         2.92833	-4.00000e+00	
					         2.93000	-5.00000e+00	
					         2.93167	-5.00000e+00	
					         2.93333	-5.00000e+00	
					         2.93500	-5.00000e+00	
					         2.93667	-5.00000e+00	
					         2.93833	-6.00000e+00	
					         2.94000	-6.00000e+00	
					         2.94167	-6.00000e+00	
					         2.94333	-6.00000e+00	
					         2.94500	-6.00000e+00	
					         2.94667	-6.00000e+00	
					         2.94833	-6.00000e+00	
					         2.95000	-6.00000e+00	
					         2.95167	-6.00000e+00	
					         2.95333	-6.00000e+00	
					         2.95500	-6.00000e+00	
					         2.95667	-5.00000e+00	
					         2.95833	-5.00000e+00	
					         2.96000	-5.00000e+00	
					         2.96167	-5.00000e+00	
					         2.96333	-5.00000e+00	
					         2.96500	-4.00000e+00	
					         2.96667	-4.00000e+00	
					         2.96833	-4.00000e+00	
					         2.97000	-3.00000e+00	
					         2.97167	-3.00000e+00	
					         2.97333	-2.00000e+00	
					         2.97500	-2.00000e+00	
					         2.97667	-1.00000e+00	
					         2.97833	-1.00000e+00	
					         2.98000	-1.00000e+00	
					         2.98167	-1.00000e+00	
					         2.98333	-1.00000e+00	
					         2.98500	-1.00000e+00	
					         2.98667	-1.00000e+00	
					         2.98833	-1.00000e+00	
					         2.99000	-2.00000e+00	
					         2.99167	-2.00000e+00	
					         2.99333	-3.00000e+00	
					         2.99500	-3.00000e+00	
					         2.99667	-4.00000e+00	
					         2.99833	-4.00000e+00	
					         3.00000	-5.00000e+00	
					         3.00167	-5.00000e+00	
					         3.00333	-5.00000e+00	
					         3.00500	-6.00000e+00	
					         3.00667	-5.00000e+00	
					         3.00833	-5.00000e+00	
					         3.01000	-5.00000e+00	
					         3.01167	-5.00000e+00	
					         3.01333	-5.00000e+00	
					         3.01500	-4.00000e+00	
					         3.01667	-4.00000e+00	
					         3.01833	-4.00000e+00	
					         3.02000	-3.00000e+00	
					         3.02167	-3.00000e+00	
					         3.02333	-3.00000e+00	
					         3.02500	-2.00000e+00	
					         3.02667	-2.00000e+00	
					         3.02833	-2.00000e+00	
					         3.03000	-2.00000e+00	
					         3.03167	-1.00000e+00	
					         3.03333	-1.00000e+00	
					         3.03500	0.00000e+00	
					         3.03667	0.00000e+00	
					         3.03833	0.00000e+00	
					         3.04000	0.00000e+00	
					         3.04167	0.00000e+00	
					         3.04333	0.00000e+00	
					         3.04500	0.00000e+00	
					         3.04667	0.00000e+00	
					         3.04833	0.00000e+00	
					         3.05000	-1.00000e+00	
					         3.05167	-1.00000e+00	
					         3.05333	-1.00000e+00	
					         3.05500	-2.00000e+00	
					         3.05667	-2.00000e+00	
					         3.05833	-2.00000e+00	
					         3.06000	-2.00000e+00	
					         3.06167	-2.00000e+00	
					         3.06333	-2.00000e+00	
					         3.06500	-2.00000e+00	
					         3.06667	-2.00000e+00	
					         3.06833	-2.00000e+00	
					         3.07000	-2.00000e+00	
					         3.07167	-2.00000e+00	
					         3.07333	-1.00000e+00	
					         3.07500	-1.00000e+00	
					         3.07667	-1.00000e+00	
					         3.07833	-1.00000e+00	
					         3.08000	-1.00000e+00	
					         3.08167	-1.00000e+00	
					         3.08333	-1.00000e+00	
					         3.08500	-1.00000e+00	
					         3.08667	-1.00000e+00	
					         3.08833	-1.00000e+00	
					         3.09000	-1.00000e+00	
					         3.09167	-1.00000e+00	
					         3.09333	-1.00000e+00	
					         3.09500	-1.00000e+00	
					         3.09667	-1.00000e+00	
					         3.09833	-1.00000e+00	
					         3.10000	-1.00000e+00	
					         3.10167	-1.00000e+00	
					         3.10333	0.00000e+00	
					         3.10500	0.00000e+00	
					         3.10667	0.00000e+00	
					         3.10833	1.00000e+00	
					         3.11000	1.00000e+00	
					         3.11167	2.00000e+00	
					         3.11333	2.00000e+00	
					         3.11500	3.00000e+00	
					         3.11667	3.00000e+00	
					         3.11833	4.00000e+00	
					         3.12000	5.00000e+00	
					         3.12167	5.00000e+00	
					         3.12333	6.00000e+00	
					         3.12500	7.00000e+00	
					         3.12667	7.00000e+00	
					         3.12833	8.00000e+00	
					         3.13000	8.00000e+00	
					         3.13167	9.00000e+00	
					         3.13333	9.00000e+00	
					         3.13500	9.00000e+00	
					         3.13667	9.00000e+00	
					         3.13833	9.00000e+00	
					         3.14000	9.00000e+00	
					         3.14167	9.00000e+00	
					         3.14333	8.00000e+00	
					         3.14500	7.00000e+00	
					         3.14667	7.00000e+00	
					         3.14833	6.00000e+00	
					         3.15000	6.00000e+00	
					         3.15167	5.00000e+00	
					         3.15333	5.00000e+00	
					         3.15500	4.00000e+00	
					         3.15667	4.00000e+00	
					         3.15833	4.00000e+00	
					         3.16000	4.00000e+00	
					         3.16167	4.00000e+00	
					         3.16333	4.00000e+00	
					         3.16500	4.00000e+00	
					         3.16667	4.00000e+00	
					         3.16833	4.00000e+00	
					         3.17000	5.00000e+00	
					         3.17167	5.00000e+00	
					         3.17333	5.00000e+00	
					         3.17500	5.00000e+00	
					         3.17667	5.00000e+00	
					         3.17833	5.00000e+00	
					         3.18000	5.00000e+00	
					         3.18167	5.00000e+00	
					         3.18333	4.00000e+00	
					         3.18500	3.00000e+00	
					         3.18667	2.00000e+00	
					         3.18833	1.00000e+00	
					         3.19000	-1.00000e+00	
					         3.19167	-2.00000e+00	
					         3.19333	-4.00000e+00	
					         3.19500	-6.00000e+00	
					         3.19667	-7.00000e+00	
					         3.19833	-9.00000e+00	
					         3.20000	-1.00000e+01	
					         3.20167	-1.10000e+01	
					         3.20333	-1.10000e+01	
					         3.20500	-1.20000e+01	
					         3.20667	-1.20000e+01	
					         3.20833	-1.20000e+01	
					         3.21000	-1.20000e+01	
					         3.21167	-1.20000e+01	
					         3.21333	-1.20000e+01	
					         3.21500	-1.10000e+01	
					         3.21667	-1.10000e+01	
					         3.21833	-1.10000e+01	
					         3.22000	-1.00000e+01	
					         3.22167	-1.00000e+01	
					         3.22333	-1.00000e+01	
					         3.22500	-9.00000e+00	
					         3.22667	-9.00000e+00	
					         3.22833	-9.00000e+00	
					         3.23000	-9.00000e+00	
					         3.23167	-9.00000e+00	
					         3.23333	-8.00000e+00	
					         3.23500	-8.00000e+00	
					         3.23667	-8.00000e+00	
					         3.23833	-8.00000e+00	
					         3.24000	-8.00000e+00	
					         3.24167	-8.00000e+00	
					         3.24333	-8.00000e+00	
					         3.24500	-9.00000e+00	
					         3.24667	-9.00000e+00	
					         3.24833	-9.00000e+00	
					         3.25000	-9.00000e+00	
					         3.25167	-1.00000e+01	
					         3.25333	-1.00000e+01	
					         3.25500	-1.10000e+01	
					         3.25667	-1.30000e+01	
					         3.25833	-1.40000e+01	
					         3.26000	-1.50000e+01	
					         3.26167	-1.70000e+01	
					         3.26333	-1.90000e+01	
					         3.26500	-2.00000e+01	
					         3.26667	-2.10000e+01	
					         3.26833	-2.20000e+01	
					         3.27000	-2.20000e+01	
					         3.27167	-2.20000e+01	
					         3.27333	-2.10000e+01	
					         3.27500	-2.00000e+01	
					         3.27667	-1.70000e+01	
					         3.27833	-1.30000e+01	
					         3.28000	-9.00000e+00	
					         3.28167	-3.00000e+00	
					         3.28333	3.00000e+00	
					         3.28500	1.10000e+01	
					         3.28667	1.90000e+01	
					         3.28833	2.90000e+01	
					         3.29000	4.00000e+01	
					         3.29167	5.20000e+01	
					         3.29333	6.50000e+01	
					         3.29500	7.70000e+01	
					         3.29667	9.00000e+01	
					         3.29833	1.01000e+02	
					         3.30000	1.12000e+02	
					         3.30167	1.20000e+02	
					         3.30333	1.27000e+02	
					         3.30500	1.32000e+02	
					         3.30667	1.34000e+02	
					         3.30833	1.33000e+02	
					         3.31000	1.29000e+02	
					         3.31167	1.23000e+02	
					         3.31333	1.15000e+02	
					         3.31500	1.04000e+02	
					         3.31667	9.20000e+01	
					         3.31833	7.90000e+01	
					         3.32000	6.60000e+01	
					         3.32167	5.30000e+01	
					         3.32333	4.00000e+01	
					         3.32500	2.80000e+01	
					         3.32667	1.70000e+01	
					         3.32833	6.00000e+00	
					         3.33000	-3.00000e+00	
					         3.33167	-1.10000e+01	
					         3.33333	-1.80000e+01	
					         3.33500	-2.40000e+01	
					         3.33667	-2.90000e+01	
					         3.33833	-3.30000e+01	
					         3.34000	-3.70000e+01	
					         3.34167	-3.90000e+01	
					         3.34333	-4.10000e+01	
					         3.34500	-4.30000e+01	
					         3.34667	-4.40000e+01	
					         3.34833	-4.40000e+01	
					         3.35000	-4.40000e+01	
					         3.35167	-4.40000e+01	
