Grayscale intensity, in dB

Time (s) :	Trace 1 : 	Trace 2 : 	Trace 3 : 		Ecg : 		
0.00157   	-1.77779e+01	-2.67139e+01	-3.00346e+01		         0.00000	2.33000e+02	
0.02045   	-1.55489e+01	-2.49029e+01	-2.80022e+01		         0.00167	2.40000e+02	
0.03934   	-1.43960e+01	-2.47778e+01	-3.15006e+01		         0.00333	2.41000e+02	
0.05822   	-1.32875e+01	-2.50826e+01	-3.11228e+01		         0.00500	2.36000e+02	
0.07714   	-1.34338e+01	-2.54482e+01	-3.24224e+01		         0.00667	2.25000e+02	
0.09599   	-1.35347e+01	-2.63031e+01	-3.21580e+01		         0.00833	2.09000e+02	
0.11488   	-1.44476e+01	-2.84590e+01	-3.31971e+01		         0.01000	1.87000e+02	
0.13376   	-1.31592e+01	-3.12307e+01	-3.49856e+01		         0.01167	1.61000e+02	
0.15265   	-1.15433e+01	-3.41242e+01	-3.30147e+01		         0.01333	1.32000e+02	
0.17153   	-1.11745e+01	-3.52536e+01	-3.37593e+01		         0.01500	1.01000e+02	
0.19041   	-1.20235e+01	-3.79441e+01	-3.48298e+01		         0.01667	6.80000e+01	
0.20929   	-1.32928e+01	-4.01722e+01	-3.60772e+01		         0.01833	3.60000e+01	
0.22818   	-1.57934e+01	-4.08733e+01	-3.62827e+01		         0.02000	5.00000e+00	
0.24706   	-1.65642e+01	-4.11597e+01	-3.53636e+01		         0.02167	-2.40000e+01	
0.26594   	-1.63381e+01	-4.05805e+01	-3.56582e+01		         0.02333	-5.00000e+01	
0.28483   	-1.69593e+01	-4.18448e+01	-3.66703e+01		         0.02500	-7.20000e+01	
0.30371   	-1.71526e+01	-4.31452e+01	-3.35745e+01		         0.02667	-9.00000e+01	
0.32259   	-1.74955e+01	-4.46769e+01	-3.36841e+01		         0.02833	-1.05000e+02	
0.34148   	-1.71854e+01	-4.49767e+01	-3.22105e+01		         0.03000	-1.17000e+02	
0.36036   	-1.73207e+01	-4.62630e+01	-3.26669e+01		         0.03167	-1.25000e+02	
0.37925   	-1.90937e+01	-4.66790e+01	-3.31430e+01		         0.03333	-1.31000e+02	
0.39813   	-2.08914e+01	-4.58647e+01	-3.35984e+01		         0.03500	-1.35000e+02	
0.41701   	-2.07699e+01	-4.63650e+01	-3.18125e+01		         0.03667	-1.38000e+02	
0.43590   	-1.95255e+01	-4.56793e+01	-3.10129e+01		         0.03833	-1.39000e+02	
0.45478   	-1.96107e+01	-4.60738e+01	-3.17769e+01		         0.04000	-1.39000e+02	
0.47366   	-2.00419e+01	-4.51144e+01	-3.19080e+01		         0.04167	-1.38000e+02	
0.49254   	-2.09570e+01	-4.42878e+01	-3.15660e+01		         0.04333	-1.37000e+02	
0.51143   	-2.21146e+01	-4.09721e+01	-3.09812e+01		         0.04500	-1.36000e+02	
0.53031   	-2.32309e+01	-3.90623e+01	-2.89317e+01		         0.04667	-1.34000e+02	
0.54920   	-2.32155e+01	-3.64613e+01	-2.88264e+01		         0.04833	-1.33000e+02	
0.56808   	-2.28504e+01	-3.48126e+01	-2.88541e+01		         0.05000	-1.31000e+02	
0.58696   	-2.18229e+01	-3.53686e+01	-2.84682e+01		         0.05167	-1.29000e+02	
0.60585   	-2.12330e+01	-3.48675e+01	-2.86534e+01		         0.05333	-1.27000e+02	
0.62499   	-2.10539e+01	-3.31585e+01	-2.77163e+01		         0.05500	-1.25000e+02	
0.64361   	-2.09417e+01	-3.24290e+01	-2.70503e+01		         0.05667	-1.23000e+02	
0.66250   	-2.14587e+01	-3.06410e+01	-2.61995e+01		         0.05833	-1.21000e+02	
0.68138   	-2.19494e+01	-2.99807e+01	-2.62665e+01		         0.06000	-1.18000e+02	
0.70026   	-2.21084e+01	-3.00016e+01	-2.60575e+01		         0.06167	-1.16000e+02	
0.71915   	-2.21168e+01	-3.00255e+01	-2.57608e+01		         0.06333	-1.14000e+02	
0.73803   	-2.14688e+01	-3.30657e+01	-2.60337e+01		         0.06500	-1.11000e+02	
0.75691   	-2.04695e+01	-3.41462e+01	-2.67837e+01		         0.06667	-1.08000e+02	
0.77580   	-2.10825e+01	-3.38908e+01	-2.70302e+01		         0.06833	-1.05000e+02	
0.79468   	-2.16747e+01	-3.57236e+01	-2.66608e+01		         0.07000	-1.02000e+02	
0.81357   	-2.07436e+01	-3.32318e+01	-2.72600e+01		         0.07167	-9.70000e+01	
0.83245   	-2.04244e+01	-3.11917e+01	-2.79548e+01		         0.07333	-9.20000e+01	
0.85133   	-1.90673e+01	-3.22525e+01	-3.11195e+01		         0.07500	-8.70000e+01	
0.87021   	-1.98510e+01	-3.13517e+01	-3.06699e+01		         0.07667	-8.10000e+01	
0.88910   	-1.94575e+01	-2.94631e+01	-2.77314e+01		         0.07833	-7.40000e+01	
0.90798   	-1.85464e+01	-3.00326e+01	-2.46335e+01		         0.08000	-6.80000e+01	
0.92687   	-1.71838e+01	-2.94411e+01	-2.75661e+01		         0.08167	-6.00000e+01	
0.94575   	-1.63758e+01	-3.10365e+01	-2.81420e+01		         0.08333	-5.30000e+01	
0.96463   	-1.55465e+01	-3.10350e+01	-2.89745e+01		         0.08500	-4.50000e+01	
0.98352   	-1.47040e+01	-3.18717e+01	-3.15799e+01		         0.08667	-3.70000e+01	
1.00240   	-1.52528e+01	-3.41134e+01	-2.99281e+01		         0.08833	-3.00000e+01	
1.02128   	-1.44716e+01	-3.54163e+01	-3.09028e+01		         0.09000	-2.20000e+01	
1.04017   	-1.37260e+01	-3.85023e+01	-3.07554e+01		         0.09167	-1.50000e+01	
1.05905   	-1.33363e+01	-3.84694e+01	-2.97453e+01		         0.09333	-8.00000e+00	
1.07793   	-1.32743e+01	-4.01149e+01	-2.77747e+01		         0.09500	-2.00000e+00	
1.09682   	-1.30231e+01	-3.88322e+01	-2.53267e+01		         0.09667	4.00000e+00	
1.11570   	-1.32040e+01	-4.12604e+01	-2.58059e+01		         0.09833	9.00000e+00	
1.13459   	-1.26079e+01	-4.17991e+01	-2.63313e+01		         0.10000	1.30000e+01	
1.15347   	-1.33978e+01	-4.45978e+01	-2.69242e+01		         0.10167	1.70000e+01	
1.17235   	-1.48017e+01	-4.68944e+01	-2.53847e+01		         0.10333	2.00000e+01	
1.19123   	-1.62582e+01	-4.80978e+01	-2.36637e+01		         0.10500	2.30000e+01	
1.21012   	-1.85722e+01	-4.97385e+01	-2.53106e+01		         0.10667	2.50000e+01	
1.22900   	-1.94187e+01	-4.95537e+01	-2.59656e+01		         0.10833	2.60000e+01	
1.24789   	-2.09131e+01	-5.00848e+01	-2.52617e+01		         0.11000	2.80000e+01	
1.26677   	-2.20848e+01	-5.11010e+01	-2.63047e+01		         0.11167	2.80000e+01	
1.28565   	-2.06892e+01	-4.95319e+01	-2.61696e+01		         0.11333	2.80000e+01	
1.30453   	-2.01734e+01	-5.06986e+01	-2.70442e+01		         0.11500	2.80000e+01	
1.32342   	-2.06998e+01	-5.17018e+01	-2.79194e+01		         0.11667	2.80000e+01	
1.34231   	-2.16613e+01	-5.16452e+01	-2.89840e+01		         0.11833	2.80000e+01	
1.36119   	-2.44212e+01	-4.98992e+01	-3.12554e+01		         0.12000	2.80000e+01	
1.38007   	-2.86216e+01	-4.56894e+01	-3.15795e+01		         0.12167	2.80000e+01	
1.39895   	-2.76498e+01	-4.28201e+01	-3.10485e+01		         0.12333	2.80000e+01	
1.41784   	-2.65083e+01	-4.20597e+01	-3.02548e+01		         0.12500	2.80000e+01	
1.43672   	-2.51570e+01	-3.98701e+01	-2.95690e+01		         0.12667	2.80000e+01	
1.45560   	-2.36681e+01	-3.76893e+01	-2.85530e+01		         0.12833	2.80000e+01	
1.47449   	-2.24997e+01	-3.65837e+01	-2.74032e+01		         0.13000	2.80000e+01	
1.49337   	-2.19290e+01	-3.68030e+01	-2.64392e+01		         0.13167	2.80000e+01	
1.51226   	-2.18379e+01	-3.65040e+01	-2.56734e+01		         0.13333	2.80000e+01	
1.53114   	-2.20754e+01	-3.53351e+01	-2.48588e+01		         0.13500	2.80000e+01	
1.55002   	-2.17820e+01	-3.41331e+01	-2.45632e+01		         0.13667	2.90000e+01	
1.56890   	-2.15691e+01	-3.35250e+01	-2.48280e+01		         0.13833	2.90000e+01	
1.58811   	-2.17650e+01	-3.21664e+01	-2.50543e+01		         0.14000	2.90000e+01	
1.60667   	-2.20866e+01	-3.45726e+01	-2.56396e+01		         0.14167	2.90000e+01	
1.62556   	-2.22864e+01	-3.52243e+01	-2.72602e+01		         0.14333	2.90000e+01	
1.64444   	-2.14498e+01	-3.66415e+01	-2.78347e+01		         0.14500	2.90000e+01	
1.66332   	-2.14169e+01	-3.67486e+01	-3.00536e+01		         0.14667	2.90000e+01	
1.68221   	-2.02057e+01	-3.34960e+01	-3.14870e+01		         0.14833	2.90000e+01	
1.70109   	-2.16462e+01	-3.46424e+01	-3.03857e+01		         0.15000	3.00000e+01	
1.71997   	-1.86545e+01	-3.20120e+01	-2.82451e+01		         0.15167	3.00000e+01	
1.73886   	-1.72980e+01	-3.22326e+01	-2.85598e+01		         0.15333	3.10000e+01	
1.75774   	-1.49981e+01	-3.18416e+01	-2.76189e+01		         0.15500	3.10000e+01	
					         0.15667	3.20000e+01	
					         0.15833	3.20000e+01	
					         0.16000	3.20000e+01	
					         0.16167	3.20000e+01	
					         0.16333	3.20000e+01	
					         0.16500	3.20000e+01	
					         0.16667	3.20000e+01	
					         0.16833	3.20000e+01	
					         0.17000	3.30000e+01	
					         0.17167	3.30000e+01	
					         0.17333	3.30000e+01	
					         0.17500	3.30000e+01	
					         0.17667	3.30000e+01	
					         0.17833	3.30000e+01	
					         0.18000	3.30000e+01	
					         0.18167	3.40000e+01	
					         0.18333	3.40000e+01	
					         0.18500	3.40000e+01	
					         0.18667	3.50000e+01	
					         0.18833	3.50000e+01	
					         0.19000	3.50000e+01	
					         0.19167	3.60000e+01	
					         0.19333	3.60000e+01	
					         0.19500	3.70000e+01	
					         0.19667	3.70000e+01	
					         0.19833	3.80000e+01	
					         0.20000	3.90000e+01	
					         0.20167	4.00000e+01	
					         0.20333	4.10000e+01	
					         0.20500	4.20000e+01	
					         0.20667	4.40000e+01	
					         0.20833	4.50000e+01	
					         0.21000	4.70000e+01	
					         0.21167	4.80000e+01	
					         0.21333	5.00000e+01	
					         0.21500	5.20000e+01	
					         0.21667	5.50000e+01	
					         0.21833	5.70000e+01	
					         0.22000	6.00000e+01	
					         0.22167	6.20000e+01	
					         0.22333	6.50000e+01	
					         0.22500	6.70000e+01	
					         0.22667	7.00000e+01	
					         0.22833	7.20000e+01	
					         0.23000	7.50000e+01	
					         0.23167	7.70000e+01	
					         0.23333	8.00000e+01	
					         0.23500	8.20000e+01	
					         0.23667	8.50000e+01	
					         0.23833	8.70000e+01	
					         0.24000	8.90000e+01	
					         0.24167	9.10000e+01	
					         0.24333	9.30000e+01	
					         0.24500	9.40000e+01	
					         0.24667	9.60000e+01	
					         0.24833	9.70000e+01	
					         0.25000	9.80000e+01	
					         0.25167	9.80000e+01	
					         0.25333	9.90000e+01	
					         0.25500	9.90000e+01	
					         0.25667	9.90000e+01	
					         0.25833	9.90000e+01	
					         0.26000	9.90000e+01	
					         0.26167	9.90000e+01	
					         0.26333	9.80000e+01	
					         0.26500	9.80000e+01	
					         0.26667	9.80000e+01	
					         0.26833	9.90000e+01	
					         0.27000	9.90000e+01	
					         0.27167	9.90000e+01	
					         0.27333	9.90000e+01	
					         0.27500	9.90000e+01	
					         0.27667	9.90000e+01	
					         0.27833	9.80000e+01	
					         0.28000	9.70000e+01	
					         0.28167	9.60000e+01	
					         0.28333	9.40000e+01	
					         0.28500	9.20000e+01	
					         0.28667	8.90000e+01	
					         0.28833	8.50000e+01	
					         0.29000	8.10000e+01	
					         0.29167	7.60000e+01	
					         0.29333	7.10000e+01	
					         0.29500	6.60000e+01	
					         0.29667	6.00000e+01	
					         0.29833	5.50000e+01	
					         0.30000	4.90000e+01	
					         0.30167	4.40000e+01	
					         0.30333	3.80000e+01	
					         0.30500	3.20000e+01	
					         0.30667	2.60000e+01	
					         0.30833	2.00000e+01	
					         0.31000	1.50000e+01	
					         0.31167	9.00000e+00	
					         0.31333	3.00000e+00	
					         0.31500	-3.00000e+00	
					         0.31667	-9.00000e+00	
					         0.31833	-1.40000e+01	
					         0.32000	-2.00000e+01	
					         0.32167	-2.50000e+01	
					         0.32333	-3.10000e+01	
					         0.32500	-3.50000e+01	
					         0.32667	-4.00000e+01	
					         0.32833	-4.40000e+01	
					         0.33000	-4.70000e+01	
					         0.33167	-5.00000e+01	
					         0.33333	-5.30000e+01	
					         0.33500	-5.60000e+01	
					         0.33667	-5.80000e+01	
					         0.33833	-6.00000e+01	
					         0.34000	-6.10000e+01	
					         0.34167	-6.30000e+01	
					         0.34333	-6.50000e+01	
					         0.34500	-6.60000e+01	
					         0.34667	-6.70000e+01	
					         0.34833	-6.80000e+01	
					         0.35000	-6.90000e+01	
					         0.35167	-7.00000e+01	
					         0.35333	-7.10000e+01	
					         0.35500	-7.10000e+01	
					         0.35667	-7.10000e+01	
					         0.35833	-7.10000e+01	
					         0.36000	-7.10000e+01	
					         0.36167	-7.10000e+01	
					         0.36333	-7.10000e+01	
					         0.36500	-7.10000e+01	
					         0.36667	-7.00000e+01	
					         0.36833	-7.00000e+01	
					         0.37000	-7.00000e+01	
					         0.37167	-6.90000e+01	
					         0.37333	-6.90000e+01	
					         0.37500	-6.90000e+01	
					         0.37667	-6.80000e+01	
					         0.37833	-6.80000e+01	
					         0.38000	-6.80000e+01	
					         0.38167	-6.70000e+01	
					         0.38333	-6.70000e+01	
					         0.38500	-6.60000e+01	
					         0.38667	-6.60000e+01	
					         0.38833	-6.50000e+01	
					         0.39000	-6.30000e+01	
					         0.39167	-6.20000e+01	
					         0.39333	-6.10000e+01	
					         0.39500	-5.90000e+01	
					         0.39667	-5.80000e+01	
					         0.39833	-5.70000e+01	
					         0.40000	-5.60000e+01	
					         0.40167	-5.40000e+01	
					         0.40333	-5.30000e+01	
					         0.40500	-5.20000e+01	
					         0.40667	-5.10000e+01	
					         0.40833	-5.00000e+01	
					         0.41000	-4.90000e+01	
					         0.41167	-4.80000e+01	
					         0.41333	-4.60000e+01	
					         0.41500	-4.50000e+01	
					         0.41667	-4.40000e+01	
					         0.41833	-4.30000e+01	
					         0.42000	-4.10000e+01	
					         0.42167	-4.00000e+01	
					         0.42333	-3.90000e+01	
					         0.42500	-3.80000e+01	
					         0.42667	-3.70000e+01	
					         0.42833	-3.60000e+01	
					         0.43000	-3.50000e+01	
					         0.43167	-3.40000e+01	
					         0.43333	-3.40000e+01	
					         0.43500	-3.30000e+01	
					         0.43667	-3.20000e+01	
					         0.43833	-3.20000e+01	
					         0.44000	-3.10000e+01	
					         0.44167	-3.00000e+01	
					         0.44333	-2.90000e+01	
					         0.44500	-2.80000e+01	
					         0.44667	-2.70000e+01	
					         0.44833	-2.60000e+01	
					         0.45000	-2.50000e+01	
					         0.45167	-2.40000e+01	
					         0.45333	-2.30000e+01	
					         0.45500	-2.20000e+01	
					         0.45667	-2.10000e+01	
					         0.45833	-2.00000e+01	
					         0.46000	-1.90000e+01	
					         0.46167	-1.80000e+01	
					         0.46333	-1.80000e+01	
					         0.46500	-1.80000e+01	
					         0.46667	-1.80000e+01	
					         0.46833	-1.80000e+01	
					         0.47000	-1.80000e+01	
					         0.47167	-1.70000e+01	
					         0.47333	-1.70000e+01	
					         0.47500	-1.70000e+01	
					         0.47667	-1.70000e+01	
					         0.47833	-1.70000e+01	
					         0.48000	-1.70000e+01	
					         0.48167	-1.60000e+01	
					         0.48333	-1.50000e+01	
					         0.48500	-1.40000e+01	
					         0.48667	-1.30000e+01	
					         0.48833	-1.20000e+01	
					         0.49000	-1.10000e+01	
					         0.49167	-1.00000e+01	
					         0.49333	-9.00000e+00	
					         0.49500	-8.00000e+00	
					         0.49667	-8.00000e+00	
					         0.49833	-7.00000e+00	
					         0.50000	-6.00000e+00	
					         0.50167	-6.00000e+00	
					         0.50333	-6.00000e+00	
					         0.50500	-5.00000e+00	
					         0.50667	-5.00000e+00	
					         0.50833	-4.00000e+00	
					         0.51000	-4.00000e+00	
					         0.51167	-3.00000e+00	
					         0.51333	-2.00000e+00	
					         0.51500	-1.00000e+00	
					         0.51667	-1.00000e+00	
					         0.51833	0.00000e+00	
					         0.52000	0.00000e+00	
					         0.52167	1.00000e+00	
					         0.52333	1.00000e+00	
					         0.52500	1.00000e+00	
					         0.52667	1.00000e+00	
					         0.52833	1.00000e+00	
					         0.53000	1.00000e+00	
					         0.53167	1.00000e+00	
					         0.53333	1.00000e+00	
					         0.53500	1.00000e+00	
					         0.53667	1.00000e+00	
					         0.53833	0.00000e+00	
					         0.54000	0.00000e+00	
					         0.54167	-1.00000e+00	
					         0.54333	-1.00000e+00	
					         0.54500	-2.00000e+00	
					         0.54667	-3.00000e+00	
					         0.54833	-4.00000e+00	
					         0.55000	-5.00000e+00	
					         0.55167	-6.00000e+00	
					         0.55333	-7.00000e+00	
					         0.55500	-8.00000e+00	
					         0.55667	-9.00000e+00	
					         0.55833	-9.00000e+00	
					         0.56000	-1.00000e+01	
					         0.56167	-1.00000e+01	
					         0.56333	-9.00000e+00	
					         0.56500	-9.00000e+00	
					         0.56667	-8.00000e+00	
					         0.56833	-7.00000e+00	
					         0.57000	-6.00000e+00	
					         0.57167	-5.00000e+00	
					         0.57333	-4.00000e+00	
					         0.57500	-3.00000e+00	
					         0.57667	-3.00000e+00	
					         0.57833	-2.00000e+00	
					         0.58000	-2.00000e+00	
					         0.58167	-2.00000e+00	
					         0.58333	-3.00000e+00	
					         0.58500	-3.00000e+00	
					         0.58667	-4.00000e+00	
					         0.58833	-5.00000e+00	
					         0.59000	-5.00000e+00	
					         0.59167	-6.00000e+00	
					         0.59333	-8.00000e+00	
					         0.59500	-9.00000e+00	
					         0.59667	-1.00000e+01	
					         0.59833	-1.10000e+01	
					         0.60000	-1.10000e+01	
					         0.60167	-1.20000e+01	
					         0.60333	-1.30000e+01	
					         0.60500	-1.30000e+01	
					         0.60667	-1.40000e+01	
					         0.60833	-1.40000e+01	
					         0.61000	-1.40000e+01	
					         0.61167	-1.40000e+01	
					         0.61333	-1.40000e+01	
					         0.61500	-1.30000e+01	
					         0.61667	-1.30000e+01	
					         0.61833	-1.20000e+01	
					         0.62000	-1.20000e+01	
					         0.62167	-1.10000e+01	
					         0.62333	-1.10000e+01	
					         0.62500	-1.10000e+01	
					         0.62667	-1.00000e+01	
					         0.62833	-1.00000e+01	
					         0.63000	-9.00000e+00	
					         0.63167	-9.00000e+00	
					         0.63333	-9.00000e+00	
					         0.63500	-9.00000e+00	
					         0.63667	-1.00000e+01	
					         0.63833	-1.00000e+01	
					         0.64000	-1.00000e+01	
					         0.64167	-1.00000e+01	
					         0.64333	-1.00000e+01	
					         0.64500	-9.00000e+00	
					         0.64667	-9.00000e+00	
					         0.64833	-8.00000e+00	
					         0.65000	-7.00000e+00	
					         0.65167	-7.00000e+00	
					         0.65333	-6.00000e+00	
					         0.65500	-5.00000e+00	
					         0.65667	-4.00000e+00	
					         0.65833	-3.00000e+00	
					         0.66000	-2.00000e+00	
					         0.66167	-2.00000e+00	
					         0.66333	-2.00000e+00	
					         0.66500	-3.00000e+00	
					         0.66667	-4.00000e+00	
					         0.66833	-5.00000e+00	
					         0.67000	-6.00000e+00	
					         0.67167	-7.00000e+00	
					         0.67333	-8.00000e+00	
					         0.67500	-9.00000e+00	
					         0.67667	-9.00000e+00	
					         0.67833	-9.00000e+00	
					         0.68000	-8.00000e+00	
					         0.68167	-7.00000e+00	
					         0.68333	-6.00000e+00	
					         0.68500	-5.00000e+00	
					         0.68667	-3.00000e+00	
					         0.68833	0.00000e+00	
					         0.69000	2.00000e+00	
					         0.69167	4.00000e+00	
					         0.69333	7.00000e+00	
					         0.69500	9.00000e+00	
					         0.69667	1.00000e+01	
					         0.69833	1.20000e+01	
					         0.70000	1.30000e+01	
					         0.70167	1.40000e+01	
					         0.70333	1.50000e+01	
					         0.70500	1.60000e+01	
					         0.70667	1.60000e+01	
					         0.70833	1.60000e+01	
					         0.71000	1.60000e+01	
					         0.71167	1.60000e+01	
					         0.71333	1.50000e+01	
					         0.71500	1.50000e+01	
					         0.71667	1.40000e+01	
					         0.71833	1.30000e+01	
					         0.72000	1.20000e+01	
					         0.72167	1.10000e+01	
					         0.72333	1.00000e+01	
					         0.72500	9.00000e+00	
					         0.72667	9.00000e+00	
					         0.72833	8.00000e+00	
					         0.73000	8.00000e+00	
					         0.73167	7.00000e+00	
					         0.73333	7.00000e+00	
					         0.73500	7.00000e+00	
					         0.73667	7.00000e+00	
					         0.73833	7.00000e+00	
					         0.74000	7.00000e+00	
					         0.74167	8.00000e+00	
					         0.74333	8.00000e+00	
					         0.74500	8.00000e+00	
					         0.74667	8.00000e+00	
					         0.74833	8.00000e+00	
					         0.75000	8.00000e+00	
					         0.75167	7.00000e+00	
					         0.75333	6.00000e+00	
					         0.75500	5.00000e+00	
					         0.75667	4.00000e+00	
					         0.75833	2.00000e+00	
					         0.76000	1.00000e+00	
					         0.76167	-1.00000e+00	
					         0.76333	-3.00000e+00	
					         0.76500	-5.00000e+00	
					         0.76667	-7.00000e+00	
					         0.76833	-9.00000e+00	
					         0.77000	-1.10000e+01	
					         0.77167	-1.40000e+01	
					         0.77333	-1.60000e+01	
					         0.77500	-1.80000e+01	
					         0.77667	-2.00000e+01	
					         0.77833	-2.20000e+01	
					         0.78000	-2.40000e+01	
					         0.78167	-2.50000e+01	
					         0.78333	-2.70000e+01	
					         0.78500	-2.80000e+01	
					         0.78667	-2.90000e+01	
					         0.78833	-3.00000e+01	
					         0.79000	-3.00000e+01	
					         0.79167	-3.00000e+01	
					         0.79333	-3.00000e+01	
					         0.79500	-3.00000e+01	
					         0.79667	-2.90000e+01	
					         0.79833	-2.90000e+01	
					         0.80000	-2.80000e+01	
					         0.80167	-2.70000e+01	
					         0.80333	-2.70000e+01	
					         0.80500	-2.60000e+01	
					         0.80667	-2.60000e+01	
					         0.80833	-2.60000e+01	
					         0.81000	-2.60000e+01	
					         0.81167	-2.60000e+01	
					         0.81333	-2.70000e+01	
					         0.81500	-2.70000e+01	
					         0.81667	-2.70000e+01	
					         0.81833	-2.80000e+01	
					         0.82000	-2.80000e+01	
					         0.82167	-2.90000e+01	
					         0.82333	-2.90000e+01	
					         0.82500	-3.00000e+01	
					         0.82667	-3.10000e+01	
					         0.82833	-3.10000e+01	
					         0.83000	-3.20000e+01	
					         0.83167	-3.20000e+01	
					         0.83333	-3.30000e+01	
					         0.83500	-3.50000e+01	
					         0.83667	-3.60000e+01	
					         0.83833	-3.80000e+01	
					         0.84000	-3.90000e+01	
					         0.84167	-4.00000e+01	
					         0.84333	-4.10000e+01	
					         0.84500	-4.10000e+01	
					         0.84667	-4.00000e+01	
					         0.84833	-3.80000e+01	
					         0.85000	-3.40000e+01	
					         0.85167	-2.80000e+01	
					         0.85333	-1.90000e+01	
					         0.85500	-8.00000e+00	
					         0.85667	6.00000e+00	
					         0.85833	2.30000e+01	
					         0.86000	4.20000e+01	
					         0.86167	6.30000e+01	
					         0.86333	8.60000e+01	
					         0.86500	1.11000e+02	
					         0.86667	1.35000e+02	
					         0.86833	1.59000e+02	
					         0.87000	1.82000e+02	
					         0.87167	2.02000e+02	
					         0.87333	2.19000e+02	
					         0.87500	2.32000e+02	
					         0.87667	2.39000e+02	
					         0.87833	2.40000e+02	
					         0.88000	2.35000e+02	
					         0.88167	2.24000e+02	
					         0.88333	2.07000e+02	
					         0.88500	1.85000e+02	
					         0.88667	1.58000e+02	
					         0.88833	1.29000e+02	
					         0.89000	9.70000e+01	
					         0.89167	6.30000e+01	
					         0.89333	3.10000e+01	
					         0.89500	-1.00000e+00	
					         0.89667	-3.00000e+01	
					         0.89833	-5.60000e+01	
					         0.90000	-7.90000e+01	
					         0.90167	-9.80000e+01	
					         0.90333	-1.12000e+02	
					         0.90500	-1.24000e+02	
					         0.90667	-1.32000e+02	
					         0.90833	-1.37000e+02	
					         0.91000	-1.41000e+02	
					         0.91167	-1.43000e+02	
					         0.91333	-1.44000e+02	
					         0.91500	-1.43000e+02	
					         0.91667	-1.43000e+02	
					         0.91833	-1.41000e+02	
					         0.92000	-1.39000e+02	
					         0.92167	-1.37000e+02	
					         0.92333	-1.35000e+02	
					         0.92500	-1.33000e+02	
					         0.92667	-1.31000e+02	
					         0.92833	-1.29000e+02	
					         0.93000	-1.26000e+02	
					         0.93167	-1.24000e+02	
					         0.93333	-1.21000e+02	
					         0.93500	-1.18000e+02	
					         0.93667	-1.16000e+02	
					         0.93833	-1.13000e+02	
					         0.94000	-1.11000e+02	
					         0.94167	-1.08000e+02	
					         0.94333	-1.05000e+02	
					         0.94500	-1.02000e+02	
					         0.94667	-9.80000e+01	
					         0.94833	-9.40000e+01	
					         0.95000	-8.90000e+01	
					         0.95167	-8.30000e+01	
					         0.95333	-7.70000e+01	
					         0.95500	-7.00000e+01	
					         0.95667	-6.30000e+01	
					         0.95833	-5.60000e+01	
					         0.96000	-4.80000e+01	
					         0.96167	-4.10000e+01	
					         0.96333	-3.30000e+01	
					         0.96500	-2.50000e+01	
					         0.96667	-1.80000e+01	
					         0.96833	-1.10000e+01	
					         0.97000	-5.00000e+00	
					         0.97167	1.00000e+00	
					         0.97333	6.00000e+00	
					         0.97500	1.00000e+01	
					         0.97667	1.40000e+01	
					         0.97833	1.70000e+01	
					         0.98000	2.10000e+01	
					         0.98167	2.30000e+01	
					         0.98333	2.60000e+01	
					         0.98500	2.80000e+01	
					         0.98667	2.90000e+01	
					         0.98833	3.10000e+01	
					         0.99000	3.20000e+01	
					         0.99167	3.30000e+01	
					         0.99333	3.40000e+01	
					         0.99500	3.40000e+01	
					         0.99667	3.50000e+01	
					         0.99833	3.60000e+01	
					         1.00000	3.60000e+01	
					         1.00167	3.70000e+01	
					         1.00333	3.70000e+01	
					         1.00500	3.70000e+01	
					         1.00667	3.70000e+01	
					         1.00833	3.80000e+01	
					         1.01000	3.80000e+01	
					         1.01167	3.80000e+01	
					         1.01333	3.80000e+01	
					         1.01500	3.80000e+01	
					         1.01667	3.90000e+01	
					         1.01833	3.90000e+01	
					         1.02000	3.90000e+01	
					         1.02167	3.90000e+01	
					         1.02333	3.90000e+01	
					         1.02500	3.90000e+01	
					         1.02667	3.90000e+01	
					         1.02833	3.90000e+01	
					         1.03000	3.90000e+01	
					         1.03167	4.00000e+01	
					         1.03333	4.00000e+01	
					         1.03500	4.00000e+01	
					         1.03667	4.10000e+01	
					         1.03833	4.10000e+01	
					         1.04000	4.10000e+01	
					         1.04167	4.10000e+01	
					         1.04333	4.10000e+01	
					         1.04500	4.10000e+01	
					         1.04667	4.00000e+01	
					         1.04833	4.00000e+01	
					         1.05000	4.00000e+01	
					         1.05167	3.90000e+01	
					         1.05333	3.90000e+01	
					         1.05500	3.90000e+01	
					         1.05667	3.90000e+01	
					         1.05833	3.90000e+01	
					         1.06000	3.90000e+01	
					         1.06167	4.00000e+01	
					         1.06333	4.10000e+01	
					         1.06500	4.20000e+01	
					         1.06667	4.20000e+01	
					         1.06833	4.30000e+01	
					         1.07000	4.40000e+01	
					         1.07167	4.50000e+01	
					         1.07333	4.60000e+01	
					         1.07500	4.70000e+01	
					         1.07667	4.70000e+01	
					         1.07833	4.90000e+01	
					         1.08000	5.00000e+01	
					         1.08167	5.10000e+01	
					         1.08333	5.30000e+01	
					         1.08500	5.40000e+01	
					         1.08667	5.60000e+01	
					         1.08833	5.70000e+01	
					         1.09000	5.90000e+01	
					         1.09167	6.10000e+01	
					         1.09333	6.30000e+01	
					         1.09500	6.50000e+01	
					         1.09667	6.60000e+01	
					         1.09833	6.80000e+01	
					         1.10000	6.90000e+01	
					         1.10167	7.10000e+01	
					         1.10333	7.20000e+01	
					         1.10500	7.40000e+01	
					         1.10667	7.50000e+01	
					         1.10833	7.70000e+01	
					         1.11000	7.80000e+01	
					         1.11167	7.90000e+01	
					         1.11333	8.10000e+01	
					         1.11500	8.20000e+01	
					         1.11667	8.30000e+01	
					         1.11833	8.40000e+01	
					         1.12000	8.50000e+01	
					         1.12167	8.60000e+01	
					         1.12333	8.70000e+01	
					         1.12500	8.70000e+01	
					         1.12667	8.80000e+01	
					         1.12833	8.80000e+01	
					         1.13000	8.90000e+01	
					         1.13167	8.90000e+01	
					         1.13333	9.00000e+01	
					         1.13500	9.00000e+01	
					         1.13667	9.00000e+01	
					         1.13833	9.00000e+01	
					         1.14000	9.10000e+01	
					         1.14167	9.10000e+01	
					         1.14333	9.10000e+01	
					         1.14500	9.10000e+01	
					         1.14667	9.00000e+01	
					         1.14833	9.00000e+01	
					         1.15000	8.90000e+01	
					         1.15167	8.80000e+01	
					         1.15333	8.60000e+01	
					         1.15500	8.40000e+01	
					         1.15667	8.20000e+01	
					         1.15833	8.00000e+01	
					         1.16000	7.60000e+01	
					         1.16167	7.20000e+01	
					         1.16333	6.80000e+01	
					         1.16500	6.30000e+01	
					         1.16667	5.80000e+01	
					         1.16833	5.20000e+01	
					         1.17000	4.70000e+01	
					         1.17167	4.10000e+01	
					         1.17333	3.50000e+01	
					         1.17500	2.90000e+01	
					         1.17667	2.20000e+01	
					         1.17833	1.60000e+01	
					         1.18000	1.00000e+01	
					         1.18167	5.00000e+00	
					         1.18333	-1.00000e+00	
					         1.18500	-6.00000e+00	
					         1.18667	-1.10000e+01	
					         1.18833	-1.60000e+01	
					         1.19000	-2.10000e+01	
					         1.19167	-2.50000e+01	
					         1.19333	-3.00000e+01	
					         1.19500	-3.50000e+01	
					         1.19667	-3.90000e+01	
					         1.19833	-4.40000e+01	
					         1.20000	-4.80000e+01	
					         1.20167	-5.30000e+01	
					         1.20333	-5.70000e+01	
					         1.20500	-6.10000e+01	
					         1.20667	-6.50000e+01	
					         1.20833	-6.90000e+01	
					         1.21000	-7.30000e+01	
					         1.21167	-7.70000e+01	
					         1.21333	-8.00000e+01	
					         1.21500	-8.30000e+01	
					         1.21667	-8.50000e+01	
					         1.21833	-8.70000e+01	
					         1.22000	-8.80000e+01	
					         1.22167	-8.90000e+01	
					         1.22333	-9.00000e+01	
					         1.22500	-9.00000e+01	
					         1.22667	-9.00000e+01	
					         1.22833	-9.00000e+01	
					         1.23000	-8.90000e+01	
					         1.23167	-8.90000e+01	
					         1.23333	-8.80000e+01	
					         1.23500	-8.80000e+01	
					         1.23667	-8.70000e+01	
					         1.23833	-8.70000e+01	
					         1.24000	-8.70000e+01	
					         1.24167	-8.70000e+01	
					         1.24333	-8.70000e+01	
					         1.24500	-8.60000e+01	
					         1.24667	-8.60000e+01	
					         1.24833	-8.60000e+01	
					         1.25000	-8.50000e+01	
					         1.25167	-8.40000e+01	
					         1.25333	-8.30000e+01	
					         1.25500	-8.10000e+01	
					         1.25667	-7.90000e+01	
					         1.25833	-7.70000e+01	
					         1.26000	-7.50000e+01	
					         1.26167	-7.20000e+01	
					         1.26333	-7.00000e+01	
					         1.26500	-6.70000e+01	
					         1.26667	-6.50000e+01	
					         1.26833	-6.30000e+01	
					         1.27000	-6.10000e+01	
					         1.27167	-5.90000e+01	
					         1.27333	-5.70000e+01	
					         1.27500	-5.60000e+01	
					         1.27667	-5.50000e+01	
					         1.27833	-5.40000e+01	
					         1.28000	-5.40000e+01	
					         1.28167	-5.30000e+01	
					         1.28333	-5.30000e+01	
					         1.28500	-5.30000e+01	
					         1.28667	-5.20000e+01	
					         1.28833	-5.20000e+01	
					         1.29000	-5.10000e+01	
					         1.29167	-5.10000e+01	
					         1.29333	-5.00000e+01	
					         1.29500	-5.00000e+01	
					         1.29667	-4.90000e+01	
					         1.29833	-4.80000e+01	
					         1.30000	-4.70000e+01	
					         1.30167	-4.50000e+01	
					         1.30333	-4.40000e+01	
					         1.30500	-4.20000e+01	
					         1.30667	-4.10000e+01	
					         1.30833	-4.00000e+01	
					         1.31000	-3.80000e+01	
					         1.31167	-3.70000e+01	
					         1.31333	-3.60000e+01	
					         1.31500	-3.50000e+01	
					         1.31667	-3.40000e+01	
					         1.31833	-3.30000e+01	
					         1.32000	-3.30000e+01	
					         1.32167	-3.20000e+01	
					         1.32333	-3.20000e+01	
					         1.32500	-3.10000e+01	
					         1.32667	-3.10000e+01	
					         1.32833	-3.10000e+01	
					         1.33000	-3.00000e+01	
					         1.33167	-3.00000e+01	
					         1.33333	-2.90000e+01	
					         1.33500	-2.80000e+01	
					         1.33667	-2.60000e+01	
					         1.33833	-2.50000e+01	
					         1.34000	-2.40000e+01	
					         1.34167	-2.20000e+01	
					         1.34333	-2.10000e+01	
					         1.34500	-1.90000e+01	
					         1.34667	-1.80000e+01	
					         1.34833	-1.60000e+01	
					         1.35000	-1.50000e+01	
					         1.35167	-1.40000e+01	
					         1.35333	-1.30000e+01	
					         1.35500	-1.20000e+01	
					         1.35667	-1.10000e+01	
					         1.35833	-1.00000e+01	
					         1.36000	-9.00000e+00	
					         1.36167	-8.00000e+00	
					         1.36333	-7.00000e+00	
					         1.36500	-7.00000e+00	
					         1.36667	-6.00000e+00	
					         1.36833	-6.00000e+00	
					         1.37000	-6.00000e+00	
					         1.37167	-6.00000e+00	
					         1.37333	-7.00000e+00	
					         1.37500	-7.00000e+00	
					         1.37667	-7.00000e+00	
					         1.37833	-8.00000e+00	
					         1.38000	-8.00000e+00	
					         1.38167	-8.00000e+00	
					         1.38333	-9.00000e+00	
					         1.38500	-9.00000e+00	
					         1.38667	-9.00000e+00	
					         1.38833	-9.00000e+00	
					         1.39000	-8.00000e+00	
					         1.39167	-8.00000e+00	
					         1.39333	-8.00000e+00	
					         1.39500	-7.00000e+00	
					         1.39667	-7.00000e+00	
					         1.39833	-8.00000e+00	
					         1.40000	-8.00000e+00	
					         1.40167	-9.00000e+00	
					         1.40333	-1.00000e+01	
					         1.40500	-1.00000e+01	
					         1.40667	-1.10000e+01	
					         1.40833	-1.10000e+01	
					         1.41000	-1.20000e+01	
					         1.41167	-1.30000e+01	
					         1.41333	-1.30000e+01	
					         1.41500	-1.30000e+01	
					         1.41667	-1.40000e+01	
					         1.41833	-1.40000e+01	
					         1.42000	-1.40000e+01	
					         1.42167	-1.40000e+01	
					         1.42333	-1.40000e+01	
					         1.42500	-1.40000e+01	
					         1.42667	-1.40000e+01	
					         1.42833	-1.40000e+01	
					         1.43000	-1.40000e+01	
					         1.43167	-1.30000e+01	
					         1.43333	-1.30000e+01	
					         1.43500	-1.30000e+01	
					         1.43667	-1.30000e+01	
					         1.43833	-1.20000e+01	
					         1.44000	-1.10000e+01	
					         1.44167	-1.10000e+01	
					         1.44333	-1.00000e+01	
					         1.44500	-1.00000e+01	
					         1.44667	-9.00000e+00	
					         1.44833	-9.00000e+00	
					         1.45000	-9.00000e+00	
					         1.45167	-9.00000e+00	
					         1.45333	-9.00000e+00	
					         1.45500	-1.00000e+01	
					         1.45667	-1.00000e+01	
					         1.45833	-1.00000e+01	
					         1.46000	-1.00000e+01	
					         1.46167	-1.10000e+01	
					         1.46333	-1.10000e+01	
					         1.46500	-1.10000e+01	
					         1.46667	-1.00000e+01	
					         1.46833	-9.00000e+00	
					         1.47000	-9.00000e+00	
					         1.47167	-8.00000e+00	
					         1.47333	-8.00000e+00	
					         1.47500	-7.00000e+00	
					         1.47667	-7.00000e+00	
					         1.47833	-7.00000e+00	
					         1.48000	-6.00000e+00	
					         1.48167	-6.00000e+00	
					         1.48333	-6.00000e+00	
					         1.48500	-6.00000e+00	
					         1.48667	-6.00000e+00	
					         1.48833	-7.00000e+00	
					         1.49000	-7.00000e+00	
					         1.49167	-8.00000e+00	
					         1.49333	-8.00000e+00	
					         1.49500	-9.00000e+00	
					         1.49667	-9.00000e+00	
					         1.49833	-9.00000e+00	
					         1.50000	-9.00000e+00	
					         1.50167	-9.00000e+00	
					         1.50333	-9.00000e+00	
					         1.50500	-9.00000e+00	
					         1.50667	-9.00000e+00	
					         1.50833	-8.00000e+00	
					         1.51000	-8.00000e+00	
					         1.51167	-8.00000e+00	
					         1.51333	-8.00000e+00	
					         1.51500	-8.00000e+00	
					         1.51667	-8.00000e+00	
					         1.51833	-8.00000e+00	
					         1.52000	-8.00000e+00	
					         1.52167	-8.00000e+00	
					         1.52333	-8.00000e+00	
					         1.52500	-8.00000e+00	
					         1.52667	-8.00000e+00	
					         1.52833	-8.00000e+00	
					         1.53000	-7.00000e+00	
					         1.53167	-6.00000e+00	
					         1.53333	-5.00000e+00	
					         1.53500	-3.00000e+00	
					         1.53667	-2.00000e+00	
					         1.53833	0.00000e+00	
					         1.54000	1.00000e+00	
					         1.54167	2.00000e+00	
					         1.54333	3.00000e+00	
					         1.54500	4.00000e+00	
					         1.54667	4.00000e+00	
					         1.54833	5.00000e+00	
					         1.55000	5.00000e+00	
					         1.55167	5.00000e+00	
					         1.55333	6.00000e+00	
					         1.55500	6.00000e+00	
					         1.55667	6.00000e+00	
					         1.55833	7.00000e+00	
					         1.56000	7.00000e+00	
					         1.56167	8.00000e+00	
					         1.56333	9.00000e+00	
					         1.56500	1.00000e+01	
					         1.56667	1.10000e+01	
					         1.56833	1.20000e+01	
					         1.57000	1.30000e+01	
					         1.57167	1.40000e+01	
					         1.57333	1.50000e+01	
					         1.57500	1.50000e+01	
					         1.57667	1.60000e+01	
					         1.57833	1.70000e+01	
					         1.58000	1.70000e+01	
					         1.58167	1.80000e+01	
					         1.58333	1.80000e+01	
					         1.58500	1.80000e+01	
					         1.58667	1.90000e+01	
					         1.58833	1.80000e+01	
					         1.59000	1.80000e+01	
					         1.59167	1.70000e+01	
					         1.59333	1.60000e+01	
					         1.59500	1.50000e+01	
					         1.59667	1.40000e+01	
					         1.59833	1.30000e+01	
					         1.60000	1.10000e+01	
					         1.60167	1.10000e+01	
					         1.60333	1.00000e+01	
					         1.60500	1.00000e+01	
					         1.60667	9.00000e+00	
					         1.60833	9.00000e+00	
					         1.61000	9.00000e+00	
					         1.61167	9.00000e+00	
					         1.61333	9.00000e+00	
					         1.61500	1.00000e+01	
					         1.61667	1.00000e+01	
					         1.61833	1.10000e+01	
					         1.62000	1.10000e+01	
					         1.62167	1.20000e+01	
					         1.62333	1.20000e+01	
					         1.62500	1.20000e+01	
					         1.62667	1.20000e+01	
					         1.62833	1.10000e+01	
					         1.63000	1.00000e+01	
					         1.63167	9.00000e+00	
					         1.63333	7.00000e+00	
					         1.63500	5.00000e+00	
					         1.63667	3.00000e+00	
					         1.63833	0.00000e+00	
					         1.64000	-3.00000e+00	
					         1.64167	-6.00000e+00	
					         1.64333	-9.00000e+00	
					         1.64500	-1.20000e+01	
					         1.64667	-1.50000e+01	
					         1.64833	-1.70000e+01	
					         1.65000	-1.80000e+01	
					         1.65167	-1.90000e+01	
					         1.65333	-2.00000e+01	
					         1.65500	-2.00000e+01	
					         1.65667	-2.00000e+01	
					         1.65833	-2.00000e+01	
					         1.66000	-1.90000e+01	
					         1.66167	-1.90000e+01	
					         1.66333	-1.80000e+01	
					         1.66500	-1.80000e+01	
					         1.66667	-1.80000e+01	
					         1.66833	-1.80000e+01	
					         1.67000	-1.80000e+01	
					         1.67167	-1.90000e+01	
					         1.67333	-1.90000e+01	
					         1.67500	-2.00000e+01	
					         1.67667	-2.00000e+01	
					         1.67833	-2.10000e+01	
					         1.68000	-2.10000e+01	
					         1.68167	-2.10000e+01	
					         1.68333	-2.10000e+01	
					         1.68500	-2.10000e+01	
					         1.68667	-2.00000e+01	
					         1.68833	-2.00000e+01	
					         1.69000	-2.00000e+01	
					         1.69167	-1.90000e+01	
					         1.69333	-1.90000e+01	
					         1.69500	-1.90000e+01	
					         1.69667	-1.90000e+01	
					         1.69833	-1.90000e+01	
					         1.70000	-1.90000e+01	
					         1.70167	-2.00000e+01	
					         1.70333	-2.00000e+01	
					         1.70500	-2.20000e+01	
					         1.70667	-2.30000e+01	
					         1.70833	-2.50000e+01	
					         1.71000	-2.60000e+01	
					         1.71167	-2.70000e+01	
					         1.71333	-2.70000e+01	
					         1.71500	-2.70000e+01	
					         1.71667	-2.40000e+01	
					         1.71833	-2.00000e+01	
					         1.72000	-1.40000e+01	
					         1.72167	-5.00000e+00	
					         1.72333	7.00000e+00	
					         1.72500	2.20000e+01	
					         1.72667	4.00000e+01	
					         1.72833	6.00000e+01	
					         1.73000	8.20000e+01	
					         1.73167	1.06000e+02	
					         1.73333	1.31000e+02	
					         1.73500	1.56000e+02	
					         1.73667	1.80000e+02	
					         1.73833	2.01000e+02	
					         1.74000	2.20000e+02	
					         1.74167	2.35000e+02	
					         1.74333	2.44000e+02	
					         1.74500	2.48000e+02	
					         1.74667	2.46000e+02	
					         1.74833	2.37000e+02	
					         1.75000	2.22000e+02	
					         1.75167	2.02000e+02	
					         1.75333	1.77000e+02	
					         1.75500	1.48000e+02	
					         1.75667	1.16000e+02	
					         1.75833	8.30000e+01	
					         1.76000	4.90000e+01	
					         1.76167	1.50000e+01	
					         1.76333	-1.70000e+01	
					         1.76500	-4.60000e+01	
					         1.76667	-7.20000e+01	
					         1.76833	-9.40000e+01	
					         1.77000	-1.13000e+02	
					         1.77167	-1.27000e+02	
					         1.77333	-1.38000e+02	
					         1.77500	-1.45000e+02	
					         1.77667	-1.50000e+02	
					         1.77833	-1.53000e+02	
