Grayscale intensity, in dB

Time (s) :	Trace 1 : 	Trace 2 : 	Trace 3 : 		Ecg : 		
0.00078   	-3.76928e+01	-3.71969e+01	-2.30933e+01		         0.00000	8.00000e+00	
0.01884   	-3.70862e+01	-3.84452e+01	-2.35176e+01		         0.00167	3.10000e+01	
0.03690   	-3.65444e+01	-3.73512e+01	-2.44158e+01		         0.00333	6.10000e+01	
0.05496   	-3.65028e+01	-3.58617e+01	-2.74426e+01		         0.00500	9.70000e+01	
0.07301   	-3.53216e+01	-3.78979e+01	-2.62053e+01		         0.00667	1.37000e+02	
0.09107   	-3.33531e+01	-3.94648e+01	-2.68627e+01		         0.00833	1.79000e+02	
0.10913   	-3.25216e+01	-3.90708e+01	-2.48078e+01		         0.01000	2.22000e+02	
0.12719   	-2.96252e+01	-3.95706e+01	-2.64995e+01		         0.01167	2.64000e+02	
0.14524   	-2.99850e+01	-3.93502e+01	-2.03436e+01		         0.01333	3.03000e+02	
0.16330   	-2.90275e+01	-3.94071e+01	-2.40510e+01		         0.01500	3.36000e+02	
0.18137   	-2.72513e+01	-4.14106e+01	-2.40900e+01		         0.01667	3.64000e+02	
0.19942   	-2.68221e+01	-4.39702e+01	-2.17337e+01		         0.01833	3.83000e+02	
0.21748   	-2.79578e+01	-4.90269e+01	-2.42175e+01		         0.02000	3.92000e+02	
0.23554   	-2.85643e+01	-5.08929e+01	-2.69828e+01		         0.02167	3.93000e+02	
0.25359   	-2.93697e+01	-5.20526e+01	-2.60689e+01		         0.02333	3.83000e+02	
0.27165   	-3.02681e+01	-5.00459e+01	-2.67877e+01		         0.02500	3.65000e+02	
0.28971   	-3.08555e+01	-5.03340e+01	-2.80929e+01		         0.02667	3.38000e+02	
0.30777   	-3.13786e+01	-4.92303e+01	-2.88304e+01		         0.02833	3.06000e+02	
0.32583   	-3.21488e+01	-4.96996e+01	-2.94328e+01		         0.03000	2.70000e+02	
0.34388   	-3.27784e+01	-4.90545e+01	-3.07724e+01		         0.03167	2.32000e+02	
0.36194   	-3.31005e+01	-4.92268e+01	-3.12198e+01		         0.03333	1.93000e+02	
0.38000   	-3.37897e+01	-4.88226e+01	-2.96842e+01		         0.03500	1.55000e+02	
0.39806   	-3.44039e+01	-4.85577e+01	-2.83340e+01		         0.03667	1.18000e+02	
0.41612   	-3.33954e+01	-4.79890e+01	-2.84704e+01		         0.03833	8.40000e+01	
0.43418   	-3.22303e+01	-4.81889e+01	-2.94737e+01		         0.04000	5.30000e+01	
0.45223   	-3.08142e+01	-4.83538e+01	-3.10590e+01		         0.04167	2.50000e+01	
0.47029   	-2.77962e+01	-4.89784e+01	-3.13922e+01		         0.04333	0.00000e+00	
0.48835   	-2.62438e+01	-4.88811e+01	-2.87315e+01		         0.04500	-2.20000e+01	
0.50641   	-2.70627e+01	-4.57414e+01	-2.71702e+01		         0.04667	-4.10000e+01	
0.52446   	-2.76212e+01	-4.32881e+01	-2.53881e+01		         0.04833	-5.80000e+01	
0.54265   	-2.73445e+01	-4.09378e+01	-2.64177e+01		         0.05000	-7.20000e+01	
0.56058   	-2.73443e+01	-3.72748e+01	-2.65549e+01		         0.05167	-8.50000e+01	
0.57864   	-2.70382e+01	-3.45398e+01	-2.52062e+01		         0.05333	-9.60000e+01	
0.59670   	-2.71660e+01	-3.36735e+01	-2.41683e+01		         0.05500	-1.06000e+02	
0.61476   	-2.86614e+01	-3.37606e+01	-2.31195e+01		         0.05667	-1.13000e+02	
0.63282   	-2.93350e+01	-3.42291e+01	-2.08159e+01		         0.05833	-1.20000e+02	
0.65087   	-2.90160e+01	-3.46410e+01	-1.97967e+01		         0.06000	-1.25000e+02	
0.66893   	-2.85176e+01	-3.44454e+01	-1.95259e+01		         0.06167	-1.29000e+02	
0.68699   	-2.84102e+01	-3.48823e+01	-1.99030e+01		         0.06333	-1.32000e+02	
0.70505   	-2.83627e+01	-3.53484e+01	-2.05819e+01		         0.06500	-1.34000e+02	
0.72310   	-2.82539e+01	-3.54510e+01	-2.09787e+01		         0.06667	-1.36000e+02	
0.74116   	-2.82943e+01	-3.61773e+01	-1.94490e+01		         0.06833	-1.36000e+02	
0.75922   	-2.86542e+01	-3.74951e+01	-2.01028e+01		         0.07000	-1.36000e+02	
0.77728   	-2.74351e+01	-3.76092e+01	-2.06516e+01		         0.07167	-1.35000e+02	
0.79534   	-2.72501e+01	-3.66314e+01	-2.15777e+01		         0.07333	-1.34000e+02	
0.81340   	-2.89329e+01	-3.84576e+01	-2.49624e+01		         0.07500	-1.32000e+02	
0.83145   	-3.40620e+01	-3.92009e+01	-2.44404e+01		         0.07667	-1.30000e+02	
0.84951   	-3.31386e+01	-3.96253e+01	-2.58138e+01		         0.07833	-1.28000e+02	
0.86757   	-3.29201e+01	-3.83074e+01	-2.43397e+01		         0.08000	-1.26000e+02	
0.88563   	-3.21171e+01	-4.03258e+01	-2.49610e+01		         0.08167	-1.23000e+02	
0.90369   	-3.15877e+01	-3.98628e+01	-2.68913e+01		         0.08333	-1.20000e+02	
0.92175   	-3.28101e+01	-3.95611e+01	-2.77086e+01		         0.08500	-1.17000e+02	
0.93980   	-3.23222e+01	-4.27795e+01	-2.74808e+01		         0.08667	-1.14000e+02	
0.95786   	-3.23901e+01	-4.29483e+01	-2.72974e+01		         0.08833	-1.11000e+02	
0.97592   	-3.22059e+01	-4.49540e+01	-2.69859e+01		         0.09000	-1.08000e+02	
0.99398   	-3.09844e+01	-4.60236e+01	-2.57645e+01		         0.09167	-1.05000e+02	
1.01204   	-3.07060e+01	-4.61713e+01	-2.42067e+01		         0.09333	-1.02000e+02	
1.03010   	-2.99052e+01	-4.72878e+01	-2.36550e+01		         0.09500	-1.00000e+02	
1.04815   	-2.93625e+01	-4.60688e+01	-2.05422e+01		         0.09667	-9.70000e+01	
1.06621   	-3.01313e+01	-4.78511e+01	-2.33449e+01		         0.09833	-9.50000e+01	
1.08427   	-3.19762e+01	-4.94145e+01	-2.57571e+01		         0.10000	-9.20000e+01	
1.10233   	-3.32968e+01	-4.95403e+01	-2.49524e+01		         0.10167	-8.90000e+01	
1.12039   	-3.38891e+01	-4.94687e+01	-2.78305e+01		         0.10333	-8.70000e+01	
1.13844   	-3.51765e+01	-4.94026e+01	-2.76201e+01		         0.10500	-8.40000e+01	
1.15650   	-3.57269e+01	-5.08125e+01	-2.96039e+01		         0.10667	-8.20000e+01	
1.17456   	-3.61186e+01	-4.98811e+01	-3.11064e+01		         0.10833	-7.90000e+01	
1.19262   	-3.63700e+01	-4.97082e+01	-3.32371e+01		         0.11000	-7.70000e+01	
1.21068   	-3.59202e+01	-5.08882e+01	-3.32879e+01		         0.11167	-7.50000e+01	
1.22874   	-3.52288e+01	-5.13905e+01	-3.37704e+01		         0.11333	-7.30000e+01	
1.24679   	-3.51018e+01	-5.01191e+01	-3.24696e+01		         0.11500	-7.00000e+01	
1.26485   	-3.41404e+01	-4.81169e+01	-3.22675e+01		         0.11667	-6.80000e+01	
1.28291   	-3.32543e+01	-4.86808e+01	-3.23226e+01		         0.11833	-6.60000e+01	
1.30097   	-3.11904e+01	-4.88022e+01	-3.31796e+01		         0.12000	-6.40000e+01	
1.31902   	-2.88664e+01	-4.95599e+01	-3.32923e+01		         0.12167	-6.10000e+01	
1.33708   	-2.63400e+01	-4.64562e+01	-3.20197e+01		         0.12333	-5.90000e+01	
1.35514   	-2.65427e+01	-4.22672e+01	-2.95208e+01		         0.12500	-5.70000e+01	
1.37320   	-2.72510e+01	-3.90260e+01	-2.58074e+01		         0.12667	-5.40000e+01	
1.39126   	-2.76056e+01	-3.79754e+01	-2.60278e+01		         0.12833	-5.20000e+01	
1.40932   	-2.67198e+01	-3.43765e+01	-2.45791e+01		         0.13000	-5.00000e+01	
1.42737   	-2.68280e+01	-3.25452e+01	-2.38077e+01		         0.13167	-4.70000e+01	
1.44543   	-2.69724e+01	-3.14354e+01	-2.16850e+01		         0.13333	-4.50000e+01	
1.46349   	-2.81413e+01	-3.15978e+01	-2.01399e+01		         0.13500	-4.20000e+01	
1.48155   	-2.95382e+01	-3.09161e+01	-2.06478e+01		         0.13667	-4.00000e+01	
1.49961   	-3.03592e+01	-3.24977e+01	-2.03510e+01		         0.13833	-3.80000e+01	
1.51767   	-3.05518e+01	-3.29970e+01	-2.06589e+01		         0.14000	-3.60000e+01	
1.53572   	-3.05430e+01	-3.39515e+01	-2.06658e+01		         0.14167	-3.40000e+01	
1.55378   	-3.00958e+01	-3.70310e+01	-2.12994e+01		         0.14333	-3.20000e+01	
1.57201   	-2.88145e+01	-3.74495e+01	-2.15553e+01		         0.14500	-3.10000e+01	
1.58990   	-2.77364e+01	-3.87395e+01	-1.98756e+01		         0.14667	-2.90000e+01	
1.60796   	-3.09989e+01	-3.84873e+01	-2.33357e+01		         0.14833	-2.80000e+01	
1.62601   	-3.45790e+01	-3.81854e+01	-2.54838e+01		         0.15000	-2.60000e+01	
1.64407   	-3.76431e+01	-3.84654e+01	-2.59823e+01		         0.15167	-2.50000e+01	
1.66213   	-3.65421e+01	-3.95545e+01	-2.31955e+01		         0.15333	-2.40000e+01	
1.68019   	-3.49142e+01	-3.89624e+01	-2.34541e+01		         0.15500	-2.20000e+01	
1.69825   	-3.05982e+01	-3.72158e+01	-2.43449e+01		         0.15667	-2.10000e+01	
1.71630   	-3.20178e+01	-3.86012e+01	-2.43737e+01		         0.15833	-2.00000e+01	
1.73436   	-3.14118e+01	-3.99499e+01	-2.75834e+01		         0.16000	-1.90000e+01	
1.75242   	-3.07781e+01	-4.02817e+01	-2.42620e+01		         0.16167	-1.90000e+01	
1.77048   	-2.92469e+01	-4.16430e+01	-2.37622e+01		         0.16333	-1.80000e+01	
1.78854   	-2.86436e+01	-4.26658e+01	-2.32739e+01		         0.16500	-1.70000e+01	
1.80659   	-2.79145e+01	-4.19946e+01	-2.24643e+01		         0.16667	-1.70000e+01	
1.82465   	-2.85543e+01	-4.21964e+01	-2.09907e+01		         0.16833	-1.60000e+01	
1.84271   	-2.87326e+01	-4.21663e+01	-1.52024e+01		         0.17000	-1.60000e+01	
1.86077   	-2.86591e+01	-4.36094e+01	-1.71359e+01		         0.17167	-1.50000e+01	
1.87883   	-2.93595e+01	-4.51745e+01	-1.90818e+01		         0.17333	-1.50000e+01	
1.89689   	-3.08642e+01	-4.69669e+01	-2.28959e+01		         0.17500	-1.40000e+01	
1.91495   	-3.17999e+01	-4.87244e+01	-2.65489e+01		         0.17667	-1.20000e+01	
1.93300   	-3.25686e+01	-4.69405e+01	-2.55965e+01		         0.17833	-1.10000e+01	
1.95106   	-3.29739e+01	-4.85438e+01	-2.94689e+01		         0.18000	-9.00000e+00	
1.96912   	-3.39921e+01	-4.82173e+01	-3.14915e+01		         0.18167	-8.00000e+00	
1.98723   	-3.46766e+01	-4.84324e+01	-3.16781e+01		         0.18333	-6.00000e+00	
2.00523   	-3.48390e+01	-4.81920e+01	-3.26202e+01		         0.18500	-4.00000e+00	
2.02330   	-3.44977e+01	-5.02651e+01	-3.22976e+01		         0.18667	-2.00000e+00	
2.04135   	-3.43779e+01	-4.76610e+01	-3.20645e+01		         0.18833	0.00000e+00	
2.05941   	-3.38897e+01	-4.61301e+01	-3.12679e+01		         0.19000	2.00000e+00	
2.07747   	-3.27618e+01	-4.80733e+01	-3.22495e+01		         0.19167	3.00000e+00	
2.09553   	-3.05482e+01	-4.79928e+01	-3.18806e+01		         0.19333	5.00000e+00	
2.11359   	-2.87827e+01	-4.80989e+01	-3.19028e+01		         0.19500	6.00000e+00	
2.13164   	-2.72011e+01	-4.43658e+01	-2.95389e+01		         0.19667	7.00000e+00	
2.14970   	-2.60006e+01	-4.05396e+01	-2.90095e+01		         0.19833	8.00000e+00	
2.16776   	-2.81790e+01	-3.56538e+01	-2.48009e+01		         0.20000	9.00000e+00	
2.18582   	-2.85122e+01	-3.71831e+01	-2.56156e+01		         0.20167	1.00000e+01	
2.20388   	-2.76531e+01	-3.56784e+01	-2.52128e+01		         0.20333	1.10000e+01	
2.22193   	-2.77648e+01	-3.38227e+01	-2.42810e+01		         0.20500	1.20000e+01	
2.23999   	-2.80618e+01	-3.05137e+01	-2.19779e+01		         0.20667	1.30000e+01	
2.25805   	-2.84641e+01	-3.17480e+01	-2.00233e+01		         0.20833	1.40000e+01	
2.27611   	-2.90769e+01	-3.11673e+01	-1.99248e+01		         0.21000	1.50000e+01	
2.29417   	-2.98726e+01	-3.16136e+01	-1.95367e+01		         0.21167	1.70000e+01	
2.31222   	-2.98613e+01	-3.26143e+01	-1.98404e+01		         0.21333	1.80000e+01	
2.33028   	-2.95258e+01	-3.31451e+01	-1.83180e+01		         0.21500	2.00000e+01	
2.34834   	-2.94234e+01	-3.28672e+01	-1.74526e+01		         0.21667	2.20000e+01	
2.36640   	-2.89707e+01	-3.38660e+01	-1.79843e+01		         0.21833	2.30000e+01	
2.38445   	-2.80141e+01	-3.60656e+01	-1.95759e+01		         0.22000	2.50000e+01	
2.40251   	-2.64138e+01	-3.66360e+01	-2.04093e+01		         0.22167	2.80000e+01	
2.42057   	-2.77684e+01	-3.78374e+01	-1.91799e+01		         0.22333	3.00000e+01	
2.43863   	-3.19882e+01	-3.97907e+01	-2.35761e+01		         0.22500	3.20000e+01	
2.45669   	-3.70441e+01	-3.85581e+01	-2.34713e+01		         0.22667	3.40000e+01	
2.47475   	-3.98623e+01	-3.86148e+01	-2.51706e+01		         0.22833	3.60000e+01	
2.49281   	-3.93272e+01	-3.92198e+01	-2.28407e+01		         0.23000	3.90000e+01	
2.51086   	-3.75195e+01	-4.00110e+01	-2.30637e+01		         0.23167	4.10000e+01	
2.52892   	-3.51926e+01	-3.96801e+01	-2.43940e+01		         0.23333	4.40000e+01	
2.54698   	-3.59023e+01	-3.80976e+01	-2.48482e+01		         0.23500	4.60000e+01	
					         0.23667	4.90000e+01	
					         0.23833	5.20000e+01	
					         0.24000	5.50000e+01	
					         0.24167	5.80000e+01	
					         0.24333	6.10000e+01	
					         0.24500	6.40000e+01	
					         0.24667	6.70000e+01	
					         0.24833	7.00000e+01	
					         0.25000	7.30000e+01	
					         0.25167	7.60000e+01	
					         0.25333	7.90000e+01	
					         0.25500	8.20000e+01	
					         0.25667	8.40000e+01	
					         0.25833	8.60000e+01	
					         0.26000	8.80000e+01	
					         0.26167	8.90000e+01	
					         0.26333	9.00000e+01	
					         0.26500	9.10000e+01	
					         0.26667	9.10000e+01	
					         0.26833	9.10000e+01	
					         0.27000	9.10000e+01	
					         0.27167	9.00000e+01	
					         0.27333	9.00000e+01	
					         0.27500	8.90000e+01	
					         0.27667	8.80000e+01	
					         0.27833	8.60000e+01	
					         0.28000	8.50000e+01	
					         0.28167	8.30000e+01	
					         0.28333	8.20000e+01	
					         0.28500	8.00000e+01	
					         0.28667	7.90000e+01	
					         0.28833	7.70000e+01	
					         0.29000	7.60000e+01	
					         0.29167	7.40000e+01	
					         0.29333	7.20000e+01	
					         0.29500	7.10000e+01	
					         0.29667	6.90000e+01	
					         0.29833	6.70000e+01	
					         0.30000	6.40000e+01	
					         0.30167	6.20000e+01	
					         0.30333	5.90000e+01	
					         0.30500	5.60000e+01	
					         0.30667	5.30000e+01	
					         0.30833	5.00000e+01	
					         0.31000	4.60000e+01	
					         0.31167	4.20000e+01	
					         0.31333	3.80000e+01	
					         0.31500	3.30000e+01	
					         0.31667	2.90000e+01	
					         0.31833	2.40000e+01	
					         0.32000	1.90000e+01	
					         0.32167	1.40000e+01	
					         0.32333	9.00000e+00	
					         0.32500	4.00000e+00	
					         0.32667	0.00000e+00	
					         0.32833	-5.00000e+00	
					         0.33000	-1.00000e+01	
					         0.33167	-1.40000e+01	
					         0.33333	-1.80000e+01	
					         0.33500	-2.30000e+01	
					         0.33667	-2.60000e+01	
					         0.33833	-3.00000e+01	
					         0.34000	-3.40000e+01	
					         0.34167	-3.70000e+01	
					         0.34333	-4.00000e+01	
					         0.34500	-4.30000e+01	
					         0.34667	-4.50000e+01	
					         0.34833	-4.80000e+01	
					         0.35000	-5.00000e+01	
					         0.35167	-5.30000e+01	
					         0.35333	-5.50000e+01	
					         0.35500	-5.70000e+01	
					         0.35667	-5.80000e+01	
					         0.35833	-6.00000e+01	
					         0.36000	-6.20000e+01	
					         0.36167	-6.30000e+01	
					         0.36333	-6.40000e+01	
					         0.36500	-6.60000e+01	
					         0.36667	-6.60000e+01	
					         0.36833	-6.70000e+01	
					         0.37000	-6.70000e+01	
					         0.37167	-6.70000e+01	
					         0.37333	-6.70000e+01	
					         0.37500	-6.70000e+01	
					         0.37667	-6.60000e+01	
					         0.37833	-6.40000e+01	
					         0.38000	-6.30000e+01	
					         0.38167	-6.20000e+01	
					         0.38333	-6.00000e+01	
					         0.38500	-5.90000e+01	
					         0.38667	-5.70000e+01	
					         0.38833	-5.50000e+01	
					         0.39000	-5.40000e+01	
					         0.39167	-5.30000e+01	
					         0.39333	-5.10000e+01	
					         0.39500	-5.00000e+01	
					         0.39667	-4.90000e+01	
					         0.39833	-4.80000e+01	
					         0.40000	-4.70000e+01	
					         0.40167	-4.60000e+01	
					         0.40333	-4.50000e+01	
					         0.40500	-4.40000e+01	
					         0.40667	-4.30000e+01	
					         0.40833	-4.20000e+01	
					         0.41000	-4.00000e+01	
					         0.41167	-3.90000e+01	
					         0.41333	-3.70000e+01	
					         0.41500	-3.50000e+01	
					         0.41667	-3.30000e+01	
					         0.41833	-3.10000e+01	
					         0.42000	-2.90000e+01	
					         0.42167	-2.70000e+01	
					         0.42333	-2.50000e+01	
					         0.42500	-2.30000e+01	
					         0.42667	-2.20000e+01	
					         0.42833	-2.00000e+01	
					         0.43000	-1.90000e+01	
					         0.43167	-1.80000e+01	
					         0.43333	-1.70000e+01	
					         0.43500	-1.70000e+01	
					         0.43667	-1.60000e+01	
					         0.43833	-1.60000e+01	
					         0.44000	-1.60000e+01	
					         0.44167	-1.60000e+01	
					         0.44333	-1.60000e+01	
					         0.44500	-1.50000e+01	
					         0.44667	-1.50000e+01	
					         0.44833	-1.40000e+01	
					         0.45000	-1.40000e+01	
					         0.45167	-1.30000e+01	
					         0.45333	-1.30000e+01	
					         0.45500	-1.20000e+01	
					         0.45667	-1.20000e+01	
					         0.45833	-1.10000e+01	
					         0.46000	-1.10000e+01	
					         0.46167	-1.00000e+01	
					         0.46333	-9.00000e+00	
					         0.46500	-9.00000e+00	
					         0.46667	-9.00000e+00	
					         0.46833	-8.00000e+00	
					         0.47000	-8.00000e+00	
					         0.47167	-7.00000e+00	
					         0.47333	-7.00000e+00	
					         0.47500	-7.00000e+00	
					         0.47667	-7.00000e+00	
					         0.47833	-7.00000e+00	
					         0.48000	-7.00000e+00	
					         0.48167	-7.00000e+00	
					         0.48333	-7.00000e+00	
					         0.48500	-7.00000e+00	
					         0.48667	-7.00000e+00	
					         0.48833	-7.00000e+00	
					         0.49000	-6.00000e+00	
					         0.49167	-6.00000e+00	
					         0.49333	-6.00000e+00	
					         0.49500	-6.00000e+00	
					         0.49667	-7.00000e+00	
					         0.49833	-7.00000e+00	
					         0.50000	-7.00000e+00	
					         0.50167	-7.00000e+00	
					         0.50333	-8.00000e+00	
					         0.50500	-9.00000e+00	
					         0.50667	-9.00000e+00	
					         0.50833	-1.00000e+01	
					         0.51000	-1.10000e+01	
					         0.51167	-1.20000e+01	
					         0.51333	-1.20000e+01	
					         0.51500	-1.30000e+01	
					         0.51667	-1.30000e+01	
					         0.51833	-1.30000e+01	
					         0.52000	-1.30000e+01	
					         0.52167	-1.40000e+01	
					         0.52333	-1.40000e+01	
					         0.52500	-1.30000e+01	
					         0.52667	-1.30000e+01	
					         0.52833	-1.30000e+01	
					         0.53000	-1.20000e+01	
					         0.53167	-1.10000e+01	
					         0.53333	-1.10000e+01	
					         0.53500	-1.00000e+01	
					         0.53667	-1.00000e+01	
					         0.53833	-9.00000e+00	
					         0.54000	-9.00000e+00	
					         0.54167	-8.00000e+00	
					         0.54333	-8.00000e+00	
					         0.54500	-8.00000e+00	
					         0.54667	-8.00000e+00	
					         0.54833	-8.00000e+00	
					         0.55000	-9.00000e+00	
					         0.55167	-9.00000e+00	
					         0.55333	-1.00000e+01	
					         0.55500	-1.00000e+01	
					         0.55667	-1.00000e+01	
					         0.55833	-1.00000e+01	
					         0.56000	-1.10000e+01	
					         0.56167	-1.10000e+01	
					         0.56333	-1.10000e+01	
					         0.56500	-1.10000e+01	
					         0.56667	-1.10000e+01	
					         0.56833	-1.10000e+01	
					         0.57000	-1.10000e+01	
					         0.57167	-1.10000e+01	
					         0.57333	-1.10000e+01	
					         0.57500	-1.10000e+01	
					         0.57667	-1.10000e+01	
					         0.57833	-1.10000e+01	
					         0.58000	-1.10000e+01	
					         0.58167	-1.10000e+01	
					         0.58333	-1.00000e+01	
					         0.58500	-1.00000e+01	
					         0.58667	-1.00000e+01	
					         0.58833	-1.00000e+01	
					         0.59000	-1.00000e+01	
					         0.59167	-1.00000e+01	
					         0.59333	-1.10000e+01	
					         0.59500	-1.10000e+01	
					         0.59667	-1.20000e+01	
					         0.59833	-1.30000e+01	
					         0.60000	-1.30000e+01	
					         0.60167	-1.40000e+01	
					         0.60333	-1.50000e+01	
					         0.60500	-1.60000e+01	
					         0.60667	-1.60000e+01	
					         0.60833	-1.60000e+01	
					         0.61000	-1.70000e+01	
					         0.61167	-1.70000e+01	
					         0.61333	-1.60000e+01	
					         0.61500	-1.60000e+01	
					         0.61667	-1.60000e+01	
					         0.61833	-1.60000e+01	
					         0.62000	-1.50000e+01	
					         0.62167	-1.50000e+01	
					         0.62333	-1.40000e+01	
					         0.62500	-1.30000e+01	
					         0.62667	-1.30000e+01	
					         0.62833	-1.20000e+01	
					         0.63000	-1.10000e+01	
					         0.63167	-1.00000e+01	
					         0.63333	-9.00000e+00	
					         0.63500	-9.00000e+00	
					         0.63667	-8.00000e+00	
					         0.63833	-7.00000e+00	
					         0.64000	-6.00000e+00	
					         0.64167	-5.00000e+00	
					         0.64333	-5.00000e+00	
					         0.64500	-4.00000e+00	
					         0.64667	-4.00000e+00	
					         0.64833	-4.00000e+00	
					         0.65000	-3.00000e+00	
					         0.65167	-3.00000e+00	
					         0.65333	-3.00000e+00	
					         0.65500	-3.00000e+00	
					         0.65667	-3.00000e+00	
					         0.65833	-3.00000e+00	
					         0.66000	-2.00000e+00	
					         0.66167	-2.00000e+00	
					         0.66333	-2.00000e+00	
					         0.66500	-2.00000e+00	
					         0.66667	-1.00000e+00	
					         0.66833	0.00000e+00	
					         0.67000	1.00000e+00	
					         0.67167	2.00000e+00	
					         0.67333	4.00000e+00	
					         0.67500	6.00000e+00	
					         0.67667	8.00000e+00	
					         0.67833	1.00000e+01	
					         0.68000	1.20000e+01	
					         0.68167	1.40000e+01	
					         0.68333	1.70000e+01	
					         0.68500	1.90000e+01	
					         0.68667	2.20000e+01	
					         0.68833	2.40000e+01	
					         0.69000	2.60000e+01	
					         0.69167	2.90000e+01	
					         0.69333	3.10000e+01	
					         0.69500	3.40000e+01	
					         0.69667	3.70000e+01	
					         0.69833	3.90000e+01	
					         0.70000	4.20000e+01	
					         0.70167	4.60000e+01	
					         0.70333	4.90000e+01	
					         0.70500	5.20000e+01	
					         0.70667	5.50000e+01	
					         0.70833	5.80000e+01	
					         0.71000	6.10000e+01	
					         0.71167	6.40000e+01	
					         0.71333	6.70000e+01	
					         0.71500	7.00000e+01	
					         0.71667	7.20000e+01	
					         0.71833	7.40000e+01	
					         0.72000	7.60000e+01	
					         0.72167	7.70000e+01	
					         0.72333	7.70000e+01	
					         0.72500	7.70000e+01	
					         0.72667	7.60000e+01	
					         0.72833	7.40000e+01	
					         0.73000	7.10000e+01	
					         0.73167	6.80000e+01	
					         0.73333	6.40000e+01	
					         0.73500	6.00000e+01	
					         0.73667	5.50000e+01	
					         0.73833	4.90000e+01	
					         0.74000	4.30000e+01	
					         0.74167	3.70000e+01	
					         0.74333	3.10000e+01	
					         0.74500	2.40000e+01	
					         0.74667	1.70000e+01	
					         0.74833	1.00000e+01	
					         0.75000	3.00000e+00	
					         0.75167	-5.00000e+00	
					         0.75333	-1.20000e+01	
					         0.75500	-1.90000e+01	
					         0.75667	-2.60000e+01	
					         0.75833	-3.20000e+01	
					         0.76000	-3.80000e+01	
					         0.76167	-4.40000e+01	
					         0.76333	-4.90000e+01	
					         0.76500	-5.30000e+01	
					         0.76667	-5.60000e+01	
					         0.76833	-5.80000e+01	
					         0.77000	-6.00000e+01	
					         0.77167	-6.10000e+01	
					         0.77333	-6.20000e+01	
					         0.77500	-6.20000e+01	
					         0.77667	-6.20000e+01	
					         0.77833	-6.20000e+01	
					         0.78000	-6.10000e+01	
					         0.78167	-6.10000e+01	
					         0.78333	-6.00000e+01	
					         0.78500	-6.00000e+01	
					         0.78667	-5.90000e+01	
					         0.78833	-5.90000e+01	
					         0.79000	-5.90000e+01	
					         0.79167	-5.80000e+01	
					         0.79333	-5.80000e+01	
					         0.79500	-5.70000e+01	
					         0.79667	-5.60000e+01	
					         0.79833	-5.50000e+01	
					         0.80000	-5.40000e+01	
					         0.80167	-5.30000e+01	
					         0.80333	-5.20000e+01	
					         0.80500	-5.10000e+01	
					         0.80667	-5.00000e+01	
					         0.80833	-4.90000e+01	
					         0.81000	-4.80000e+01	
					         0.81167	-4.60000e+01	
					         0.81333	-4.50000e+01	
					         0.81500	-4.40000e+01	
					         0.81667	-4.20000e+01	
					         0.81833	-4.10000e+01	
					         0.82000	-4.00000e+01	
					         0.82167	-3.80000e+01	
					         0.82333	-3.70000e+01	
					         0.82500	-3.50000e+01	
					         0.82667	-3.40000e+01	
					         0.82833	-3.20000e+01	
					         0.83000	-3.10000e+01	
					         0.83167	-3.00000e+01	
					         0.83333	-3.00000e+01	
					         0.83500	-2.90000e+01	
					         0.83667	-2.90000e+01	
					         0.83833	-2.90000e+01	
					         0.84000	-2.90000e+01	
					         0.84167	-2.90000e+01	
					         0.84333	-3.00000e+01	
					         0.84500	-3.10000e+01	
					         0.84667	-3.20000e+01	
					         0.84833	-3.30000e+01	
					         0.85000	-3.30000e+01	
					         0.85167	-3.20000e+01	
					         0.85333	-2.90000e+01	
					         0.85500	-2.40000e+01	
					         0.85667	-1.50000e+01	
					         0.85833	-3.00000e+00	
					         0.86000	1.30000e+01	
					         0.86167	3.50000e+01	
					         0.86333	6.20000e+01	
					         0.86500	9.50000e+01	
					         0.86667	1.33000e+02	
					         0.86833	1.74000e+02	
					         0.87000	2.17000e+02	
					         0.87167	2.60000e+02	
					         0.87333	3.00000e+02	
					         0.87500	3.36000e+02	
					         0.87667	3.67000e+02	
					         0.87833	3.90000e+02	
					         0.88000	4.05000e+02	
					         0.88167	4.10000e+02	
					         0.88333	4.05000e+02	
					         0.88500	3.91000e+02	
					         0.88667	3.67000e+02	
					         0.88833	3.37000e+02	
					         0.89000	3.01000e+02	
					         0.89167	2.62000e+02	
					         0.89333	2.22000e+02	
					         0.89500	1.82000e+02	
					         0.89667	1.44000e+02	
					         0.89833	1.07000e+02	
					         0.90000	7.40000e+01	
					         0.90167	4.40000e+01	
					         0.90333	1.70000e+01	
					         0.90500	-6.00000e+00	
					         0.90667	-2.60000e+01	
					         0.90833	-4.40000e+01	
					         0.91000	-5.90000e+01	
					         0.91167	-7.30000e+01	
					         0.91333	-8.40000e+01	
					         0.91500	-9.40000e+01	
					         0.91667	-1.03000e+02	
					         0.91833	-1.11000e+02	
					         0.92000	-1.18000e+02	
					         0.92167	-1.23000e+02	
					         0.92333	-1.27000e+02	
					         0.92500	-1.30000e+02	
					         0.92667	-1.32000e+02	
					         0.92833	-1.33000e+02	
					         0.93000	-1.33000e+02	
					         0.93167	-1.33000e+02	
					         0.93333	-1.32000e+02	
					         0.93500	-1.30000e+02	
					         0.93667	-1.28000e+02	
					         0.93833	-1.25000e+02	
					         0.94000	-1.22000e+02	
					         0.94167	-1.19000e+02	
					         0.94333	-1.16000e+02	
					         0.94500	-1.13000e+02	
					         0.94667	-1.10000e+02	
					         0.94833	-1.07000e+02	
					         0.95000	-1.03000e+02	
					         0.95167	-1.00000e+02	
					         0.95333	-9.80000e+01	
					         0.95500	-9.50000e+01	
					         0.95667	-9.20000e+01	
					         0.95833	-8.90000e+01	
					         0.96000	-8.60000e+01	
					         0.96167	-8.40000e+01	
					         0.96333	-8.10000e+01	
					         0.96500	-7.90000e+01	
					         0.96667	-7.60000e+01	
					         0.96833	-7.40000e+01	
					         0.97000	-7.30000e+01	
					         0.97167	-7.10000e+01	
					         0.97333	-6.90000e+01	
					         0.97500	-6.70000e+01	
					         0.97667	-6.50000e+01	
					         0.97833	-6.30000e+01	
					         0.98000	-6.10000e+01	
					         0.98167	-5.90000e+01	
					         0.98333	-5.70000e+01	
					         0.98500	-5.50000e+01	
					         0.98667	-5.30000e+01	
					         0.98833	-5.20000e+01	
					         0.99000	-4.90000e+01	
					         0.99167	-4.70000e+01	
					         0.99333	-4.50000e+01	
					         0.99500	-4.40000e+01	
					         0.99667	-4.20000e+01	
					         0.99833	-4.00000e+01	
					         1.00000	-3.80000e+01	
					         1.00167	-3.70000e+01	
					         1.00333	-3.50000e+01	
					         1.00500	-3.40000e+01	
					         1.00667	-3.20000e+01	
					         1.00833	-3.10000e+01	
					         1.01000	-2.90000e+01	
					         1.01167	-2.80000e+01	
					         1.01333	-2.60000e+01	
					         1.01500	-2.40000e+01	
					         1.01667	-2.20000e+01	
					         1.01833	-2.10000e+01	
					         1.02000	-1.90000e+01	
					         1.02167	-1.70000e+01	
					         1.02333	-1.50000e+01	
					         1.02500	-1.40000e+01	
					         1.02667	-1.20000e+01	
					         1.02833	-1.00000e+01	
					         1.03000	-8.00000e+00	
					         1.03167	-6.00000e+00	
					         1.03333	-4.00000e+00	
					         1.03500	-3.00000e+00	
					         1.03667	-1.00000e+00	
					         1.03833	1.00000e+00	
					         1.04000	3.00000e+00	
					         1.04167	4.00000e+00	
					         1.04333	6.00000e+00	
					         1.04500	7.00000e+00	
					         1.04667	9.00000e+00	
					         1.04833	1.00000e+01	
					         1.05000	1.10000e+01	
					         1.05167	1.30000e+01	
					         1.05333	1.40000e+01	
					         1.05500	1.50000e+01	
					         1.05667	1.60000e+01	
					         1.05833	1.70000e+01	
					         1.06000	1.80000e+01	
					         1.06167	1.90000e+01	
					         1.06333	2.00000e+01	
					         1.06500	2.10000e+01	
					         1.06667	2.20000e+01	
					         1.06833	2.40000e+01	
					         1.07000	2.50000e+01	
					         1.07167	2.60000e+01	
					         1.07333	2.80000e+01	
					         1.07500	3.00000e+01	
					         1.07667	3.10000e+01	
					         1.07833	3.30000e+01	
					         1.08000	3.50000e+01	
					         1.08167	3.60000e+01	
					         1.08333	3.80000e+01	
					         1.08500	4.00000e+01	
					         1.08667	4.20000e+01	
					         1.08833	4.40000e+01	
					         1.09000	4.50000e+01	
					         1.09167	4.70000e+01	
					         1.09333	4.90000e+01	
					         1.09500	5.10000e+01	
					         1.09667	5.30000e+01	
					         1.09833	5.50000e+01	
					         1.10000	5.80000e+01	
					         1.10167	6.00000e+01	
					         1.10333	6.30000e+01	
					         1.10500	6.50000e+01	
					         1.10667	6.80000e+01	
					         1.10833	7.10000e+01	
					         1.11000	7.40000e+01	
					         1.11167	7.70000e+01	
					         1.11333	8.10000e+01	
					         1.11500	8.40000e+01	
					         1.11667	8.60000e+01	
					         1.11833	8.90000e+01	
					         1.12000	9.20000e+01	
					         1.12167	9.40000e+01	
					         1.12333	9.50000e+01	
					         1.12500	9.70000e+01	
					         1.12667	9.80000e+01	
					         1.12833	9.80000e+01	
					         1.13000	9.90000e+01	
					         1.13167	9.90000e+01	
					         1.13333	9.90000e+01	
					         1.13500	9.90000e+01	
					         1.13667	9.80000e+01	
					         1.13833	9.80000e+01	
					         1.14000	9.70000e+01	
					         1.14167	9.70000e+01	
					         1.14333	9.60000e+01	
					         1.14500	9.50000e+01	
					         1.14667	9.30000e+01	
					         1.14833	9.20000e+01	
					         1.15000	9.00000e+01	
					         1.15167	8.80000e+01	
					         1.15333	8.60000e+01	
					         1.15500	8.40000e+01	
					         1.15667	8.10000e+01	
					         1.15833	7.80000e+01	
					         1.16000	7.50000e+01	
					         1.16167	7.20000e+01	
					         1.16333	6.80000e+01	
					         1.16500	6.50000e+01	
					         1.16667	6.20000e+01	
					         1.16833	5.80000e+01	
					         1.17000	5.50000e+01	
					         1.17167	5.10000e+01	
					         1.17333	4.70000e+01	
					         1.17500	4.40000e+01	
					         1.17667	4.00000e+01	
					         1.17833	3.60000e+01	
					         1.18000	3.20000e+01	
					         1.18167	2.70000e+01	
					         1.18333	2.30000e+01	
					         1.18500	1.90000e+01	
					         1.18667	1.60000e+01	
					         1.18833	1.20000e+01	
					         1.19000	8.00000e+00	
					         1.19167	4.00000e+00	
					         1.19333	0.00000e+00	
					         1.19500	-4.00000e+00	
					         1.19667	-8.00000e+00	
					         1.19833	-1.20000e+01	
					         1.20000	-1.60000e+01	
					         1.20167	-1.90000e+01	
					         1.20333	-2.30000e+01	
					         1.20500	-2.70000e+01	
					         1.20667	-3.00000e+01	
					         1.20833	-3.30000e+01	
					         1.21000	-3.60000e+01	
					         1.21167	-3.90000e+01	
					         1.21333	-4.20000e+01	
					         1.21500	-4.40000e+01	
					         1.21667	-4.60000e+01	
					         1.21833	-4.80000e+01	
					         1.22000	-5.00000e+01	
					         1.22167	-5.10000e+01	
					         1.22333	-5.20000e+01	
					         1.22500	-5.40000e+01	
					         1.22667	-5.40000e+01	
					         1.22833	-5.50000e+01	
					         1.23000	-5.50000e+01	
					         1.23167	-5.60000e+01	
					         1.23333	-5.60000e+01	
					         1.23500	-5.50000e+01	
					         1.23667	-5.50000e+01	
					         1.23833	-5.40000e+01	
					         1.24000	-5.30000e+01	
					         1.24167	-5.30000e+01	
					         1.24333	-5.20000e+01	
					         1.24500	-5.10000e+01	
					         1.24667	-5.00000e+01	
					         1.24833	-4.80000e+01	
					         1.25000	-4.70000e+01	
					         1.25167	-4.60000e+01	
					         1.25333	-4.50000e+01	
					         1.25500	-4.40000e+01	
					         1.25667	-4.20000e+01	
					         1.25833	-4.10000e+01	
					         1.26000	-4.00000e+01	
					         1.26167	-3.90000e+01	
					         1.26333	-3.70000e+01	
					         1.26500	-3.60000e+01	
					         1.26667	-3.40000e+01	
					         1.26833	-3.20000e+01	
					         1.27000	-3.00000e+01	
					         1.27167	-2.80000e+01	
					         1.27333	-2.60000e+01	
					         1.27500	-2.40000e+01	
					         1.27667	-2.20000e+01	
					         1.27833	-2.00000e+01	
					         1.28000	-1.90000e+01	
					         1.28167	-1.70000e+01	
					         1.28333	-1.50000e+01	
					         1.28500	-1.40000e+01	
					         1.28667	-1.30000e+01	
					         1.28833	-1.20000e+01	
					         1.29000	-1.10000e+01	
					         1.29167	-1.00000e+01	
					         1.29333	-1.00000e+01	
					         1.29500	-9.00000e+00	
					         1.29667	-9.00000e+00	
					         1.29833	-8.00000e+00	
					         1.30000	-7.00000e+00	
					         1.30167	-6.00000e+00	
					         1.30333	-5.00000e+00	
					         1.30500	-4.00000e+00	
					         1.30667	-2.00000e+00	
					         1.30833	-1.00000e+00	
					         1.31000	0.00000e+00	
					         1.31167	1.00000e+00	
					         1.31333	2.00000e+00	
					         1.31500	3.00000e+00	
					         1.31667	4.00000e+00	
					         1.31833	5.00000e+00	
					         1.32000	5.00000e+00	
					         1.32167	5.00000e+00	
					         1.32333	5.00000e+00	
					         1.32500	5.00000e+00	
					         1.32667	5.00000e+00	
					         1.32833	5.00000e+00	
					         1.33000	5.00000e+00	
					         1.33167	5.00000e+00	
					         1.33333	5.00000e+00	
					         1.33500	5.00000e+00	
					         1.33667	5.00000e+00	
					         1.33833	5.00000e+00	
					         1.34000	6.00000e+00	
					         1.34167	6.00000e+00	
					         1.34333	7.00000e+00	
					         1.34500	7.00000e+00	
					         1.34667	7.00000e+00	
					         1.34833	8.00000e+00	
					         1.35000	8.00000e+00	
					         1.35167	8.00000e+00	
					         1.35333	8.00000e+00	
					         1.35500	8.00000e+00	
					         1.35667	8.00000e+00	
					         1.35833	8.00000e+00	
					         1.36000	8.00000e+00	
					         1.36167	8.00000e+00	
					         1.36333	8.00000e+00	
					         1.36500	7.00000e+00	
					         1.36667	7.00000e+00	
					         1.36833	7.00000e+00	
					         1.37000	7.00000e+00	
					         1.37167	7.00000e+00	
					         1.37333	7.00000e+00	
					         1.37500	7.00000e+00	
					         1.37667	7.00000e+00	
					         1.37833	7.00000e+00	
					         1.38000	7.00000e+00	
					         1.38167	6.00000e+00	
					         1.38333	6.00000e+00	
					         1.38500	6.00000e+00	
					         1.38667	5.00000e+00	
					         1.38833	5.00000e+00	
					         1.39000	4.00000e+00	
					         1.39167	4.00000e+00	
					         1.39333	3.00000e+00	
					         1.39500	3.00000e+00	
					         1.39667	3.00000e+00	
					         1.39833	2.00000e+00	
					         1.40000	2.00000e+00	
					         1.40167	2.00000e+00	
					         1.40333	2.00000e+00	
					         1.40500	2.00000e+00	
					         1.40667	2.00000e+00	
					         1.40833	2.00000e+00	
					         1.41000	2.00000e+00	
					         1.41167	2.00000e+00	
					         1.41333	2.00000e+00	
					         1.41500	2.00000e+00	
					         1.41667	2.00000e+00	
					         1.41833	1.00000e+00	
					         1.42000	1.00000e+00	
					         1.42167	0.00000e+00	
					         1.42333	0.00000e+00	
					         1.42500	-1.00000e+00	
					         1.42667	-1.00000e+00	
					         1.42833	-1.00000e+00	
					         1.43000	-2.00000e+00	
					         1.43167	-2.00000e+00	
					         1.43333	-2.00000e+00	
					         1.43500	-2.00000e+00	
					         1.43667	-2.00000e+00	
					         1.43833	-2.00000e+00	
					         1.44000	-1.00000e+00	
					         1.44167	-1.00000e+00	
					         1.44333	0.00000e+00	
					         1.44500	0.00000e+00	
					         1.44667	1.00000e+00	
					         1.44833	1.00000e+00	
					         1.45000	1.00000e+00	
					         1.45167	2.00000e+00	
					         1.45333	2.00000e+00	
					         1.45500	2.00000e+00	
					         1.45667	2.00000e+00	
					         1.45833	2.00000e+00	
					         1.46000	2.00000e+00	
					         1.46167	3.00000e+00	
					         1.46333	3.00000e+00	
					         1.46500	4.00000e+00	
					         1.46667	4.00000e+00	
					         1.46833	5.00000e+00	
					         1.47000	6.00000e+00	
					         1.47167	7.00000e+00	
					         1.47333	8.00000e+00	
					         1.47500	9.00000e+00	
					         1.47667	1.00000e+01	
					         1.47833	1.20000e+01	
					         1.48000	1.30000e+01	
					         1.48167	1.50000e+01	
					         1.48333	1.70000e+01	
					         1.48500	1.90000e+01	
					         1.48667	2.10000e+01	
					         1.48833	2.30000e+01	
					         1.49000	2.60000e+01	
					         1.49167	2.90000e+01	
					         1.49333	3.20000e+01	
					         1.49500	3.50000e+01	
					         1.49667	3.90000e+01	
					         1.49833	4.30000e+01	
					         1.50000	4.70000e+01	
					         1.50167	5.10000e+01	
					         1.50333	5.50000e+01	
					         1.50500	5.90000e+01	
					         1.50667	6.40000e+01	
					         1.50833	6.80000e+01	
					         1.51000	7.20000e+01	
					         1.51167	7.50000e+01	
					         1.51333	7.80000e+01	
					         1.51500	8.10000e+01	
					         1.51667	8.30000e+01	
					         1.51833	8.40000e+01	
					         1.52000	8.40000e+01	
					         1.52167	8.40000e+01	
					         1.52333	8.30000e+01	
					         1.52500	8.10000e+01	
					         1.52667	7.80000e+01	
					         1.52833	7.50000e+01	
					         1.53000	7.10000e+01	
					         1.53167	6.60000e+01	
					         1.53333	6.10000e+01	
					         1.53500	5.60000e+01	
					         1.53667	5.00000e+01	
					         1.53833	4.30000e+01	
					         1.54000	3.70000e+01	
					         1.54167	3.00000e+01	
					         1.54333	2.20000e+01	
					         1.54500	1.40000e+01	
					         1.54667	7.00000e+00	
					         1.54833	-1.00000e+00	
					         1.55000	-9.00000e+00	
					         1.55167	-1.70000e+01	
					         1.55333	-2.40000e+01	
					         1.55500	-3.10000e+01	
					         1.55667	-3.70000e+01	
					         1.55833	-4.30000e+01	
					         1.56000	-4.80000e+01	
					         1.56167	-5.20000e+01	
					         1.56333	-5.60000e+01	
					         1.56500	-5.90000e+01	
					         1.56667	-6.20000e+01	
					         1.56833	-6.40000e+01	
					         1.57000	-6.50000e+01	
					         1.57167	-6.60000e+01	
					         1.57333	-6.70000e+01	
					         1.57500	-6.70000e+01	
					         1.57667	-6.70000e+01	
					         1.57833	-6.70000e+01	
					         1.58000	-6.70000e+01	
					         1.58167	-6.70000e+01	
					         1.58333	-6.70000e+01	
					         1.58500	-6.60000e+01	
					         1.58667	-6.50000e+01	
					         1.58833	-6.40000e+01	
					         1.59000	-6.40000e+01	
					         1.59167	-6.30000e+01	
					         1.59333	-6.20000e+01	
					         1.59500	-6.10000e+01	
					         1.59667	-6.00000e+01	
					         1.59833	-5.90000e+01	
					         1.60000	-5.80000e+01	
					         1.60167	-5.70000e+01	
					         1.60333	-5.60000e+01	
					         1.60500	-5.50000e+01	
					         1.60667	-5.40000e+01	
					         1.60833	-5.20000e+01	
					         1.61000	-5.10000e+01	
					         1.61167	-5.00000e+01	
					         1.61333	-4.80000e+01	
					         1.61500	-4.70000e+01	
					         1.61667	-4.50000e+01	
					         1.61833	-4.40000e+01	
					         1.62000	-4.20000e+01	
					         1.62167	-4.00000e+01	
					         1.62333	-3.90000e+01	
					         1.62500	-3.70000e+01	
					         1.62667	-3.60000e+01	
					         1.62833	-3.50000e+01	
					         1.63000	-3.40000e+01	
					         1.63167	-3.30000e+01	
					         1.63333	-3.20000e+01	
					         1.63500	-3.10000e+01	
					         1.63667	-3.10000e+01	
					         1.63833	-3.10000e+01	
					         1.64000	-3.10000e+01	
					         1.64167	-3.10000e+01	
					         1.64333	-3.20000e+01	
					         1.64500	-3.20000e+01	
					         1.64667	-3.30000e+01	
					         1.64833	-3.30000e+01	
					         1.65000	-3.30000e+01	
					         1.65167	-3.20000e+01	
					         1.65333	-3.00000e+01	
					         1.65500	-2.60000e+01	
					         1.65667	-1.90000e+01	
					         1.65833	-9.00000e+00	
					         1.66000	4.00000e+00	
					         1.66167	2.30000e+01	
					         1.66333	4.60000e+01	
					         1.66500	7.60000e+01	
					         1.66667	1.10000e+02	
					         1.66833	1.49000e+02	
					         1.67000	1.91000e+02	
					         1.67167	2.34000e+02	
					         1.67333	2.76000e+02	
					         1.67500	3.15000e+02	
					         1.67667	3.50000e+02	
					         1.67833	3.78000e+02	
					         1.68000	3.99000e+02	
					         1.68167	4.11000e+02	
					         1.68333	4.13000e+02	
					         1.68500	4.05000e+02	
					         1.68667	3.89000e+02	
					         1.68833	3.64000e+02	
					         1.69000	3.32000e+02	
					         1.69167	2.96000e+02	
					         1.69333	2.57000e+02	
					         1.69500	2.17000e+02	
					         1.69667	1.77000e+02	
					         1.69833	1.39000e+02	
					         1.70000	1.03000e+02	
					         1.70167	7.00000e+01	
					         1.70333	4.10000e+01	
					         1.70500	1.40000e+01	
					         1.70667	-9.00000e+00	
					         1.70833	-2.90000e+01	
					         1.71000	-4.70000e+01	
					         1.71167	-6.20000e+01	
					         1.71333	-7.60000e+01	
					         1.71500	-8.70000e+01	
					         1.71667	-9.70000e+01	
					         1.71833	-1.05000e+02	
					         1.72000	-1.12000e+02	
					         1.72167	-1.17000e+02	
					         1.72333	-1.21000e+02	
					         1.72500	-1.23000e+02	
					         1.72667	-1.25000e+02	
					         1.72833	-1.26000e+02	
					         1.73000	-1.26000e+02	
					         1.73167	-1.25000e+02	
					         1.73333	-1.24000e+02	
					         1.73500	-1.23000e+02	
					         1.73667	-1.22000e+02	
					         1.73833	-1.20000e+02	
					         1.74000	-1.18000e+02	
					         1.74167	-1.16000e+02	
					         1.74333	-1.14000e+02	
					         1.74500	-1.13000e+02	
					         1.74667	-1.11000e+02	
					         1.74833	-1.09000e+02	
					         1.75000	-1.07000e+02	
					         1.75167	-1.05000e+02	
					         1.75333	-1.03000e+02	
					         1.75500	-1.01000e+02	
					         1.75667	-9.90000e+01	
					         1.75833	-9.60000e+01	
					         1.76000	-9.30000e+01	
					         1.76167	-9.00000e+01	
					         1.76333	-8.70000e+01	
					         1.76500	-8.40000e+01	
					         1.76667	-8.10000e+01	
					         1.76833	-7.80000e+01	
					         1.77000	-7.50000e+01	
					         1.77167	-7.30000e+01	
					         1.77333	-7.00000e+01	
					         1.77500	-6.80000e+01	
					         1.77667	-6.50000e+01	
					         1.77833	-6.30000e+01	
					         1.78000	-6.10000e+01	
					         1.78167	-5.90000e+01	
					         1.78333	-5.80000e+01	
					         1.78500	-5.60000e+01	
					         1.78667	-5.40000e+01	
					         1.78833	-5.20000e+01	
					         1.79000	-5.10000e+01	
					         1.79167	-4.90000e+01	
					         1.79333	-4.70000e+01	
					         1.79500	-4.50000e+01	
					         1.79667	-4.30000e+01	
					         1.79833	-4.10000e+01	
					         1.80000	-3.90000e+01	
					         1.80167	-3.70000e+01	
					         1.80333	-3.50000e+01	
					         1.80500	-3.30000e+01	
					         1.80667	-3.00000e+01	
					         1.80833	-2.80000e+01	
					         1.81000	-2.60000e+01	
					         1.81167	-2.40000e+01	
					         1.81333	-2.20000e+01	
					         1.81500	-2.00000e+01	
					         1.81667	-1.80000e+01	
					         1.81833	-1.70000e+01	
					         1.82000	-1.50000e+01	
					         1.82167	-1.40000e+01	
					         1.82333	-1.20000e+01	
					         1.82500	-1.10000e+01	
					         1.82667	-9.00000e+00	
					         1.82833	-8.00000e+00	
					         1.83000	-7.00000e+00	
					         1.83167	-6.00000e+00	
					         1.83333	-5.00000e+00	
					         1.83500	-4.00000e+00	
					         1.83667	-3.00000e+00	
					         1.83833	-3.00000e+00	
					         1.84000	-3.00000e+00	
					         1.84167	-2.00000e+00	
					         1.84333	-2.00000e+00	
					         1.84500	-2.00000e+00	
					         1.84667	-1.00000e+00	
					         1.84833	-1.00000e+00	
					         1.85000	0.00000e+00	
					         1.85167	0.00000e+00	
					         1.85333	1.00000e+00	
					         1.85500	3.00000e+00	
					         1.85667	4.00000e+00	
					         1.85833	6.00000e+00	
					         1.86000	8.00000e+00	
					         1.86167	9.00000e+00	
					         1.86333	1.10000e+01	
					         1.86500	1.30000e+01	
					         1.86667	1.50000e+01	
					         1.86833	1.70000e+01	
					         1.87000	1.80000e+01	
					         1.87167	2.00000e+01	
					         1.87333	2.20000e+01	
					         1.87500	2.50000e+01	
					         1.87667	2.70000e+01	
					         1.87833	2.90000e+01	
					         1.88000	3.10000e+01	
					         1.88167	3.30000e+01	
					         1.88333	3.50000e+01	
					         1.88500	3.70000e+01	
					         1.88667	3.80000e+01	
					         1.88833	4.00000e+01	
					         1.89000	4.20000e+01	
					         1.89167	4.40000e+01	
					         1.89333	4.50000e+01	
					         1.89500	4.70000e+01	
					         1.89667	4.90000e+01	
					         1.89833	5.10000e+01	
					         1.90000	5.40000e+01	
					         1.90167	5.60000e+01	
					         1.90333	5.90000e+01	
					         1.90500	6.20000e+01	
					         1.90667	6.60000e+01	
					         1.90833	6.90000e+01	
					         1.91000	7.30000e+01	
					         1.91167	7.70000e+01	
					         1.91333	8.10000e+01	
					         1.91500	8.40000e+01	
					         1.91667	8.70000e+01	
					         1.91833	9.00000e+01	
					         1.92000	9.30000e+01	
					         1.92167	9.50000e+01	
					         1.92333	9.60000e+01	
					         1.92500	9.70000e+01	
					         1.92667	9.80000e+01	
					         1.92833	9.80000e+01	
					         1.93000	9.80000e+01	
					         1.93167	9.80000e+01	
					         1.93333	9.80000e+01	
					         1.93500	9.70000e+01	
					         1.93667	9.70000e+01	
					         1.93833	9.70000e+01	
					         1.94000	9.60000e+01	
					         1.94167	9.60000e+01	
					         1.94333	9.50000e+01	
					         1.94500	9.40000e+01	
					         1.94667	9.30000e+01	
					         1.94833	9.20000e+01	
					         1.95000	9.00000e+01	
					         1.95167	8.80000e+01	
					         1.95333	8.60000e+01	
					         1.95500	8.40000e+01	
					         1.95667	8.10000e+01	
					         1.95833	7.90000e+01	
					         1.96000	7.50000e+01	
					         1.96167	7.20000e+01	
					         1.96333	6.90000e+01	
					         1.96500	6.50000e+01	
					         1.96667	6.10000e+01	
					         1.96833	5.70000e+01	
					         1.97000	5.30000e+01	
					         1.97167	4.80000e+01	
					         1.97333	4.30000e+01	
					         1.97500	3.90000e+01	
					         1.97667	3.40000e+01	
					         1.97833	3.00000e+01	
					         1.98000	2.50000e+01	
					         1.98167	2.00000e+01	
					         1.98333	1.60000e+01	
					         1.98500	1.10000e+01	
					         1.98667	7.00000e+00	
					         1.98833	3.00000e+00	
					         1.99000	-1.00000e+00	
					         1.99167	-5.00000e+00	
					         1.99333	-9.00000e+00	
					         1.99500	-1.30000e+01	
					         1.99667	-1.60000e+01	
					         1.99833	-2.00000e+01	
					         2.00000	-2.30000e+01	
					         2.00167	-2.70000e+01	
					         2.00333	-3.00000e+01	
					         2.00500	-3.30000e+01	
					         2.00667	-3.60000e+01	
					         2.00833	-3.90000e+01	
					         2.01000	-4.20000e+01	
					         2.01167	-4.50000e+01	
					         2.01333	-4.80000e+01	
					         2.01500	-5.10000e+01	
					         2.01667	-5.30000e+01	
					         2.01833	-5.50000e+01	
					         2.02000	-5.70000e+01	
					         2.02167	-5.80000e+01	
					         2.02333	-6.00000e+01	
					         2.02500	-6.10000e+01	
					         2.02667	-6.20000e+01	
					         2.02833	-6.20000e+01	
					         2.03000	-6.30000e+01	
					         2.03167	-6.30000e+01	
					         2.03333	-6.20000e+01	
					         2.03500	-6.20000e+01	
					         2.03667	-6.20000e+01	
					         2.03833	-6.10000e+01	
					         2.04000	-6.10000e+01	
					         2.04167	-6.00000e+01	
					         2.04333	-6.00000e+01	
					         2.04500	-5.90000e+01	
					         2.04667	-5.80000e+01	
					         2.04833	-5.80000e+01	
					         2.05000	-5.70000e+01	
					         2.05167	-5.50000e+01	
					         2.05333	-5.40000e+01	
					         2.05500	-5.30000e+01	
					         2.05667	-5.10000e+01	
					         2.05833	-5.00000e+01	
					         2.06000	-4.80000e+01	
					         2.06167	-4.70000e+01	
					         2.06333	-4.50000e+01	
					         2.06500	-4.30000e+01	
					         2.06667	-4.20000e+01	
					         2.06833	-4.10000e+01	
					         2.07000	-3.90000e+01	
					         2.07167	-3.80000e+01	
					         2.07333	-3.70000e+01	
					         2.07500	-3.60000e+01	
					         2.07667	-3.50000e+01	
					         2.07833	-3.30000e+01	
					         2.08000	-3.20000e+01	
					         2.08167	-3.10000e+01	
					         2.08333	-2.90000e+01	
					         2.08500	-2.80000e+01	
					         2.08667	-2.60000e+01	
					         2.08833	-2.40000e+01	
					         2.09000	-2.20000e+01	
					         2.09167	-2.10000e+01	
					         2.09333	-1.90000e+01	
					         2.09500	-1.70000e+01	
					         2.09667	-1.50000e+01	
					         2.09833	-1.40000e+01	
					         2.10000	-1.20000e+01	
					         2.10167	-1.10000e+01	
					         2.10333	-1.00000e+01	
					         2.10500	-9.00000e+00	
					         2.10667	-8.00000e+00	
					         2.10833	-8.00000e+00	
					         2.11000	-7.00000e+00	
					         2.11167	-7.00000e+00	
					         2.11333	-7.00000e+00	
					         2.11500	-7.00000e+00	
					         2.11667	-7.00000e+00	
					         2.11833	-7.00000e+00	
					         2.12000	-7.00000e+00	
					         2.12167	-7.00000e+00	
					         2.12333	-7.00000e+00	
					         2.12500	-7.00000e+00	
					         2.12667	-6.00000e+00	
					         2.12833	-6.00000e+00	
					         2.13000	-6.00000e+00	
					         2.13167	-6.00000e+00	
					         2.13333	-5.00000e+00	
					         2.13500	-5.00000e+00	
					         2.13667	-5.00000e+00	
					         2.13833	-5.00000e+00	
					         2.14000	-5.00000e+00	
					         2.14167	-5.00000e+00	
					         2.14333	-5.00000e+00	
					         2.14500	-5.00000e+00	
					         2.14667	-5.00000e+00	
					         2.14833	-5.00000e+00	
					         2.15000	-5.00000e+00	
					         2.15167	-5.00000e+00	
					         2.15333	-4.00000e+00	
					         2.15500	-4.00000e+00	
					         2.15667	-4.00000e+00	
					         2.15833	-4.00000e+00	
					         2.16000	-3.00000e+00	
					         2.16167	-3.00000e+00	
					         2.16333	-3.00000e+00	
					         2.16500	-3.00000e+00	
					         2.16667	-3.00000e+00	
					         2.16833	-4.00000e+00	
					         2.17000	-4.00000e+00	
					         2.17167	-4.00000e+00	
					         2.17333	-4.00000e+00	
					         2.17500	-4.00000e+00	
					         2.17667	-4.00000e+00	
					         2.17833	-5.00000e+00	
					         2.18000	-5.00000e+00	
					         2.18167	-5.00000e+00	
					         2.18333	-5.00000e+00	
					         2.18500	-5.00000e+00	
					         2.18667	-5.00000e+00	
					         2.18833	-5.00000e+00	
					         2.19000	-5.00000e+00	
					         2.19167	-5.00000e+00	
					         2.19333	-6.00000e+00	
					         2.19500	-6.00000e+00	
					         2.19667	-6.00000e+00	
					         2.19833	-6.00000e+00	
					         2.20000	-6.00000e+00	
					         2.20167	-7.00000e+00	
					         2.20333	-7.00000e+00	
					         2.20500	-7.00000e+00	
					         2.20667	-7.00000e+00	
					         2.20833	-7.00000e+00	
					         2.21000	-7.00000e+00	
					         2.21167	-6.00000e+00	
					         2.21333	-6.00000e+00	
					         2.21500	-6.00000e+00	
					         2.21667	-6.00000e+00	
					         2.21833	-6.00000e+00	
					         2.22000	-6.00000e+00	
					         2.22167	-6.00000e+00	
					         2.22333	-6.00000e+00	
					         2.22500	-5.00000e+00	
					         2.22667	-5.00000e+00	
					         2.22833	-4.00000e+00	
					         2.23000	-4.00000e+00	
					         2.23167	-3.00000e+00	
					         2.23333	-2.00000e+00	
					         2.23500	-2.00000e+00	
					         2.23667	-1.00000e+00	
					         2.23833	0.00000e+00	
					         2.24000	0.00000e+00	
					         2.24167	1.00000e+00	
					         2.24333	1.00000e+00	
					         2.24500	1.00000e+00	
					         2.24667	0.00000e+00	
					         2.24833	0.00000e+00	
					         2.25000	-1.00000e+00	
					         2.25167	-1.00000e+00	
					         2.25333	-2.00000e+00	
					         2.25500	-3.00000e+00	
					         2.25667	-3.00000e+00	
					         2.25833	-4.00000e+00	
					         2.26000	-4.00000e+00	
					         2.26167	-4.00000e+00	
					         2.26333	-4.00000e+00	
					         2.26500	-4.00000e+00	
					         2.26667	-4.00000e+00	
					         2.26833	-4.00000e+00	
					         2.27000	-4.00000e+00	
					         2.27167	-4.00000e+00	
					         2.27333	-3.00000e+00	
					         2.27500	-3.00000e+00	
					         2.27667	-3.00000e+00	
					         2.27833	-3.00000e+00	
					         2.28000	-3.00000e+00	
					         2.28167	-3.00000e+00	
					         2.28333	-3.00000e+00	
					         2.28500	-3.00000e+00	
					         2.28667	-3.00000e+00	
					         2.28833	-3.00000e+00	
					         2.29000	-3.00000e+00	
					         2.29167	-2.00000e+00	
					         2.29333	-2.00000e+00	
					         2.29500	-1.00000e+00	
					         2.29667	1.00000e+00	
					         2.29833	3.00000e+00	
					         2.30000	5.00000e+00	
					         2.30167	7.00000e+00	
					         2.30333	9.00000e+00	
					         2.30500	1.10000e+01	
					         2.30667	1.30000e+01	
					         2.30833	1.60000e+01	
					         2.31000	1.80000e+01	
					         2.31167	2.00000e+01	
					         2.31333	2.20000e+01	
					         2.31500	2.40000e+01	
					         2.31667	2.60000e+01	
					         2.31833	2.80000e+01	
					         2.32000	3.00000e+01	
					         2.32167	3.20000e+01	
					         2.32333	3.50000e+01	
					         2.32500	3.70000e+01	
					         2.32667	4.00000e+01	
					         2.32833	4.30000e+01	
					         2.33000	4.70000e+01	
					         2.33167	5.00000e+01	
					         2.33333	5.40000e+01	
					         2.33500	5.80000e+01	
					         2.33667	6.20000e+01	
					         2.33833	6.60000e+01	
					         2.34000	7.00000e+01	
					         2.34167	7.40000e+01	
					         2.34333	7.70000e+01	
					         2.34500	8.00000e+01	
					         2.34667	8.30000e+01	
					         2.34833	8.50000e+01	
					         2.35000	8.60000e+01	
					         2.35167	8.70000e+01	
					         2.35333	8.70000e+01	
					         2.35500	8.60000e+01	
					         2.35667	8.40000e+01	
					         2.35833	8.10000e+01	
					         2.36000	7.80000e+01	
					         2.36167	7.40000e+01	
					         2.36333	6.90000e+01	
					         2.36500	6.40000e+01	
					         2.36667	5.80000e+01	
					         2.36833	5.10000e+01	
					         2.37000	4.40000e+01	
					         2.37167	3.70000e+01	
					         2.37333	2.90000e+01	
					         2.37500	2.20000e+01	
					         2.37667	1.30000e+01	
					         2.37833	5.00000e+00	
					         2.38000	-3.00000e+00	
					         2.38167	-1.10000e+01	
					         2.38333	-1.80000e+01	
					         2.38500	-2.60000e+01	
					         2.38667	-3.30000e+01	
					         2.38833	-4.00000e+01	
					         2.39000	-4.60000e+01	
					         2.39167	-5.20000e+01	
					         2.39333	-5.70000e+01	
					         2.39500	-6.20000e+01	
					         2.39667	-6.60000e+01	
					         2.39833	-6.90000e+01	
					         2.40000	-7.20000e+01	
					         2.40167	-7.40000e+01	
					         2.40333	-7.50000e+01	
					         2.40500	-7.60000e+01	
					         2.40667	-7.70000e+01	
					         2.40833	-7.70000e+01	
					         2.41000	-7.70000e+01	
					         2.41167	-7.70000e+01	
					         2.41333	-7.70000e+01	
					         2.41500	-7.60000e+01	
					         2.41667	-7.60000e+01	
					         2.41833	-7.50000e+01	
					         2.42000	-7.50000e+01	
					         2.42167	-7.50000e+01	
					         2.42333	-7.40000e+01	
					         2.42500	-7.40000e+01	
					         2.42667	-7.30000e+01	
					         2.42833	-7.30000e+01	
					         2.43000	-7.20000e+01	
					         2.43167	-7.10000e+01	
					         2.43333	-7.10000e+01	
					         2.43500	-7.00000e+01	
					         2.43667	-6.90000e+01	
					         2.43833	-6.80000e+01	
					         2.44000	-6.70000e+01	
					         2.44167	-6.70000e+01	
					         2.44333	-6.60000e+01	
					         2.44500	-6.50000e+01	
					         2.44667	-6.40000e+01	
					         2.44833	-6.40000e+01	
					         2.45000	-6.30000e+01	
					         2.45167	-6.20000e+01	
					         2.45333	-6.10000e+01	
					         2.45500	-5.90000e+01	
					         2.45667	-5.80000e+01	
					         2.45833	-5.60000e+01	
					         2.46000	-5.40000e+01	
					         2.46167	-5.20000e+01	
					         2.46333	-5.00000e+01	
					         2.46500	-4.70000e+01	
					         2.46667	-4.50000e+01	
					         2.46833	-4.30000e+01	
					         2.47000	-4.20000e+01	
					         2.47167	-4.00000e+01	
					         2.47333	-3.90000e+01	
					         2.47500	-3.90000e+01	
					         2.47667	-3.90000e+01	
					         2.47833	-4.00000e+01	
					         2.48000	-4.00000e+01	
					         2.48167	-4.00000e+01	
					         2.48333	-3.90000e+01	
					         2.48500	-3.70000e+01	
					         2.48667	-3.20000e+01	
					         2.48833	-2.40000e+01	
					         2.49000	-1.20000e+01	
					         2.49167	5.00000e+00	
					         2.49333	2.70000e+01	
					         2.49500	5.40000e+01	
					         2.49667	8.80000e+01	
					         2.49833	1.26000e+02	
					         2.50000	1.68000e+02	
					         2.50167	2.11000e+02	
					         2.50333	2.54000e+02	
					         2.50500	2.95000e+02	
					         2.50667	3.31000e+02	
					         2.50833	3.62000e+02	
					         2.51000	3.85000e+02	
					         2.51167	3.99000e+02	
					         2.51333	4.04000e+02	
					         2.51500	3.99000e+02	
					         2.51667	3.84000e+02	
					         2.51833	3.61000e+02	
					         2.52000	3.31000e+02	
					         2.52167	2.96000e+02	
					         2.52333	2.58000e+02	
					         2.52500	2.18000e+02	
					         2.52667	1.78000e+02	
					         2.52833	1.40000e+02	
					         2.53000	1.04000e+02	
					         2.53167	7.00000e+01	
					         2.53333	4.00000e+01	
					         2.53500	1.30000e+01	
					         2.53667	-1.00000e+01	
					         2.53833	-3.00000e+01	
					         2.54000	-4.80000e+01	
					         2.54167	-6.40000e+01	
					         2.54333	-7.70000e+01	
					         2.54500	-8.90000e+01	
					         2.54667	-9.90000e+01	
					         2.54833	-1.07000e+02	
					         2.55000	-1.14000e+02	
					         2.55167	-1.19000e+02	
					         2.55333	-1.24000e+02	
					         2.55500	-1.27000e+02	
					         2.55667	-1.29000e+02	
					         2.55833	-1.30000e+02	
					         2.56000	-1.30000e+02	
					         2.56167	-1.30000e+02	
					         2.56333	-1.28000e+02	
					         2.56500	-1.27000e+02	
