Grayscale intensity, in dB

Time (s) :	Trace 1 : 	Trace 2 : 	Trace 3 : 		Ecg : 		
0.00065   	-3.60770e+01	-3.61376e+01	-3.85643e+01		         0.00000	2.90000e+02	
0.01849   	-3.57463e+01	-3.81680e+01	-3.87823e+01		         0.00167	3.18000e+02	
0.03634   	-3.47198e+01	-3.92559e+01	-3.76350e+01		         0.00333	3.41000e+02	
0.05418   	-3.49215e+01	-3.77695e+01	-3.80178e+01		         0.00500	3.59000e+02	
0.07202   	-3.35856e+01	-3.62480e+01	-3.76089e+01		         0.00667	3.71000e+02	
0.08986   	-3.03861e+01	-3.62331e+01	-3.58790e+01		         0.00833	3.75000e+02	
0.10771   	-2.99146e+01	-3.42082e+01	-3.39935e+01		         0.01000	3.72000e+02	
0.12555   	-2.94138e+01	-3.36598e+01	-3.22828e+01		         0.01167	3.62000e+02	
0.14339   	-2.86083e+01	-3.47466e+01	-3.16062e+01		         0.01333	3.43000e+02	
0.16123   	-2.99952e+01	-3.37096e+01	-3.13518e+01		         0.01500	3.17000e+02	
0.17907   	-3.04202e+01	-3.17972e+01	-3.16713e+01		         0.01667	2.84000e+02	
0.19691   	-2.98341e+01	-3.43549e+01	-3.05144e+01		         0.01833	2.46000e+02	
0.21475   	-3.02412e+01	-3.71695e+01	-2.76036e+01		         0.02000	2.03000e+02	
0.23259   	-3.23035e+01	-3.88230e+01	-3.02331e+01		         0.02167	1.57000e+02	
0.25044   	-3.36375e+01	-3.95791e+01	-2.89188e+01		         0.02333	1.10000e+02	
0.26828   	-3.41059e+01	-3.90021e+01	-2.88609e+01		         0.02500	6.20000e+01	
0.28612   	-3.41821e+01	-3.97356e+01	-2.89002e+01		         0.02667	1.60000e+01	
0.30396   	-3.42286e+01	-3.97391e+01	-3.09121e+01		         0.02833	-2.80000e+01	
0.32180   	-3.47544e+01	-4.07538e+01	-3.03154e+01		         0.03000	-6.80000e+01	
0.33965   	-3.48623e+01	-4.09478e+01	-3.08367e+01		         0.03167	-1.03000e+02	
0.35749   	-3.58394e+01	-4.11203e+01	-3.18821e+01		         0.03333	-1.33000e+02	
0.37533   	-3.59893e+01	-4.07378e+01	-3.13575e+01		         0.03500	-1.57000e+02	
0.39317   	-3.56263e+01	-4.02978e+01	-3.01621e+01		         0.03667	-1.75000e+02	
0.41101   	-3.52084e+01	-4.11210e+01	-2.71294e+01		         0.03833	-1.87000e+02	
0.42885   	-3.40493e+01	-3.98071e+01	-3.01101e+01		         0.04000	-1.93000e+02	
0.44669   	-3.31420e+01	-3.86780e+01	-3.13239e+01		         0.04167	-1.94000e+02	
0.46454   	-3.22187e+01	-3.94343e+01	-3.09532e+01		         0.04333	-1.90000e+02	
0.48238   	-3.11746e+01	-3.91450e+01	-3.09114e+01		         0.04500	-1.83000e+02	
0.50022   	-2.92827e+01	-3.89942e+01	-3.14763e+01		         0.04667	-1.72000e+02	
0.51806   	-2.86073e+01	-3.84562e+01	-3.26156e+01		         0.04833	-1.60000e+02	
0.53590   	-2.99533e+01	-4.10282e+01	-3.20918e+01		         0.05000	-1.46000e+02	
0.55374   	-2.91697e+01	-4.16435e+01	-3.32995e+01		         0.05167	-1.31000e+02	
0.57159   	-3.14445e+01	-4.16219e+01	-3.19892e+01		         0.05333	-1.17000e+02	
0.58943   	-3.34304e+01	-4.08407e+01	-3.33430e+01		         0.05500	-1.04000e+02	
0.60727   	-3.37832e+01	-3.97492e+01	-3.44416e+01		         0.05667	-9.20000e+01	
0.62511   	-3.39810e+01	-3.93264e+01	-3.35460e+01		         0.05833	-8.20000e+01	
0.64295   	-3.35428e+01	-4.04611e+01	-3.22402e+01		         0.06000	-7.30000e+01	
0.66080   	-3.36334e+01	-4.10920e+01	-3.35569e+01		         0.06167	-6.50000e+01	
0.67864   	-3.40215e+01	-4.08697e+01	-3.27595e+01		         0.06333	-5.90000e+01	
0.69648   	-3.43061e+01	-4.08911e+01	-3.26195e+01		         0.06500	-5.50000e+01	
0.71432   	-3.27337e+01	-4.15467e+01	-3.05396e+01		         0.06667	-5.10000e+01	
0.73216   	-2.98659e+01	-3.98719e+01	-3.22880e+01		         0.06833	-4.90000e+01	
0.75000   	-2.96940e+01	-3.74522e+01	-3.07423e+01		         0.07000	-4.70000e+01	
0.76784   	-2.96700e+01	-3.62663e+01	-3.25001e+01		         0.07167	-4.60000e+01	
0.78568   	-2.97350e+01	-3.60269e+01	-2.99609e+01		         0.07333	-4.50000e+01	
0.80353   	-2.96972e+01	-3.42262e+01	-2.92117e+01		         0.07500	-4.40000e+01	
0.82137   	-2.94566e+01	-3.66113e+01	-2.84730e+01		         0.07667	-4.30000e+01	
0.83921   	-3.07931e+01	-3.78520e+01	-2.89587e+01		         0.07833	-4.20000e+01	
0.85705   	-3.30784e+01	-3.86012e+01	-2.77604e+01		         0.08000	-4.00000e+01	
0.87489   	-3.46904e+01	-3.86490e+01	-2.83630e+01		         0.08167	-3.90000e+01	
0.89274   	-3.51411e+01	-3.89467e+01	-2.89685e+01		         0.08333	-3.70000e+01	
0.91058   	-3.45845e+01	-3.99414e+01	-3.12637e+01		         0.08500	-3.50000e+01	
0.92842   	-3.40486e+01	-4.07153e+01	-2.98538e+01		         0.08667	-3.30000e+01	
0.94626   	-3.39872e+01	-4.01098e+01	-3.05358e+01		         0.08833	-3.00000e+01	
0.96410   	-3.32534e+01	-4.03206e+01	-3.08717e+01		         0.09000	-2.70000e+01	
0.98194   	-3.35544e+01	-4.03668e+01	-3.00630e+01		         0.09167	-2.50000e+01	
0.99979   	-3.47199e+01	-4.08861e+01	-2.97160e+01		         0.09333	-2.30000e+01	
1.01763   	-3.46977e+01	-4.06021e+01	-3.02784e+01		         0.09500	-2.10000e+01	
1.03547   	-3.50837e+01	-4.03116e+01	-3.08426e+01		         0.09667	-1.90000e+01	
1.05331   	-3.47593e+01	-3.88690e+01	-2.99254e+01		         0.09833	-1.80000e+01	
1.07115   	-3.56045e+01	-3.97436e+01	-2.88005e+01		         0.10000	-1.60000e+01	
1.08899   	-3.47723e+01	-4.02318e+01	-3.00682e+01		         0.10167	-1.50000e+01	
1.10684   	-3.47027e+01	-3.88862e+01	-2.97686e+01		         0.10333	-1.50000e+01	
1.12468   	-3.42459e+01	-3.83461e+01	-2.99102e+01		         0.10500	-1.40000e+01	
1.14252   	-3.18023e+01	-3.81890e+01	-2.90395e+01		         0.10667	-1.30000e+01	
1.16036   	-3.00119e+01	-3.83529e+01	-2.93159e+01		         0.10833	-1.30000e+01	
1.17820   	-2.99930e+01	-4.02923e+01	-2.99844e+01		         0.11000	-1.20000e+01	
1.19604   	-3.10108e+01	-4.16749e+01	-3.05923e+01		         0.11167	-1.10000e+01	
1.21389   	-3.10707e+01	-4.00997e+01	-3.12503e+01		         0.11333	-1.00000e+01	
1.23173   	-3.23052e+01	-4.10749e+01	-3.12503e+01		         0.11500	-9.00000e+00	
1.24981   	-3.32272e+01	-4.06752e+01	-3.28183e+01		         0.11667	-7.00000e+00	
1.26741   	-3.40577e+01	-4.07651e+01	-3.45574e+01		         0.11833	-5.00000e+00	
1.28525   	-3.43920e+01	-4.00673e+01	-3.26790e+01		         0.12000	-4.00000e+00	
1.30310   	-3.35268e+01	-3.95930e+01	-3.40182e+01		         0.12167	-2.00000e+00	
1.32094   	-3.27284e+01	-3.95015e+01	-3.24129e+01		         0.12333	0.00000e+00	
1.33878   	-3.29071e+01	-3.80937e+01	-3.18372e+01		         0.12500	2.00000e+00	
1.35662   	-3.19174e+01	-3.96400e+01	-3.15137e+01		         0.12667	4.00000e+00	
1.37446   	-3.02568e+01	-4.01510e+01	-3.32881e+01		         0.12833	6.00000e+00	
1.39230   	-2.93472e+01	-3.88389e+01	-3.11255e+01		         0.13000	8.00000e+00	
1.41015   	-3.01657e+01	-3.63127e+01	-2.76975e+01		         0.13167	9.00000e+00	
1.42798   	-3.16714e+01	-3.57045e+01	-2.77119e+01		         0.13333	1.00000e+01	
1.44583   	-3.21048e+01	-3.60886e+01	-2.63047e+01		         0.13500	1.00000e+01	
1.46367   	-3.21896e+01	-3.49255e+01	-2.02442e+01		         0.13667	1.00000e+01	
1.48151   	-3.27667e+01	-3.57851e+01	-2.33918e+01		         0.13833	9.00000e+00	
1.49935   	-3.32357e+01	-3.82838e+01	-2.57849e+01		         0.14000	9.00000e+00	
1.51719   	-3.43081e+01	-3.83836e+01	-2.37146e+01		         0.14167	9.00000e+00	
1.53504   	-3.42629e+01	-4.01791e+01	-2.32909e+01		         0.14333	8.00000e+00	
1.55288   	-3.34346e+01	-3.93712e+01	-2.57996e+01		         0.14500	8.00000e+00	
1.57072   	-3.32431e+01	-4.05673e+01	-2.68184e+01		         0.14667	8.00000e+00	
1.58856   	-3.26614e+01	-4.00131e+01	-2.41974e+01		         0.14833	9.00000e+00	
1.60640   	-3.23529e+01	-4.00953e+01	-2.71029e+01		         0.15000	1.00000e+01	
1.62425   	-3.10297e+01	-3.96177e+01	-2.62370e+01		         0.15167	1.10000e+01	
1.64209   	-3.09957e+01	-4.02244e+01	-2.60196e+01		         0.15333	1.30000e+01	
1.65993   	-3.20769e+01	-3.97244e+01	-2.67617e+01		         0.15500	1.60000e+01	
1.67777   	-3.22411e+01	-3.89767e+01	-2.70985e+01		         0.15667	1.80000e+01	
1.69561   	-3.27269e+01	-4.02561e+01	-2.73920e+01		         0.15833	2.10000e+01	
1.71345   	-3.31558e+01	-4.14351e+01	-2.64882e+01		         0.16000	2.40000e+01	
1.73134   	-3.31334e+01	-4.16700e+01	-2.82114e+01		         0.16167	2.70000e+01	
1.74913   	-3.39703e+01	-4.01193e+01	-2.82025e+01		         0.16333	3.00000e+01	
1.76698   	-3.41412e+01	-4.10114e+01	-2.94253e+01		         0.16500	3.20000e+01	
1.78482   	-3.14190e+01	-3.89303e+01	-2.86960e+01		         0.16667	3.40000e+01	
1.80266   	-2.96730e+01	-4.08372e+01	-2.81741e+01		         0.16833	3.60000e+01	
1.82050   	-3.00430e+01	-4.03388e+01	-2.83284e+01		         0.17000	3.70000e+01	
1.83834   	-3.04899e+01	-3.96542e+01	-2.78784e+01		         0.17167	3.80000e+01	
1.85619   	-3.05858e+01	-4.01724e+01	-2.65846e+01		         0.17333	3.90000e+01	
1.87403   	-3.02175e+01	-3.80528e+01	-2.89441e+01		         0.17500	4.00000e+01	
1.89187   	-2.99464e+01	-3.67122e+01	-2.89409e+01		         0.17667	4.00000e+01	
1.90971   	-3.04393e+01	-3.91206e+01	-3.23634e+01		         0.17833	4.00000e+01	
1.92755   	-3.10403e+01	-3.93098e+01	-3.51586e+01		         0.18000	4.10000e+01	
1.94539   	-3.14175e+01	-3.83006e+01	-3.72527e+01		         0.18167	4.10000e+01	
1.96324   	-3.17415e+01	-3.77746e+01	-3.69757e+01		         0.18333	4.20000e+01	
1.98107   	-3.15909e+01	-3.72646e+01	-3.56876e+01		         0.18500	4.20000e+01	
					         0.18667	4.30000e+01	
					         0.18833	4.50000e+01	
					         0.19000	4.60000e+01	
					         0.19167	4.80000e+01	
					         0.19333	5.00000e+01	
					         0.19500	5.20000e+01	
					         0.19667	5.40000e+01	
					         0.19833	5.60000e+01	
					         0.20000	5.70000e+01	
					         0.20167	5.90000e+01	
					         0.20333	6.00000e+01	
					         0.20500	6.10000e+01	
					         0.20667	6.10000e+01	
					         0.20833	6.10000e+01	
					         0.21000	6.10000e+01	
					         0.21167	6.10000e+01	
					         0.21333	6.00000e+01	
					         0.21500	5.90000e+01	
					         0.21667	5.80000e+01	
					         0.21833	5.70000e+01	
					         0.22000	5.70000e+01	
					         0.22167	5.60000e+01	
					         0.22333	5.50000e+01	
					         0.22500	5.40000e+01	
					         0.22667	5.40000e+01	
					         0.22833	5.30000e+01	
					         0.23000	5.30000e+01	
					         0.23167	5.20000e+01	
					         0.23333	5.20000e+01	
					         0.23500	5.10000e+01	
					         0.23667	5.00000e+01	
					         0.23833	4.90000e+01	
					         0.24000	4.70000e+01	
					         0.24167	4.50000e+01	
					         0.24333	4.40000e+01	
					         0.24500	4.20000e+01	
					         0.24667	3.90000e+01	
					         0.24833	3.70000e+01	
					         0.25000	3.40000e+01	
					         0.25167	3.20000e+01	
					         0.25333	2.90000e+01	
					         0.25500	2.60000e+01	
					         0.25667	2.40000e+01	
					         0.25833	2.10000e+01	
					         0.26000	1.80000e+01	
					         0.26167	1.50000e+01	
					         0.26333	1.20000e+01	
					         0.26500	9.00000e+00	
					         0.26667	6.00000e+00	
					         0.26833	3.00000e+00	
					         0.27000	0.00000e+00	
					         0.27167	-3.00000e+00	
					         0.27333	-5.00000e+00	
					         0.27500	-8.00000e+00	
					         0.27667	-1.00000e+01	
					         0.27833	-1.30000e+01	
					         0.28000	-1.50000e+01	
					         0.28167	-1.80000e+01	
					         0.28333	-2.00000e+01	
					         0.28500	-2.20000e+01	
					         0.28667	-2.40000e+01	
					         0.28833	-2.60000e+01	
					         0.29000	-2.80000e+01	
					         0.29167	-3.00000e+01	
					         0.29333	-3.20000e+01	
					         0.29500	-3.30000e+01	
					         0.29667	-3.50000e+01	
					         0.29833	-3.60000e+01	
					         0.30000	-3.70000e+01	
					         0.30167	-3.70000e+01	
					         0.30333	-3.80000e+01	
					         0.30500	-3.90000e+01	
					         0.30667	-3.90000e+01	
					         0.30833	-4.00000e+01	
					         0.31000	-4.00000e+01	
					         0.31167	-4.10000e+01	
					         0.31333	-4.10000e+01	
					         0.31500	-4.20000e+01	
					         0.31667	-4.30000e+01	
					         0.31833	-4.30000e+01	
					         0.32000	-4.40000e+01	
					         0.32167	-4.50000e+01	
					         0.32333	-4.50000e+01	
					         0.32500	-4.50000e+01	
					         0.32667	-4.50000e+01	
					         0.32833	-4.50000e+01	
					         0.33000	-4.40000e+01	
					         0.33167	-4.30000e+01	
					         0.33333	-4.20000e+01	
					         0.33500	-4.10000e+01	
					         0.33667	-3.90000e+01	
					         0.33833	-3.70000e+01	
					         0.34000	-3.50000e+01	
					         0.34167	-3.40000e+01	
					         0.34333	-3.20000e+01	
					         0.34500	-3.10000e+01	
					         0.34667	-3.00000e+01	
					         0.34833	-2.90000e+01	
					         0.35000	-2.90000e+01	
					         0.35167	-2.90000e+01	
					         0.35333	-3.00000e+01	
					         0.35500	-3.10000e+01	
					         0.35667	-3.20000e+01	
					         0.35833	-3.30000e+01	
					         0.36000	-3.40000e+01	
					         0.36167	-3.60000e+01	
					         0.36333	-3.70000e+01	
					         0.36500	-3.70000e+01	
					         0.36667	-3.80000e+01	
					         0.36833	-3.80000e+01	
					         0.37000	-3.70000e+01	
					         0.37167	-3.60000e+01	
					         0.37333	-3.50000e+01	
					         0.37500	-3.40000e+01	
					         0.37667	-3.30000e+01	
					         0.37833	-3.10000e+01	
					         0.38000	-2.90000e+01	
					         0.38167	-2.70000e+01	
					         0.38333	-2.50000e+01	
					         0.38500	-2.40000e+01	
					         0.38667	-2.20000e+01	
					         0.38833	-2.00000e+01	
					         0.39000	-1.90000e+01	
					         0.39167	-1.70000e+01	
					         0.39333	-1.50000e+01	
					         0.39500	-1.30000e+01	
					         0.39667	-1.10000e+01	
					         0.39833	-9.00000e+00	
					         0.40000	-6.00000e+00	
					         0.40167	-3.00000e+00	
					         0.40333	-1.00000e+00	
					         0.40500	2.00000e+00	
					         0.40667	5.00000e+00	
					         0.40833	8.00000e+00	
					         0.41000	1.10000e+01	
					         0.41167	1.30000e+01	
					         0.41333	1.50000e+01	
					         0.41500	1.70000e+01	
					         0.41667	1.80000e+01	
					         0.41833	1.80000e+01	
					         0.42000	1.80000e+01	
					         0.42167	1.80000e+01	
					         0.42333	1.80000e+01	
					         0.42500	1.80000e+01	
					         0.42667	1.70000e+01	
					         0.42833	1.70000e+01	
					         0.43000	1.70000e+01	
					         0.43167	1.70000e+01	
					         0.43333	1.70000e+01	
					         0.43500	1.70000e+01	
					         0.43667	1.70000e+01	
					         0.43833	1.80000e+01	
					         0.44000	1.90000e+01	
					         0.44167	2.10000e+01	
					         0.44333	2.30000e+01	
					         0.44500	2.50000e+01	
					         0.44667	2.80000e+01	
					         0.44833	3.10000e+01	
					         0.45000	3.40000e+01	
					         0.45167	3.80000e+01	
					         0.45333	4.10000e+01	
					         0.45500	4.50000e+01	
					         0.45667	4.80000e+01	
					         0.45833	5.20000e+01	
					         0.46000	5.50000e+01	
					         0.46167	5.70000e+01	
					         0.46333	6.00000e+01	
					         0.46500	6.20000e+01	
					         0.46667	6.40000e+01	
					         0.46833	6.60000e+01	
					         0.47000	6.70000e+01	
					         0.47167	6.70000e+01	
					         0.47333	6.80000e+01	
					         0.47500	6.70000e+01	
					         0.47667	6.60000e+01	
					         0.47833	6.50000e+01	
					         0.48000	6.30000e+01	
					         0.48167	6.10000e+01	
					         0.48333	5.80000e+01	
					         0.48500	5.50000e+01	
					         0.48667	5.20000e+01	
					         0.48833	4.80000e+01	
					         0.49000	4.40000e+01	
					         0.49167	4.00000e+01	
					         0.49333	3.60000e+01	
					         0.49500	3.20000e+01	
					         0.49667	2.90000e+01	
					         0.49833	2.50000e+01	
					         0.50000	2.10000e+01	
					         0.50167	1.60000e+01	
					         0.50333	1.20000e+01	
					         0.50500	8.00000e+00	
					         0.50667	4.00000e+00	
					         0.50833	0.00000e+00	
					         0.51000	-3.00000e+00	
					         0.51167	-6.00000e+00	
					         0.51333	-9.00000e+00	
					         0.51500	-1.20000e+01	
					         0.51667	-1.40000e+01	
					         0.51833	-1.60000e+01	
					         0.52000	-1.80000e+01	
					         0.52167	-1.90000e+01	
					         0.52333	-2.10000e+01	
					         0.52500	-2.20000e+01	
					         0.52667	-2.40000e+01	
					         0.52833	-2.50000e+01	
					         0.53000	-2.70000e+01	
					         0.53167	-2.90000e+01	
					         0.53333	-3.10000e+01	
					         0.53500	-3.40000e+01	
					         0.53667	-3.70000e+01	
					         0.53833	-3.90000e+01	
					         0.54000	-4.20000e+01	
					         0.54167	-4.50000e+01	
					         0.54333	-4.80000e+01	
					         0.54500	-5.20000e+01	
					         0.54667	-5.50000e+01	
					         0.54833	-5.80000e+01	
					         0.55000	-6.00000e+01	
					         0.55167	-6.30000e+01	
					         0.55333	-6.50000e+01	
					         0.55500	-6.80000e+01	
					         0.55667	-6.90000e+01	
					         0.55833	-7.10000e+01	
					         0.56000	-7.20000e+01	
					         0.56167	-7.30000e+01	
					         0.56333	-7.40000e+01	
					         0.56500	-7.40000e+01	
					         0.56667	-7.40000e+01	
					         0.56833	-7.30000e+01	
					         0.57000	-7.20000e+01	
					         0.57167	-7.10000e+01	
					         0.57333	-7.00000e+01	
					         0.57500	-6.80000e+01	
					         0.57667	-6.60000e+01	
					         0.57833	-6.50000e+01	
					         0.58000	-6.40000e+01	
					         0.58167	-6.20000e+01	
					         0.58333	-6.10000e+01	
					         0.58500	-6.10000e+01	
					         0.58667	-6.00000e+01	
					         0.58833	-6.00000e+01	
					         0.59000	-6.00000e+01	
					         0.59167	-6.00000e+01	
					         0.59333	-6.10000e+01	
					         0.59500	-6.10000e+01	
					         0.59667	-6.10000e+01	
					         0.59833	-6.10000e+01	
					         0.60000	-6.10000e+01	
					         0.60167	-6.00000e+01	
					         0.60333	-5.90000e+01	
					         0.60500	-5.90000e+01	
					         0.60667	-5.80000e+01	
					         0.60833	-5.80000e+01	
					         0.61000	-5.80000e+01	
					         0.61167	-5.80000e+01	
					         0.61333	-5.90000e+01	
					         0.61500	-6.00000e+01	
					         0.61667	-6.00000e+01	
					         0.61833	-6.00000e+01	
					         0.62000	-5.90000e+01	
					         0.62167	-5.50000e+01	
					         0.62333	-5.00000e+01	
					         0.62500	-4.20000e+01	
					         0.62667	-3.20000e+01	
					         0.62833	-1.90000e+01	
					         0.63000	-2.00000e+00	
					         0.63167	1.70000e+01	
					         0.63333	3.90000e+01	
					         0.63500	6.40000e+01	
					         0.63667	9.10000e+01	
					         0.63833	1.21000e+02	
					         0.64000	1.52000e+02	
					         0.64167	1.84000e+02	
					         0.64333	2.16000e+02	
					         0.64500	2.46000e+02	
					         0.64667	2.75000e+02	
					         0.64833	3.00000e+02	
					         0.65000	3.20000e+02	
					         0.65167	3.36000e+02	
					         0.65333	3.46000e+02	
					         0.65500	3.49000e+02	
					         0.65667	3.45000e+02	
					         0.65833	3.34000e+02	
					         0.66000	3.15000e+02	
					         0.66167	2.88000e+02	
					         0.66333	2.55000e+02	
					         0.66500	2.16000e+02	
					         0.66667	1.73000e+02	
					         0.66833	1.26000e+02	
					         0.67000	7.90000e+01	
					         0.67167	3.20000e+01	
					         0.67333	-1.40000e+01	
					         0.67500	-5.70000e+01	
					         0.67667	-9.60000e+01	
					         0.67833	-1.30000e+02	
					         0.68000	-1.59000e+02	
					         0.68167	-1.80000e+02	
					         0.68333	-1.96000e+02	
					         0.68500	-2.05000e+02	
					         0.68667	-2.09000e+02	
					         0.68833	-2.08000e+02	
					         0.69000	-2.02000e+02	
					         0.69167	-1.93000e+02	
					         0.69333	-1.81000e+02	
					         0.69500	-1.68000e+02	
					         0.69667	-1.54000e+02	
					         0.69833	-1.40000e+02	
					         0.70000	-1.26000e+02	
					         0.70167	-1.14000e+02	
					         0.70333	-1.03000e+02	
					         0.70500	-9.30000e+01	
					         0.70667	-8.50000e+01	
					         0.70833	-7.80000e+01	
					         0.71000	-7.20000e+01	
					         0.71167	-6.70000e+01	
					         0.71333	-6.30000e+01	
					         0.71500	-5.90000e+01	
					         0.71667	-5.70000e+01	
					         0.71833	-5.40000e+01	
					         0.72000	-5.20000e+01	
					         0.72167	-5.00000e+01	
					         0.72333	-4.90000e+01	
					         0.72500	-4.70000e+01	
					         0.72667	-4.60000e+01	
					         0.72833	-4.40000e+01	
					         0.73000	-4.30000e+01	
					         0.73167	-4.10000e+01	
					         0.73333	-4.00000e+01	
					         0.73500	-3.80000e+01	
					         0.73667	-3.70000e+01	
					         0.73833	-3.50000e+01	
					         0.74000	-3.30000e+01	
					         0.74167	-3.20000e+01	
					         0.74333	-3.00000e+01	
					         0.74500	-2.90000e+01	
					         0.74667	-2.70000e+01	
					         0.74833	-2.60000e+01	
					         0.75000	-2.60000e+01	
					         0.75167	-2.50000e+01	
					         0.75333	-2.50000e+01	
					         0.75500	-2.50000e+01	
					         0.75667	-2.50000e+01	
					         0.75833	-2.40000e+01	
					         0.76000	-2.40000e+01	
					         0.76167	-2.40000e+01	
					         0.76333	-2.30000e+01	
					         0.76500	-2.30000e+01	
					         0.76667	-2.20000e+01	
					         0.76833	-2.10000e+01	
					         0.77000	-2.00000e+01	
					         0.77167	-1.90000e+01	
					         0.77333	-1.80000e+01	
					         0.77500	-1.60000e+01	
					         0.77667	-1.50000e+01	
					         0.77833	-1.30000e+01	
					         0.78000	-1.20000e+01	
					         0.78167	-1.10000e+01	
					         0.78333	-9.00000e+00	
					         0.78500	-8.00000e+00	
					         0.78667	-7.00000e+00	
					         0.78833	-5.00000e+00	
					         0.79000	-4.00000e+00	
					         0.79167	-2.00000e+00	
					         0.79333	0.00000e+00	
					         0.79500	1.00000e+00	
					         0.79667	3.00000e+00	
					         0.79833	5.00000e+00	
					         0.80000	7.00000e+00	
					         0.80167	9.00000e+00	
					         0.80333	1.20000e+01	
					         0.80500	1.40000e+01	
					         0.80667	1.60000e+01	
					         0.80833	1.80000e+01	
					         0.81000	2.00000e+01	
					         0.81167	2.10000e+01	
					         0.81333	2.30000e+01	
					         0.81500	2.40000e+01	
					         0.81667	2.60000e+01	
					         0.81833	2.70000e+01	
					         0.82000	2.90000e+01	
					         0.82167	3.00000e+01	
					         0.82333	3.10000e+01	
					         0.82500	3.30000e+01	
					         0.82667	3.50000e+01	
					         0.82833	3.70000e+01	
					         0.83000	3.90000e+01	
					         0.83167	4.10000e+01	
					         0.83333	4.40000e+01	
					         0.83500	4.60000e+01	
					         0.83667	4.80000e+01	
					         0.83833	5.10000e+01	
					         0.84000	5.30000e+01	
					         0.84167	5.50000e+01	
					         0.84333	5.70000e+01	
					         0.84500	5.90000e+01	
					         0.84667	6.10000e+01	
					         0.84833	6.20000e+01	
					         0.85000	6.20000e+01	
					         0.85167	6.30000e+01	
					         0.85333	6.30000e+01	
					         0.85500	6.40000e+01	
					         0.85667	6.30000e+01	
					         0.85833	6.30000e+01	
					         0.86000	6.30000e+01	
					         0.86167	6.30000e+01	
					         0.86333	6.20000e+01	
					         0.86500	6.20000e+01	
					         0.86667	6.20000e+01	
					         0.86833	6.20000e+01	
					         0.87000	6.20000e+01	
					         0.87167	6.20000e+01	
					         0.87333	6.10000e+01	
					         0.87500	6.10000e+01	
					         0.87667	6.00000e+01	
					         0.87833	5.90000e+01	
					         0.88000	5.80000e+01	
					         0.88167	5.60000e+01	
					         0.88333	5.40000e+01	
					         0.88500	5.20000e+01	
					         0.88667	5.00000e+01	
					         0.88833	4.70000e+01	
					         0.89000	4.40000e+01	
					         0.89167	4.10000e+01	
					         0.89333	3.80000e+01	
					         0.89500	3.50000e+01	
					         0.89667	3.20000e+01	
					         0.89833	2.90000e+01	
					         0.90000	2.60000e+01	
					         0.90167	2.30000e+01	
					         0.90333	2.00000e+01	
					         0.90500	1.70000e+01	
					         0.90667	1.40000e+01	
					         0.90833	1.10000e+01	
					         0.91000	9.00000e+00	
					         0.91167	6.00000e+00	
					         0.91333	4.00000e+00	
					         0.91500	1.00000e+00	
					         0.91667	-1.00000e+00	
					         0.91833	-3.00000e+00	
					         0.92000	-4.00000e+00	
					         0.92167	-6.00000e+00	
					         0.92333	-7.00000e+00	
					         0.92500	-8.00000e+00	
					         0.92667	-1.00000e+01	
					         0.92833	-1.20000e+01	
					         0.93000	-1.40000e+01	
					         0.93167	-1.60000e+01	
					         0.93333	-1.80000e+01	
					         0.93500	-2.00000e+01	
					         0.93667	-2.30000e+01	
					         0.93833	-2.50000e+01	
					         0.94000	-2.70000e+01	
					         0.94167	-3.00000e+01	
					         0.94333	-3.20000e+01	
					         0.94500	-3.40000e+01	
					         0.94667	-3.60000e+01	
					         0.94833	-3.80000e+01	
					         0.95000	-4.00000e+01	
					         0.95167	-4.10000e+01	
					         0.95333	-4.20000e+01	
					         0.95500	-4.30000e+01	
					         0.95667	-4.30000e+01	
					         0.95833	-4.40000e+01	
					         0.96000	-4.50000e+01	
					         0.96167	-4.60000e+01	
					         0.96333	-4.60000e+01	
					         0.96500	-4.70000e+01	
					         0.96667	-4.80000e+01	
					         0.96833	-4.80000e+01	
					         0.97000	-4.80000e+01	
					         0.97167	-4.90000e+01	
					         0.97333	-4.90000e+01	
					         0.97500	-4.90000e+01	
					         0.97667	-4.90000e+01	
					         0.97833	-4.90000e+01	
					         0.98000	-4.90000e+01	
					         0.98167	-4.90000e+01	
					         0.98333	-4.90000e+01	
					         0.98500	-4.80000e+01	
					         0.98667	-4.80000e+01	
					         0.98833	-4.80000e+01	
					         0.99000	-4.70000e+01	
					         0.99167	-4.70000e+01	
					         0.99333	-4.60000e+01	
					         0.99500	-4.50000e+01	
					         0.99667	-4.50000e+01	
					         0.99833	-4.40000e+01	
					         1.00000	-4.30000e+01	
					         1.00167	-4.20000e+01	
					         1.00333	-4.10000e+01	
					         1.00500	-4.00000e+01	
					         1.00667	-4.00000e+01	
					         1.00833	-3.90000e+01	
					         1.01000	-3.80000e+01	
					         1.01167	-3.70000e+01	
					         1.01333	-3.60000e+01	
					         1.01500	-3.50000e+01	
					         1.01667	-3.40000e+01	
					         1.01833	-3.30000e+01	
					         1.02000	-3.20000e+01	
					         1.02167	-3.10000e+01	
					         1.02333	-3.10000e+01	
					         1.02500	-3.00000e+01	
					         1.02667	-2.90000e+01	
					         1.02833	-2.90000e+01	
					         1.03000	-2.80000e+01	
					         1.03167	-2.80000e+01	
					         1.03333	-2.70000e+01	
					         1.03500	-2.60000e+01	
					         1.03667	-2.50000e+01	
					         1.03833	-2.30000e+01	
					         1.04000	-2.10000e+01	
					         1.04167	-1.90000e+01	
					         1.04333	-1.70000e+01	
					         1.04500	-1.50000e+01	
					         1.04667	-1.20000e+01	
					         1.04833	-9.00000e+00	
					         1.05000	-7.00000e+00	
					         1.05167	-5.00000e+00	
					         1.05333	-2.00000e+00	
					         1.05500	0.00000e+00	
					         1.05667	1.00000e+00	
					         1.05833	3.00000e+00	
					         1.06000	5.00000e+00	
					         1.06167	6.00000e+00	
					         1.06333	7.00000e+00	
					         1.06500	8.00000e+00	
					         1.06667	9.00000e+00	
					         1.06833	1.00000e+01	
					         1.07000	1.10000e+01	
					         1.07167	1.20000e+01	
					         1.07333	1.30000e+01	
					         1.07500	1.40000e+01	
					         1.07667	1.40000e+01	
					         1.07833	1.50000e+01	
					         1.08000	1.60000e+01	
					         1.08167	1.70000e+01	
					         1.08333	1.80000e+01	
					         1.08500	1.90000e+01	
					         1.08667	2.10000e+01	
					         1.08833	2.20000e+01	
					         1.09000	2.40000e+01	
					         1.09167	2.70000e+01	
					         1.09333	2.90000e+01	
					         1.09500	3.20000e+01	
					         1.09667	3.50000e+01	
					         1.09833	3.70000e+01	
					         1.10000	4.00000e+01	
					         1.10167	4.20000e+01	
					         1.10333	4.40000e+01	
					         1.10500	4.60000e+01	
					         1.10667	4.80000e+01	
					         1.10833	5.00000e+01	
					         1.11000	5.10000e+01	
					         1.11167	5.30000e+01	
					         1.11333	5.50000e+01	
					         1.11500	5.70000e+01	
					         1.11667	5.90000e+01	
					         1.11833	6.10000e+01	
					         1.12000	6.30000e+01	
					         1.12167	6.50000e+01	
					         1.12333	6.60000e+01	
					         1.12500	6.70000e+01	
					         1.12667	6.70000e+01	
					         1.12833	6.70000e+01	
					         1.13000	6.60000e+01	
					         1.13167	6.40000e+01	
					         1.13333	6.20000e+01	
					         1.13500	6.00000e+01	
					         1.13667	5.70000e+01	
					         1.13833	5.30000e+01	
					         1.14000	4.90000e+01	
					         1.14167	4.40000e+01	
					         1.14333	4.00000e+01	
					         1.14500	3.50000e+01	
					         1.14667	3.00000e+01	
					         1.14833	2.50000e+01	
					         1.15000	2.10000e+01	
					         1.15167	1.60000e+01	
					         1.15333	1.10000e+01	
					         1.15500	6.00000e+00	
					         1.15667	2.00000e+00	
					         1.15833	-2.00000e+00	
					         1.16000	-6.00000e+00	
					         1.16167	-9.00000e+00	
					         1.16333	-1.20000e+01	
					         1.16500	-1.40000e+01	
					         1.16667	-1.60000e+01	
					         1.16833	-1.70000e+01	
					         1.17000	-1.80000e+01	
					         1.17167	-1.90000e+01	
					         1.17333	-2.00000e+01	
					         1.17500	-2.10000e+01	
					         1.17667	-2.30000e+01	
					         1.17833	-2.40000e+01	
					         1.18000	-2.60000e+01	
					         1.18167	-2.90000e+01	
					         1.18333	-3.10000e+01	
					         1.18500	-3.40000e+01	
					         1.18667	-3.80000e+01	
					         1.18833	-4.10000e+01	
					         1.19000	-4.50000e+01	
					         1.19167	-4.90000e+01	
					         1.19333	-5.30000e+01	
					         1.19500	-5.60000e+01	
					         1.19667	-5.90000e+01	
					         1.19833	-6.20000e+01	
					         1.20000	-6.50000e+01	
					         1.20167	-6.70000e+01	
					         1.20333	-6.90000e+01	
					         1.20500	-7.00000e+01	
					         1.20667	-7.10000e+01	
					         1.20833	-7.20000e+01	
					         1.21000	-7.20000e+01	
					         1.21167	-7.10000e+01	
					         1.21333	-7.10000e+01	
					         1.21500	-7.00000e+01	
					         1.21667	-7.00000e+01	
					         1.21833	-7.00000e+01	
					         1.22000	-6.90000e+01	
					         1.22167	-6.90000e+01	
					         1.22333	-6.90000e+01	
					         1.22500	-6.90000e+01	
					         1.22667	-7.00000e+01	
					         1.22833	-7.00000e+01	
					         1.23000	-7.00000e+01	
					         1.23167	-7.00000e+01	
					         1.23333	-7.00000e+01	
					         1.23500	-7.00000e+01	
					         1.23667	-6.90000e+01	
					         1.23833	-6.90000e+01	
					         1.24000	-6.80000e+01	
					         1.24167	-6.60000e+01	
					         1.24333	-6.50000e+01	
					         1.24500	-6.30000e+01	
					         1.24667	-6.20000e+01	
					         1.24833	-6.00000e+01	
					         1.25000	-5.90000e+01	
					         1.25167	-5.70000e+01	
					         1.25333	-5.60000e+01	
					         1.25500	-5.50000e+01	
					         1.25667	-5.50000e+01	
					         1.25833	-5.50000e+01	
					         1.26000	-5.50000e+01	
					         1.26167	-5.60000e+01	
					         1.26333	-5.70000e+01	
					         1.26500	-5.70000e+01	
					         1.26667	-5.80000e+01	
					         1.26833	-5.70000e+01	
					         1.27000	-5.50000e+01	
					         1.27167	-5.10000e+01	
					         1.27333	-4.40000e+01	
					         1.27500	-3.50000e+01	
					         1.27667	-2.40000e+01	
					         1.27833	-1.00000e+01	
					         1.28000	7.00000e+00	
					         1.28167	2.80000e+01	
					         1.28333	5.10000e+01	
					         1.28500	7.70000e+01	
					         1.28667	1.05000e+02	
					         1.28833	1.36000e+02	
					         1.29000	1.67000e+02	
					         1.29167	1.99000e+02	
					         1.29333	2.30000e+02	
					         1.29500	2.59000e+02	
					         1.29667	2.84000e+02	
					         1.29833	3.06000e+02	
					         1.30000	3.23000e+02	
					         1.30167	3.34000e+02	
					         1.30333	3.40000e+02	
					         1.30500	3.39000e+02	
					         1.30667	3.30000e+02	
					         1.30833	3.14000e+02	
					         1.31000	2.91000e+02	
					         1.31167	2.61000e+02	
					         1.31333	2.25000e+02	
					         1.31500	1.84000e+02	
					         1.31667	1.40000e+02	
					         1.31833	9.40000e+01	
					         1.32000	4.80000e+01	
					         1.32167	3.00000e+00	
					         1.32333	-4.00000e+01	
					         1.32500	-8.00000e+01	
					         1.32667	-1.16000e+02	
					         1.32833	-1.46000e+02	
					         1.33000	-1.70000e+02	
					         1.33167	-1.88000e+02	
					         1.33333	-1.99000e+02	
					         1.33500	-2.04000e+02	
					         1.33667	-2.04000e+02	
					         1.33833	-2.00000e+02	
					         1.34000	-1.91000e+02	
					         1.34167	-1.80000e+02	
					         1.34333	-1.67000e+02	
					         1.34500	-1.52000e+02	
					         1.34667	-1.38000e+02	
					         1.34833	-1.25000e+02	
					         1.35000	-1.12000e+02	
					         1.35167	-1.01000e+02	
					         1.35333	-9.10000e+01	
					         1.35500	-8.30000e+01	
					         1.35667	-7.60000e+01	
					         1.35833	-7.00000e+01	
					         1.36000	-6.50000e+01	
					         1.36167	-6.10000e+01	
					         1.36333	-5.70000e+01	
					         1.36500	-5.40000e+01	
					         1.36667	-5.20000e+01	
					         1.36833	-5.00000e+01	
					         1.37000	-4.80000e+01	
					         1.37167	-4.60000e+01	
					         1.37333	-4.40000e+01	
					         1.37500	-4.30000e+01	
					         1.37667	-4.20000e+01	
					         1.37833	-4.20000e+01	
					         1.38000	-4.20000e+01	
					         1.38167	-4.20000e+01	
					         1.38333	-4.10000e+01	
					         1.38500	-4.10000e+01	
					         1.38667	-4.10000e+01	
					         1.38833	-4.00000e+01	
					         1.39000	-3.90000e+01	
					         1.39167	-3.80000e+01	
					         1.39333	-3.60000e+01	
					         1.39500	-3.40000e+01	
					         1.39667	-3.20000e+01	
					         1.39833	-3.00000e+01	
					         1.40000	-2.70000e+01	
					         1.40167	-2.40000e+01	
					         1.40333	-2.10000e+01	
					         1.40500	-1.90000e+01	
					         1.40667	-1.60000e+01	
					         1.40833	-1.50000e+01	
					         1.41000	-1.30000e+01	
					         1.41167	-1.20000e+01	
					         1.41333	-1.10000e+01	
					         1.41500	-1.10000e+01	
					         1.41667	-1.00000e+01	
					         1.41833	-1.00000e+01	
					         1.42000	-1.00000e+01	
					         1.42167	-1.00000e+01	
					         1.42333	-1.00000e+01	
					         1.42500	-1.00000e+01	
					         1.42667	-1.00000e+01	
					         1.42833	-9.00000e+00	
					         1.43000	-9.00000e+00	
					         1.43167	-8.00000e+00	
					         1.43333	-8.00000e+00	
					         1.43500	-7.00000e+00	
					         1.43667	-6.00000e+00	
					         1.43833	-4.00000e+00	
					         1.44000	-3.00000e+00	
					         1.44167	-2.00000e+00	
					         1.44333	0.00000e+00	
					         1.44500	1.00000e+00	
					         1.44667	3.00000e+00	
					         1.44833	4.00000e+00	
					         1.45000	5.00000e+00	
					         1.45167	7.00000e+00	
					         1.45333	8.00000e+00	
					         1.45500	9.00000e+00	
					         1.45667	1.10000e+01	
					         1.45833	1.20000e+01	
					         1.46000	1.30000e+01	
					         1.46167	1.50000e+01	
					         1.46333	1.60000e+01	
					         1.46500	1.80000e+01	
					         1.46667	2.00000e+01	
					         1.46833	2.30000e+01	
					         1.47000	2.50000e+01	
					         1.47167	2.70000e+01	
					         1.47333	3.00000e+01	
					         1.47500	3.20000e+01	
					         1.47667	3.50000e+01	
					         1.47833	3.70000e+01	
					         1.48000	4.00000e+01	
					         1.48167	4.20000e+01	
					         1.48333	4.40000e+01	
					         1.48500	4.60000e+01	
					         1.48667	4.70000e+01	
					         1.48833	4.90000e+01	
					         1.49000	5.00000e+01	
					         1.49167	5.10000e+01	
					         1.49333	5.30000e+01	
					         1.49500	5.40000e+01	
					         1.49667	5.50000e+01	
					         1.49833	5.60000e+01	
					         1.50000	5.70000e+01	
					         1.50167	5.80000e+01	
					         1.50333	5.90000e+01	
					         1.50500	5.90000e+01	
					         1.50667	5.90000e+01	
					         1.50833	6.00000e+01	
					         1.51000	6.00000e+01	
					         1.51167	5.90000e+01	
					         1.51333	5.90000e+01	
					         1.51500	5.80000e+01	
					         1.51667	5.70000e+01	
					         1.51833	5.60000e+01	
					         1.52000	5.50000e+01	
					         1.52167	5.40000e+01	
					         1.52333	5.30000e+01	
					         1.52500	5.10000e+01	
					         1.52667	4.90000e+01	
					         1.52833	4.70000e+01	
					         1.53000	4.60000e+01	
					         1.53167	4.40000e+01	
					         1.53333	4.20000e+01	
					         1.53500	4.00000e+01	
					         1.53667	3.90000e+01	
					         1.53833	3.70000e+01	
					         1.54000	3.50000e+01	
					         1.54167	3.40000e+01	
					         1.54333	3.20000e+01	
					         1.54500	3.00000e+01	
					         1.54667	2.90000e+01	
					         1.54833	2.70000e+01	
					         1.55000	2.60000e+01	
					         1.55167	2.40000e+01	
					         1.55333	2.30000e+01	
					         1.55500	2.00000e+01	
					         1.55667	1.80000e+01	
					         1.55833	1.60000e+01	
					         1.56000	1.30000e+01	
					         1.56167	1.00000e+01	
					         1.56333	8.00000e+00	
					         1.56500	5.00000e+00	
					         1.56667	2.00000e+00	
					         1.56833	-1.00000e+00	
					         1.57000	-4.00000e+00	
					         1.57167	-7.00000e+00	
					         1.57333	-1.00000e+01	
					         1.57500	-1.40000e+01	
					         1.57667	-1.60000e+01	
					         1.57833	-1.90000e+01	
					         1.58000	-2.20000e+01	
					         1.58167	-2.40000e+01	
					         1.58333	-2.60000e+01	
					         1.58500	-2.90000e+01	
					         1.58667	-3.10000e+01	
					         1.58833	-3.20000e+01	
					         1.59000	-3.40000e+01	
					         1.59167	-3.60000e+01	
					         1.59333	-3.70000e+01	
					         1.59500	-3.80000e+01	
					         1.59667	-4.00000e+01	
					         1.59833	-4.20000e+01	
					         1.60000	-4.30000e+01	
					         1.60167	-4.50000e+01	
					         1.60333	-4.70000e+01	
					         1.60500	-4.90000e+01	
					         1.60667	-5.00000e+01	
					         1.60833	-5.20000e+01	
					         1.61000	-5.30000e+01	
					         1.61167	-5.40000e+01	
					         1.61333	-5.50000e+01	
					         1.61500	-5.50000e+01	
					         1.61667	-5.50000e+01	
					         1.61833	-5.40000e+01	
					         1.62000	-5.30000e+01	
					         1.62167	-5.20000e+01	
					         1.62333	-5.10000e+01	
					         1.62500	-5.00000e+01	
					         1.62667	-4.90000e+01	
					         1.62833	-4.80000e+01	
					         1.63000	-4.70000e+01	
					         1.63167	-4.60000e+01	
					         1.63333	-4.50000e+01	
					         1.63500	-4.50000e+01	
					         1.63667	-4.50000e+01	
					         1.63833	-4.50000e+01	
					         1.64000	-4.50000e+01	
					         1.64167	-4.50000e+01	
					         1.64333	-4.50000e+01	
					         1.64500	-4.50000e+01	
					         1.64667	-4.40000e+01	
					         1.64833	-4.40000e+01	
					         1.65000	-4.30000e+01	
					         1.65167	-4.20000e+01	
					         1.65333	-4.20000e+01	
					         1.65500	-4.10000e+01	
					         1.65667	-4.00000e+01	
					         1.65833	-4.00000e+01	
					         1.66000	-4.00000e+01	
					         1.66167	-3.90000e+01	
					         1.66333	-3.90000e+01	
					         1.66500	-3.90000e+01	
					         1.66667	-3.90000e+01	
					         1.66833	-3.90000e+01	
					         1.67000	-3.90000e+01	
					         1.67167	-3.80000e+01	
					         1.67333	-3.80000e+01	
					         1.67500	-3.70000e+01	
					         1.67667	-3.60000e+01	
					         1.67833	-3.40000e+01	
					         1.68000	-3.30000e+01	
					         1.68167	-3.00000e+01	
					         1.68333	-2.80000e+01	
					         1.68500	-2.60000e+01	
					         1.68667	-2.40000e+01	
					         1.68833	-2.10000e+01	
					         1.69000	-1.90000e+01	
					         1.69167	-1.70000e+01	
					         1.69333	-1.50000e+01	
					         1.69500	-1.40000e+01	
					         1.69667	-1.20000e+01	
					         1.69833	-1.10000e+01	
					         1.70000	-1.00000e+01	
					         1.70167	-9.00000e+00	
					         1.70333	-8.00000e+00	
					         1.70500	-7.00000e+00	
					         1.70667	-6.00000e+00	
					         1.70833	-5.00000e+00	
					         1.71000	-4.00000e+00	
					         1.71167	-3.00000e+00	
					         1.71333	-2.00000e+00	
					         1.71500	-1.00000e+00	
					         1.71667	0.00000e+00	
					         1.71833	1.00000e+00	
					         1.72000	2.00000e+00	
					         1.72167	2.00000e+00	
					         1.72333	3.00000e+00	
					         1.72500	3.00000e+00	
					         1.72667	4.00000e+00	
					         1.72833	4.00000e+00	
					         1.73000	4.00000e+00	
					         1.73167	4.00000e+00	
					         1.73333	4.00000e+00	
					         1.73500	4.00000e+00	
					         1.73667	5.00000e+00	
					         1.73833	5.00000e+00	
					         1.74000	5.00000e+00	
					         1.74167	6.00000e+00	
					         1.74333	7.00000e+00	
					         1.74500	7.00000e+00	
					         1.74667	8.00000e+00	
					         1.74833	1.00000e+01	
					         1.75000	1.10000e+01	
					         1.75167	1.30000e+01	
					         1.75333	1.50000e+01	
					         1.75500	1.70000e+01	
					         1.75667	2.00000e+01	
					         1.75833	2.30000e+01	
					         1.76000	2.60000e+01	
					         1.76167	2.90000e+01	
					         1.76333	3.30000e+01	
					         1.76500	3.60000e+01	
					         1.76667	4.00000e+01	
					         1.76833	4.30000e+01	
					         1.77000	4.70000e+01	
					         1.77167	5.00000e+01	
					         1.77333	5.30000e+01	
					         1.77500	5.60000e+01	
					         1.77667	5.80000e+01	
					         1.77833	6.00000e+01	
					         1.78000	6.10000e+01	
					         1.78167	6.10000e+01	
					         1.78333	6.10000e+01	
					         1.78500	6.00000e+01	
					         1.78667	5.90000e+01	
					         1.78833	5.70000e+01	
					         1.79000	5.50000e+01	
					         1.79167	5.20000e+01	
					         1.79333	4.90000e+01	
					         1.79500	4.50000e+01	
					         1.79667	4.10000e+01	
					         1.79833	3.70000e+01	
					         1.80000	3.30000e+01	
					         1.80167	2.80000e+01	
					         1.80333	2.40000e+01	
					         1.80500	2.00000e+01	
					         1.80667	1.50000e+01	
					         1.80833	1.00000e+01	
					         1.81000	5.00000e+00	
					         1.81167	0.00000e+00	
					         1.81333	-4.00000e+00	
					         1.81500	-9.00000e+00	
					         1.81667	-1.30000e+01	
					         1.81833	-1.70000e+01	
					         1.82000	-2.00000e+01	
					         1.82167	-2.20000e+01	
					         1.82333	-2.30000e+01	
					         1.82500	-2.50000e+01	
					         1.82667	-2.50000e+01	
					         1.82833	-2.50000e+01	
					         1.83000	-2.60000e+01	
					         1.83167	-2.60000e+01	
					         1.83333	-2.60000e+01	
					         1.83500	-2.60000e+01	
					         1.83667	-2.60000e+01	
					         1.83833	-2.70000e+01	
					         1.84000	-2.80000e+01	
					         1.84167	-3.00000e+01	
					         1.84333	-3.20000e+01	
					         1.84500	-3.50000e+01	
					         1.84667	-3.80000e+01	
					         1.84833	-4.10000e+01	
					         1.85000	-4.50000e+01	
					         1.85167	-4.90000e+01	
					         1.85333	-5.30000e+01	
					         1.85500	-5.70000e+01	
					         1.85667	-6.10000e+01	
					         1.85833	-6.50000e+01	
					         1.86000	-6.90000e+01	
					         1.86167	-7.30000e+01	
					         1.86333	-7.60000e+01	
					         1.86500	-7.90000e+01	
					         1.86667	-8.10000e+01	
					         1.86833	-8.30000e+01	
					         1.87000	-8.40000e+01	
					         1.87167	-8.50000e+01	
					         1.87333	-8.60000e+01	
					         1.87500	-8.60000e+01	
					         1.87667	-8.50000e+01	
					         1.87833	-8.40000e+01	
					         1.88000	-8.20000e+01	
					         1.88167	-8.10000e+01	
					         1.88333	-7.90000e+01	
					         1.88500	-7.70000e+01	
					         1.88667	-7.60000e+01	
					         1.88833	-7.40000e+01	
					         1.89000	-7.30000e+01	
					         1.89167	-7.10000e+01	
					         1.89333	-7.00000e+01	
					         1.89500	-6.80000e+01	
					         1.89667	-6.70000e+01	
					         1.89833	-6.60000e+01	
					         1.90000	-6.40000e+01	
					         1.90167	-6.30000e+01	
					         1.90333	-6.10000e+01	
					         1.90500	-5.90000e+01	
					         1.90667	-5.80000e+01	
					         1.90833	-5.60000e+01	
					         1.91000	-5.40000e+01	
					         1.91167	-5.30000e+01	
					         1.91333	-5.20000e+01	
					         1.91500	-5.20000e+01	
					         1.91667	-5.20000e+01	
					         1.91833	-5.20000e+01	
					         1.92000	-5.30000e+01	
					         1.92167	-5.50000e+01	
					         1.92333	-5.70000e+01	
					         1.92500	-5.80000e+01	
					         1.92667	-5.90000e+01	
					         1.92833	-5.90000e+01	
					         1.93000	-5.80000e+01	
					         1.93167	-5.40000e+01	
					         1.93333	-4.70000e+01	
					         1.93500	-3.80000e+01	
					         1.93667	-2.70000e+01	
					         1.93833	-1.20000e+01	
					         1.94000	5.00000e+00	
					         1.94167	2.50000e+01	
					         1.94333	4.80000e+01	
					         1.94500	7.30000e+01	
					         1.94667	1.01000e+02	
					         1.94833	1.30000e+02	
					         1.95000	1.61000e+02	
					         1.95167	1.91000e+02	
					         1.95333	2.21000e+02	
					         1.95500	2.49000e+02	
					         1.95667	2.73000e+02	
					         1.95833	2.95000e+02	
					         1.96000	3.11000e+02	
					         1.96167	3.23000e+02	
					         1.96333	3.29000e+02	
					         1.96500	3.28000e+02	
					         1.96667	3.21000e+02	
					         1.96833	3.06000e+02	
					         1.97000	2.84000e+02	
					         1.97167	2.56000e+02	
					         1.97333	2.21000e+02	
					         1.97500	1.82000e+02	
					         1.97667	1.40000e+02	
					         1.97833	9.60000e+01	
					         1.98000	5.10000e+01	
					         1.98167	7.00000e+00	
					         1.98333	-3.50000e+01	
					         1.98500	-7.40000e+01	
					         1.98667	-1.08000e+02	
					         1.98833	-1.38000e+02	
					         1.99000	-1.61000e+02	
					         1.99167	-1.79000e+02	
					         1.99333	-1.90000e+02	
					         1.99500	-1.95000e+02	
					         1.99667	-1.96000e+02	
					         1.99833	-1.91000e+02	
					         2.00000	-1.83000e+02	
