Grayscale intensity, in dB

Time (s) :	Trace 1 : 	Trace 2 : 	Trace 3 : 		Ecg : 		
0.00072   	-3.07203e+01	-2.45549e+01	-2.61067e+01		         0.00000	1.60000e+01	
0.02393   	-3.13032e+01	-2.39315e+01	-2.63973e+01		         0.00167	2.60000e+01	
0.04707   	-3.22328e+01	-2.44408e+01	-2.47338e+01		         0.00333	3.90000e+01	
0.07025   	-3.28498e+01	-2.44381e+01	-2.34043e+01		         0.00500	5.50000e+01	
0.09343   	-3.32287e+01	-2.41806e+01	-2.44305e+01		         0.00667	7.30000e+01	
0.11661   	-3.32989e+01	-2.46962e+01	-2.28718e+01		         0.00833	9.40000e+01	
0.14006   	-3.25955e+01	-2.28438e+01	-2.41363e+01		         0.01000	1.16000e+02	
0.16297   	-3.26793e+01	-2.48654e+01	-2.40041e+01		         0.01167	1.40000e+02	
0.18615   	-3.16384e+01	-2.24572e+01	-2.63930e+01		         0.01333	1.66000e+02	
0.20933   	-3.12140e+01	-2.18251e+01	-2.60057e+01		         0.01500	1.92000e+02	
0.23250   	-3.12337e+01	-2.63727e+01	-2.23990e+01		         0.01667	2.18000e+02	
0.25568   	-3.04438e+01	-2.66744e+01	-2.62519e+01		         0.01833	2.42000e+02	
0.27886   	-3.07192e+01	-2.82150e+01	-2.68151e+01		         0.02000	2.64000e+02	
0.30204   	-2.99042e+01	-2.76813e+01	-2.58565e+01		         0.02167	2.82000e+02	
0.32522   	-2.93304e+01	-2.71988e+01	-2.29251e+01		         0.02333	2.94000e+02	
0.34840   	-2.98790e+01	-2.81677e+01	-2.56441e+01		         0.02500	3.00000e+02	
0.37158   	-3.12205e+01	-2.78720e+01	-2.46600e+01		         0.02667	2.99000e+02	
0.39476   	-3.22157e+01	-2.78745e+01	-2.52072e+01		         0.02833	2.90000e+02	
0.41794   	-3.28463e+01	-2.80910e+01	-2.71001e+01		         0.03000	2.73000e+02	
0.44112   	-3.12068e+01	-2.74205e+01	-2.58712e+01		         0.03167	2.50000e+02	
0.46430   	-2.96949e+01	-2.66680e+01	-2.64361e+01		         0.03333	2.21000e+02	
0.48747   	-2.94147e+01	-2.59111e+01	-2.35342e+01		         0.03500	1.87000e+02	
0.51065   	-2.91693e+01	-2.69423e+01	-2.59219e+01		         0.03667	1.50000e+02	
0.53383   	-3.10122e+01	-2.99515e+01	-2.65420e+01		         0.03833	1.10000e+02	
0.55701   	-3.28114e+01	-2.99255e+01	-2.72062e+01		         0.04000	7.10000e+01	
0.58019   	-3.24294e+01	-2.96862e+01	-2.31114e+01		         0.04167	3.20000e+01	
0.60337   	-3.32958e+01	-2.76202e+01	-2.18526e+01		         0.04333	-5.00000e+00	
0.62655   	-3.35514e+01	-2.70586e+01	-2.26801e+01		         0.04500	-3.70000e+01	
0.64973   	-3.37417e+01	-2.59717e+01	-2.16550e+01		         0.04667	-6.60000e+01	
0.67291   	-3.28123e+01	-2.56922e+01	-2.30467e+01		         0.04833	-8.90000e+01	
0.69609   	-3.28926e+01	-2.44971e+01	-2.29974e+01		         0.05000	-1.08000e+02	
0.71926   	-3.33330e+01	-2.42199e+01	-2.28744e+01		         0.05167	-1.22000e+02	
0.74244   	-3.32763e+01	-2.42014e+01	-2.30982e+01		         0.05333	-1.31000e+02	
0.76563   	-3.31498e+01	-2.44985e+01	-2.32285e+01		         0.05500	-1.36000e+02	
0.78880   	-3.29726e+01	-2.47189e+01	-2.31007e+01		         0.05667	-1.39000e+02	
0.81198   	-3.30363e+01	-2.47973e+01	-2.30759e+01		         0.05833	-1.38000e+02	
0.83516   	-3.31288e+01	-2.43954e+01	-2.36237e+01		         0.06000	-1.36000e+02	
0.85834   	-3.32570e+01	-2.43341e+01	-2.29085e+01		         0.06167	-1.32000e+02	
0.88152   	-3.31621e+01	-2.41239e+01	-2.32561e+01		         0.06333	-1.28000e+02	
0.90470   	-3.31913e+01	-2.45062e+01	-2.29265e+01		         0.06500	-1.22000e+02	
0.92788   	-3.30373e+01	-2.37534e+01	-2.21379e+01		         0.06667	-1.16000e+02	
0.95106   	-3.35010e+01	-2.35220e+01	-2.25212e+01		         0.06833	-1.09000e+02	
0.97424   	-3.36015e+01	-2.39344e+01	-1.72233e+01		         0.07000	-1.03000e+02	
0.99742   	-3.43433e+01	-2.58966e+01	-2.16500e+01		         0.07167	-9.60000e+01	
1.02059   	-3.33755e+01	-2.63209e+01	-2.55227e+01		         0.07333	-9.00000e+01	
1.04377   	-3.37403e+01	-2.50467e+01	-2.79902e+01		         0.07500	-8.40000e+01	
1.06695   	-3.39531e+01	-2.59875e+01	-2.64852e+01		         0.07667	-7.80000e+01	
1.09013   	-3.38209e+01	-2.53881e+01	-2.71039e+01		         0.07833	-7.30000e+01	
1.11331   	-3.34654e+01	-2.51287e+01	-2.72504e+01		         0.08000	-6.90000e+01	
1.13649   	-3.39573e+01	-2.39733e+01	-2.72191e+01		         0.08167	-6.50000e+01	
1.15967   	-3.32043e+01	-2.35927e+01	-2.61814e+01		         0.08333	-6.20000e+01	
1.18285   	-3.25513e+01	-2.26440e+01	-2.38387e+01		         0.08500	-5.90000e+01	
1.20603   	-3.32995e+01	-2.34324e+01	-2.53915e+01		         0.08667	-5.70000e+01	
1.22921   	-3.18340e+01	-2.42954e+01	-2.47657e+01		         0.08833	-5.60000e+01	
1.25253   	-3.17129e+01	-2.72231e+01	-2.43675e+01		         0.09000	-5.40000e+01	
1.27557   	-3.09715e+01	-2.89970e+01	-2.45294e+01		         0.09167	-5.20000e+01	
1.29874   	-2.97144e+01	-2.98707e+01	-2.79830e+01		         0.09333	-5.10000e+01	
1.32193   	-2.97550e+01	-2.90564e+01	-2.58510e+01		         0.09500	-4.90000e+01	
1.34510   	-2.98274e+01	-3.00653e+01	-2.18254e+01		         0.09667	-4.80000e+01	
1.36828   	-2.95898e+01	-3.14493e+01	-2.58496e+01		         0.09833	-4.60000e+01	
1.39146   	-3.06596e+01	-3.12322e+01	-2.50114e+01		         0.10000	-4.50000e+01	
1.41464   	-3.15502e+01	-3.00949e+01	-2.53880e+01		         0.10167	-4.30000e+01	
1.43782   	-3.20149e+01	-2.98457e+01	-2.65652e+01		         0.10333	-4.10000e+01	
1.46100   	-3.05669e+01	-2.86476e+01	-2.71889e+01		         0.10500	-4.00000e+01	
1.48418   	-2.88754e+01	-2.78634e+01	-2.52502e+01		         0.10667	-3.80000e+01	
1.50736   	-2.89524e+01	-2.86214e+01	-2.40175e+01		         0.10833	-3.60000e+01	
1.53053   	-2.90095e+01	-2.86609e+01	-2.56043e+01		         0.11000	-3.50000e+01	
1.55371   	-3.05330e+01	-3.00068e+01	-2.74953e+01		         0.11167	-3.40000e+01	
1.57689   	-3.19362e+01	-3.14052e+01	-2.87096e+01		         0.11333	-3.30000e+01	
1.60007   	-3.15057e+01	-3.06256e+01	-2.66948e+01		         0.11500	-3.20000e+01	
1.62325   	-3.23192e+01	-2.93243e+01	-2.38814e+01		         0.11667	-3.10000e+01	
1.64643   	-3.33058e+01	-2.76610e+01	-2.30384e+01		         0.11833	-3.00000e+01	
1.66961   	-3.25292e+01	-2.51790e+01	-2.23403e+01		         0.12000	-3.00000e+01	
1.69279   	-3.18843e+01	-2.44585e+01	-2.33085e+01		         0.12167	-2.90000e+01	
1.71597   	-3.20709e+01	-2.46990e+01	-2.30252e+01		         0.12333	-2.80000e+01	
1.73915   	-3.22072e+01	-2.39357e+01	-2.31852e+01		         0.12500	-2.70000e+01	
1.76232   	-3.21543e+01	-2.38638e+01	-2.36916e+01		         0.12667	-2.70000e+01	
1.78550   	-3.20841e+01	-2.40742e+01	-2.41108e+01		         0.12833	-2.60000e+01	
1.80868   	-3.19832e+01	-2.44798e+01	-2.39920e+01		         0.13000	-2.50000e+01	
1.83186   	-3.21599e+01	-2.50823e+01	-2.43925e+01		         0.13167	-2.50000e+01	
1.85504   	-3.21410e+01	-2.51189e+01	-2.46872e+01		         0.13333	-2.40000e+01	
1.87822   	-3.22385e+01	-2.47346e+01	-2.44895e+01		         0.13500	-2.20000e+01	
1.90140   	-3.23193e+01	-2.26688e+01	-2.45573e+01		         0.13667	-2.10000e+01	
1.92458   	-3.23937e+01	-2.40866e+01	-2.40479e+01		         0.13833	-2.00000e+01	
1.94776   	-3.32744e+01	-2.30684e+01	-2.41072e+01		         0.14000	-2.00000e+01	
1.97094   	-3.34032e+01	-2.37971e+01	-1.86452e+01		         0.14167	-1.90000e+01	
1.99412   	-3.45016e+01	-2.36641e+01	-2.43015e+01		         0.14333	-1.90000e+01	
2.01729   	-3.38641e+01	-2.60838e+01	-2.47711e+01		         0.14500	-1.80000e+01	
2.04048   	-3.39739e+01	-2.47898e+01	-2.68950e+01		         0.14667	-1.80000e+01	
2.06365   	-3.41368e+01	-2.50773e+01	-2.36709e+01		         0.14833	-1.70000e+01	
2.08684   	-3.41107e+01	-2.59844e+01	-2.48829e+01		         0.15000	-1.70000e+01	
2.11001   	-3.41406e+01	-2.31641e+01	-2.57693e+01		         0.15167	-1.70000e+01	
2.13319   	-3.41249e+01	-2.29525e+01	-2.57591e+01		         0.15333	-1.70000e+01	
2.15637   	-3.36086e+01	-2.13088e+01	-2.42774e+01		         0.15500	-1.70000e+01	
2.17955   	-3.34874e+01	-2.35585e+01	-2.45144e+01		         0.15667	-1.70000e+01	
2.20273   	-3.42225e+01	-2.08332e+01	-2.52080e+01		         0.15833	-1.60000e+01	
2.22591   	-3.31571e+01	-2.62769e+01	-2.49713e+01		         0.16000	-1.60000e+01	
2.24909   	-3.26687e+01	-2.68165e+01	-2.43387e+01		         0.16167	-1.60000e+01	
2.27227   	-3.23543e+01	-3.02270e+01	-2.38171e+01		         0.16333	-1.50000e+01	
2.29544   	-3.11263e+01	-3.18756e+01	-2.78201e+01		         0.16500	-1.40000e+01	
2.31863   	-3.16856e+01	-3.15921e+01	-2.65244e+01		         0.16667	-1.40000e+01	
2.34180   	-3.22308e+01	-3.32455e+01	-2.52450e+01		         0.16833	-1.30000e+01	
2.36498   	-3.25896e+01	-3.53100e+01	-2.67368e+01		         0.17000	-1.20000e+01	
2.38816   	-3.38437e+01	-3.52344e+01	-2.56564e+01		         0.17167	-1.10000e+01	
2.41134   	-3.46110e+01	-3.45269e+01	-2.48467e+01		         0.17333	-1.10000e+01	
2.43452   	-3.47062e+01	-3.45421e+01	-2.68365e+01		         0.17500	-1.00000e+01	
2.45770   	-3.37537e+01	-3.30253e+01	-2.58701e+01		         0.17667	-9.00000e+00	
2.48099   	-3.11449e+01	-3.10518e+01	-2.47606e+01		         0.17833	-8.00000e+00	
2.50406   	-3.10299e+01	-3.19189e+01	-2.47904e+01		         0.18000	-7.00000e+00	
2.52723   	-3.18592e+01	-3.07450e+01	-2.55326e+01		         0.18167	-5.00000e+00	
2.55042   	-3.28373e+01	-3.53994e+01	-2.79467e+01		         0.18333	-4.00000e+00	
2.57359   	-3.37875e+01	-3.60408e+01	-2.76745e+01		         0.18500	-3.00000e+00	
2.59716   	-3.30715e+01	-3.50565e+01	-2.87994e+01		         0.18667	-2.00000e+00	
2.61995   	-3.35291e+01	-3.29542e+01	-2.45722e+01		         0.18833	-1.00000e+00	
2.64313   	-3.39566e+01	-3.28841e+01	-2.12207e+01		         0.19000	-1.00000e+00	
2.66631   	-3.33228e+01	-2.90056e+01	-2.48722e+01		         0.19167	0.00000e+00	
2.68949   	-3.30593e+01	-2.68971e+01	-2.37542e+01		         0.19333	0.00000e+00	
2.71267   	-3.28117e+01	-2.53139e+01	-2.04810e+01		         0.19500	0.00000e+00	
2.73585   	-3.30437e+01	-2.52894e+01	-1.90514e+01		         0.19667	0.00000e+00	
2.75903   	-3.36337e+01	-2.61680e+01	-2.09051e+01		         0.19833	0.00000e+00	
2.78221   	-3.37734e+01	-2.38907e+01	-2.17965e+01		         0.20000	0.00000e+00	
2.80538   	-3.43421e+01	-2.38359e+01	-1.97701e+01		         0.20167	0.00000e+00	
2.82856   	-3.45265e+01	-2.41562e+01	-1.96006e+01		         0.20333	0.00000e+00	
2.85174   	-3.47453e+01	-2.41795e+01	-1.98522e+01		         0.20500	0.00000e+00	
2.87492   	-3.48464e+01	-2.51803e+01	-2.06894e+01		         0.20667	0.00000e+00	
2.89810   	-3.50348e+01	-2.76390e+01	-2.04840e+01		         0.20833	1.00000e+00	
2.92128   	-3.49942e+01	-2.66961e+01	-1.96504e+01		         0.21000	1.00000e+00	
2.94446   	-3.58248e+01	-2.85262e+01	-1.54253e+01		         0.21167	2.00000e+00	
2.96764   	-3.64290e+01	-3.00605e+01	-2.14559e+01		         0.21333	3.00000e+00	
2.99082   	-3.54511e+01	-3.06725e+01	-2.59239e+01		         0.21500	4.00000e+00	
3.01400   	-3.55140e+01	-2.99080e+01	-2.75507e+01		         0.21667	5.00000e+00	
3.03718   	-3.54959e+01	-3.05394e+01	-2.59781e+01		         0.21833	6.00000e+00	
3.06035   	-3.58020e+01	-3.04594e+01	-2.64274e+01		         0.22000	6.00000e+00	
					         0.22167	7.00000e+00	
					         0.22333	8.00000e+00	
					         0.22500	8.00000e+00	
					         0.22667	9.00000e+00	
					         0.22833	1.00000e+01	
					         0.23000	1.10000e+01	
					         0.23167	1.20000e+01	
					         0.23333	1.30000e+01	
					         0.23500	1.50000e+01	
					         0.23667	1.60000e+01	
					         0.23833	1.80000e+01	
					         0.24000	1.90000e+01	
					         0.24167	2.10000e+01	
					         0.24333	2.30000e+01	
					         0.24500	2.50000e+01	
					         0.24667	2.70000e+01	
					         0.24833	2.90000e+01	
					         0.25000	3.10000e+01	
					         0.25167	3.30000e+01	
					         0.25333	3.50000e+01	
					         0.25500	3.70000e+01	
					         0.25667	3.90000e+01	
					         0.25833	4.00000e+01	
					         0.26000	4.20000e+01	
					         0.26167	4.40000e+01	
					         0.26333	4.50000e+01	
					         0.26500	4.60000e+01	
					         0.26667	4.70000e+01	
					         0.26833	4.70000e+01	
					         0.27000	4.80000e+01	
					         0.27167	4.80000e+01	
					         0.27333	4.80000e+01	
					         0.27500	4.80000e+01	
					         0.27667	4.80000e+01	
					         0.27833	4.80000e+01	
					         0.28000	4.80000e+01	
					         0.28167	4.80000e+01	
					         0.28333	4.90000e+01	
					         0.28500	4.90000e+01	
					         0.28667	5.00000e+01	
					         0.28833	5.20000e+01	
					         0.29000	5.30000e+01	
					         0.29167	5.40000e+01	
					         0.29333	5.50000e+01	
					         0.29500	5.60000e+01	
					         0.29667	5.70000e+01	
					         0.29833	5.70000e+01	
					         0.30000	5.80000e+01	
					         0.30167	5.80000e+01	
					         0.30333	5.70000e+01	
					         0.30500	5.70000e+01	
					         0.30667	5.70000e+01	
					         0.30833	5.60000e+01	
					         0.31000	5.60000e+01	
					         0.31167	5.50000e+01	
					         0.31333	5.40000e+01	
					         0.31500	5.40000e+01	
					         0.31667	5.30000e+01	
					         0.31833	5.30000e+01	
					         0.32000	5.20000e+01	
					         0.32167	5.10000e+01	
					         0.32333	5.00000e+01	
					         0.32500	4.80000e+01	
					         0.32667	4.60000e+01	
					         0.32833	4.40000e+01	
					         0.33000	4.20000e+01	
					         0.33167	3.90000e+01	
					         0.33333	3.60000e+01	
					         0.33500	3.30000e+01	
					         0.33667	3.00000e+01	
					         0.33833	2.60000e+01	
					         0.34000	2.30000e+01	
					         0.34167	1.90000e+01	
					         0.34333	1.60000e+01	
					         0.34500	1.30000e+01	
					         0.34667	9.00000e+00	
					         0.34833	6.00000e+00	
					         0.35000	3.00000e+00	
					         0.35167	1.00000e+00	
					         0.35333	-2.00000e+00	
					         0.35500	-4.00000e+00	
					         0.35667	-5.00000e+00	
					         0.35833	-7.00000e+00	
					         0.36000	-8.00000e+00	
					         0.36167	-9.00000e+00	
					         0.36333	-1.00000e+01	
					         0.36500	-1.20000e+01	
					         0.36667	-1.30000e+01	
					         0.36833	-1.50000e+01	
					         0.37000	-1.70000e+01	
					         0.37167	-1.90000e+01	
					         0.37333	-2.10000e+01	
					         0.37500	-2.30000e+01	
					         0.37667	-2.60000e+01	
					         0.37833	-2.80000e+01	
					         0.38000	-3.00000e+01	
					         0.38167	-3.10000e+01	
					         0.38333	-3.30000e+01	
					         0.38500	-3.40000e+01	
					         0.38667	-3.50000e+01	
					         0.38833	-3.60000e+01	
					         0.39000	-3.60000e+01	
					         0.39167	-3.60000e+01	
					         0.39333	-3.60000e+01	
					         0.39500	-3.60000e+01	
					         0.39667	-3.60000e+01	
					         0.39833	-3.50000e+01	
					         0.40000	-3.50000e+01	
					         0.40167	-3.50000e+01	
					         0.40333	-3.50000e+01	
					         0.40500	-3.50000e+01	
					         0.40667	-3.50000e+01	
					         0.40833	-3.40000e+01	
					         0.41000	-3.40000e+01	
					         0.41167	-3.40000e+01	
					         0.41333	-3.40000e+01	
					         0.41500	-3.40000e+01	
					         0.41667	-3.30000e+01	
					         0.41833	-3.30000e+01	
					         0.42000	-3.30000e+01	
					         0.42167	-3.30000e+01	
					         0.42333	-3.30000e+01	
					         0.42500	-3.30000e+01	
					         0.42667	-3.30000e+01	
					         0.42833	-3.30000e+01	
					         0.43000	-3.20000e+01	
					         0.43167	-3.20000e+01	
					         0.43333	-3.20000e+01	
					         0.43500	-3.10000e+01	
					         0.43667	-3.10000e+01	
					         0.43833	-3.10000e+01	
					         0.44000	-3.00000e+01	
					         0.44167	-3.00000e+01	
					         0.44333	-2.90000e+01	
					         0.44500	-2.90000e+01	
					         0.44667	-2.90000e+01	
					         0.44833	-2.80000e+01	
					         0.45000	-2.80000e+01	
					         0.45167	-2.80000e+01	
					         0.45333	-2.80000e+01	
					         0.45500	-2.70000e+01	
					         0.45667	-2.70000e+01	
					         0.45833	-2.70000e+01	
					         0.46000	-2.80000e+01	
					         0.46167	-2.80000e+01	
					         0.46333	-2.80000e+01	
					         0.46500	-2.90000e+01	
					         0.46667	-2.90000e+01	
					         0.46833	-2.90000e+01	
					         0.47000	-2.80000e+01	
					         0.47167	-2.80000e+01	
					         0.47333	-2.70000e+01	
					         0.47500	-2.60000e+01	
					         0.47667	-2.50000e+01	
					         0.47833	-2.40000e+01	
					         0.48000	-2.30000e+01	
					         0.48167	-2.20000e+01	
					         0.48333	-2.10000e+01	
					         0.48500	-2.00000e+01	
					         0.48667	-1.90000e+01	
					         0.48833	-1.80000e+01	
					         0.49000	-1.80000e+01	
					         0.49167	-1.70000e+01	
					         0.49333	-1.80000e+01	
					         0.49500	-1.80000e+01	
					         0.49667	-1.80000e+01	
					         0.49833	-1.80000e+01	
					         0.50000	-1.80000e+01	
					         0.50167	-1.70000e+01	
					         0.50333	-1.70000e+01	
					         0.50500	-1.70000e+01	
					         0.50667	-1.60000e+01	
					         0.50833	-1.50000e+01	
					         0.51000	-1.50000e+01	
					         0.51167	-1.40000e+01	
					         0.51333	-1.30000e+01	
					         0.51500	-1.20000e+01	
					         0.51667	-1.10000e+01	
					         0.51833	-1.10000e+01	
					         0.52000	-1.00000e+01	
					         0.52167	-9.00000e+00	
					         0.52333	-9.00000e+00	
					         0.52500	-8.00000e+00	
					         0.52667	-7.00000e+00	
					         0.52833	-7.00000e+00	
					         0.53000	-7.00000e+00	
					         0.53167	-7.00000e+00	
					         0.53333	-7.00000e+00	
					         0.53500	-7.00000e+00	
					         0.53667	-8.00000e+00	
					         0.53833	-8.00000e+00	
					         0.54000	-9.00000e+00	
					         0.54167	-9.00000e+00	
					         0.54333	-1.00000e+01	
					         0.54500	-1.10000e+01	
					         0.54667	-1.10000e+01	
					         0.54833	-1.20000e+01	
					         0.55000	-1.30000e+01	
					         0.55167	-1.40000e+01	
					         0.55333	-1.40000e+01	
					         0.55500	-1.50000e+01	
					         0.55667	-1.50000e+01	
					         0.55833	-1.50000e+01	
					         0.56000	-1.60000e+01	
					         0.56167	-1.60000e+01	
					         0.56333	-1.60000e+01	
					         0.56500	-1.70000e+01	
					         0.56667	-1.70000e+01	
					         0.56833	-1.70000e+01	
					         0.57000	-1.70000e+01	
					         0.57167	-1.60000e+01	
					         0.57333	-1.60000e+01	
					         0.57500	-1.60000e+01	
					         0.57667	-1.50000e+01	
					         0.57833	-1.50000e+01	
					         0.58000	-1.40000e+01	
					         0.58167	-1.30000e+01	
					         0.58333	-1.30000e+01	
					         0.58500	-1.20000e+01	
					         0.58667	-1.10000e+01	
					         0.58833	-1.10000e+01	
					         0.59000	-1.00000e+01	
					         0.59167	-1.00000e+01	
					         0.59333	-9.00000e+00	
					         0.59500	-9.00000e+00	
					         0.59667	-8.00000e+00	
					         0.59833	-8.00000e+00	
					         0.60000	-8.00000e+00	
					         0.60167	-8.00000e+00	
					         0.60333	-8.00000e+00	
					         0.60500	-8.00000e+00	
					         0.60667	-8.00000e+00	
					         0.60833	-8.00000e+00	
					         0.61000	-8.00000e+00	
					         0.61167	-8.00000e+00	
					         0.61333	-8.00000e+00	
					         0.61500	-7.00000e+00	
					         0.61667	-7.00000e+00	
					         0.61833	-7.00000e+00	
					         0.62000	-7.00000e+00	
					         0.62167	-7.00000e+00	
					         0.62333	-7.00000e+00	
					         0.62500	-7.00000e+00	
					         0.62667	-8.00000e+00	
					         0.62833	-8.00000e+00	
					         0.63000	-8.00000e+00	
					         0.63167	-8.00000e+00	
					         0.63333	-8.00000e+00	
					         0.63500	-9.00000e+00	
					         0.63667	-9.00000e+00	
					         0.63833	-9.00000e+00	
					         0.64000	-8.00000e+00	
					         0.64167	-8.00000e+00	
					         0.64333	-8.00000e+00	
					         0.64500	-8.00000e+00	
					         0.64667	-8.00000e+00	
					         0.64833	-7.00000e+00	
					         0.65000	-7.00000e+00	
					         0.65167	-6.00000e+00	
					         0.65333	-6.00000e+00	
					         0.65500	-5.00000e+00	
					         0.65667	-5.00000e+00	
					         0.65833	-5.00000e+00	
					         0.66000	-5.00000e+00	
					         0.66167	-5.00000e+00	
					         0.66333	-5.00000e+00	
					         0.66500	-5.00000e+00	
					         0.66667	-6.00000e+00	
					         0.66833	-6.00000e+00	
					         0.67000	-6.00000e+00	
					         0.67167	-6.00000e+00	
					         0.67333	-6.00000e+00	
					         0.67500	-6.00000e+00	
					         0.67667	-6.00000e+00	
					         0.67833	-6.00000e+00	
					         0.68000	-6.00000e+00	
					         0.68167	-6.00000e+00	
					         0.68333	-5.00000e+00	
					         0.68500	-5.00000e+00	
					         0.68667	-5.00000e+00	
					         0.68833	-5.00000e+00	
					         0.69000	-4.00000e+00	
					         0.69167	-4.00000e+00	
					         0.69333	-4.00000e+00	
					         0.69500	-4.00000e+00	
					         0.69667	-4.00000e+00	
					         0.69833	-4.00000e+00	
					         0.70000	-4.00000e+00	
					         0.70167	-4.00000e+00	
					         0.70333	-3.00000e+00	
					         0.70500	-4.00000e+00	
					         0.70667	-4.00000e+00	
					         0.70833	-4.00000e+00	
					         0.71000	-4.00000e+00	
					         0.71167	-4.00000e+00	
					         0.71333	-4.00000e+00	
					         0.71500	-4.00000e+00	
					         0.71667	-4.00000e+00	
					         0.71833	-4.00000e+00	
					         0.72000	-5.00000e+00	
					         0.72167	-5.00000e+00	
					         0.72333	-5.00000e+00	
					         0.72500	-5.00000e+00	
					         0.72667	-5.00000e+00	
					         0.72833	-5.00000e+00	
					         0.73000	-5.00000e+00	
					         0.73167	-5.00000e+00	
					         0.73333	-4.00000e+00	
					         0.73500	-4.00000e+00	
					         0.73667	-4.00000e+00	
					         0.73833	-3.00000e+00	
					         0.74000	-3.00000e+00	
					         0.74167	-2.00000e+00	
					         0.74333	-2.00000e+00	
					         0.74500	-1.00000e+00	
					         0.74667	0.00000e+00	
					         0.74833	0.00000e+00	
					         0.75000	1.00000e+00	
					         0.75167	1.00000e+00	
					         0.75333	1.00000e+00	
					         0.75500	2.00000e+00	
					         0.75667	2.00000e+00	
					         0.75833	2.00000e+00	
					         0.76000	2.00000e+00	
					         0.76167	2.00000e+00	
					         0.76333	1.00000e+00	
					         0.76500	1.00000e+00	
					         0.76667	0.00000e+00	
					         0.76833	0.00000e+00	
					         0.77000	-1.00000e+00	
					         0.77167	-1.00000e+00	
					         0.77333	-2.00000e+00	
					         0.77500	-3.00000e+00	
					         0.77667	-4.00000e+00	
					         0.77833	-5.00000e+00	
					         0.78000	-6.00000e+00	
					         0.78167	-7.00000e+00	
					         0.78333	-8.00000e+00	
					         0.78500	-8.00000e+00	
					         0.78667	-8.00000e+00	
					         0.78833	-8.00000e+00	
					         0.79000	-8.00000e+00	
					         0.79167	-8.00000e+00	
					         0.79333	-8.00000e+00	
					         0.79500	-7.00000e+00	
					         0.79667	-7.00000e+00	
					         0.79833	-7.00000e+00	
					         0.80000	-7.00000e+00	
					         0.80167	-6.00000e+00	
					         0.80333	-6.00000e+00	
					         0.80500	-6.00000e+00	
					         0.80667	-6.00000e+00	
					         0.80833	-6.00000e+00	
					         0.81000	-6.00000e+00	
					         0.81167	-5.00000e+00	
					         0.81333	-5.00000e+00	
					         0.81500	-4.00000e+00	
					         0.81667	-3.00000e+00	
					         0.81833	-3.00000e+00	
					         0.82000	-2.00000e+00	
					         0.82167	-1.00000e+00	
					         0.82333	-1.00000e+00	
					         0.82500	0.00000e+00	
					         0.82667	1.00000e+00	
					         0.82833	1.00000e+00	
					         0.83000	2.00000e+00	
					         0.83167	2.00000e+00	
					         0.83333	3.00000e+00	
					         0.83500	4.00000e+00	
					         0.83667	5.00000e+00	
					         0.83833	6.00000e+00	
					         0.84000	8.00000e+00	
					         0.84167	1.00000e+01	
					         0.84333	1.20000e+01	
					         0.84500	1.40000e+01	
					         0.84667	1.70000e+01	
					         0.84833	1.90000e+01	
					         0.85000	2.20000e+01	
					         0.85167	2.50000e+01	
					         0.85333	2.70000e+01	
					         0.85500	2.90000e+01	
					         0.85667	3.10000e+01	
					         0.85833	3.30000e+01	
					         0.86000	3.40000e+01	
					         0.86167	3.50000e+01	
					         0.86333	3.60000e+01	
					         0.86500	3.60000e+01	
					         0.86667	3.60000e+01	
					         0.86833	3.60000e+01	
					         0.87000	3.60000e+01	
					         0.87167	3.50000e+01	
					         0.87333	3.40000e+01	
					         0.87500	3.30000e+01	
					         0.87667	3.10000e+01	
					         0.87833	3.00000e+01	
					         0.88000	2.80000e+01	
					         0.88167	2.60000e+01	
					         0.88333	2.50000e+01	
					         0.88500	2.30000e+01	
					         0.88667	2.20000e+01	
					         0.88833	2.00000e+01	
					         0.89000	1.90000e+01	
					         0.89167	1.70000e+01	
					         0.89333	1.60000e+01	
					         0.89500	1.50000e+01	
					         0.89667	1.50000e+01	
					         0.89833	1.40000e+01	
					         0.90000	1.30000e+01	
					         0.90167	1.20000e+01	
					         0.90333	1.00000e+01	
					         0.90500	8.00000e+00	
					         0.90667	6.00000e+00	
					         0.90833	3.00000e+00	
					         0.91000	0.00000e+00	
					         0.91167	-3.00000e+00	
					         0.91333	-6.00000e+00	
					         0.91500	-1.00000e+01	
					         0.91667	-1.30000e+01	
					         0.91833	-1.60000e+01	
					         0.92000	-1.80000e+01	
					         0.92167	-2.00000e+01	
					         0.92333	-2.20000e+01	
					         0.92500	-2.30000e+01	
					         0.92667	-2.30000e+01	
					         0.92833	-2.30000e+01	
					         0.93000	-2.30000e+01	
					         0.93167	-2.30000e+01	
					         0.93333	-2.20000e+01	
					         0.93500	-2.20000e+01	
					         0.93667	-2.10000e+01	
					         0.93833	-2.10000e+01	
					         0.94000	-2.20000e+01	
					         0.94167	-2.30000e+01	
					         0.94333	-2.40000e+01	
					         0.94500	-2.60000e+01	
					         0.94667	-2.70000e+01	
					         0.94833	-2.90000e+01	
					         0.95000	-3.10000e+01	
					         0.95167	-3.30000e+01	
					         0.95333	-3.50000e+01	
					         0.95500	-3.60000e+01	
					         0.95667	-3.70000e+01	
					         0.95833	-3.80000e+01	
					         0.96000	-3.80000e+01	
					         0.96167	-3.80000e+01	
					         0.96333	-3.80000e+01	
					         0.96500	-3.80000e+01	
					         0.96667	-3.80000e+01	
					         0.96833	-3.80000e+01	
					         0.97000	-3.80000e+01	
					         0.97167	-3.70000e+01	
					         0.97333	-3.70000e+01	
					         0.97500	-3.70000e+01	
					         0.97667	-3.60000e+01	
					         0.97833	-3.60000e+01	
					         0.98000	-3.50000e+01	
					         0.98167	-3.40000e+01	
					         0.98333	-3.20000e+01	
					         0.98500	-3.10000e+01	
					         0.98667	-2.90000e+01	
					         0.98833	-2.60000e+01	
					         0.99000	-2.40000e+01	
					         0.99167	-2.10000e+01	
					         0.99333	-1.90000e+01	
					         0.99500	-1.70000e+01	
					         0.99667	-1.50000e+01	
					         0.99833	-1.40000e+01	
					         1.00000	-1.30000e+01	
					         1.00167	-1.30000e+01	
					         1.00333	-1.30000e+01	
					         1.00500	-1.30000e+01	
					         1.00667	-1.30000e+01	
					         1.00833	-1.40000e+01	
					         1.01000	-1.40000e+01	
					         1.01167	-1.30000e+01	
					         1.01333	-1.20000e+01	
					         1.01500	-9.00000e+00	
					         1.01667	-6.00000e+00	
					         1.01833	-1.00000e+00	
					         1.02000	5.00000e+00	
					         1.02167	1.40000e+01	
					         1.02333	2.50000e+01	
					         1.02500	3.80000e+01	
					         1.02667	5.50000e+01	
					         1.02833	7.30000e+01	
					         1.03000	9.40000e+01	
					         1.03167	1.16000e+02	
					         1.03333	1.39000e+02	
					         1.03500	1.63000e+02	
					         1.03667	1.88000e+02	
					         1.03833	2.12000e+02	
					         1.04000	2.34000e+02	
					         1.04167	2.55000e+02	
					         1.04333	2.71000e+02	
					         1.04500	2.82000e+02	
					         1.04667	2.87000e+02	
					         1.04833	2.85000e+02	
					         1.05000	2.77000e+02	
					         1.05167	2.61000e+02	
					         1.05333	2.39000e+02	
					         1.05500	2.12000e+02	
					         1.05667	1.80000e+02	
					         1.05833	1.44000e+02	
					         1.06000	1.06000e+02	
					         1.06167	6.80000e+01	
					         1.06333	3.10000e+01	
					         1.06500	-4.00000e+00	
					         1.06667	-3.60000e+01	
					         1.06833	-6.30000e+01	
					         1.07000	-8.60000e+01	
					         1.07167	-1.04000e+02	
					         1.07333	-1.17000e+02	
					         1.07500	-1.25000e+02	
					         1.07667	-1.30000e+02	
					         1.07833	-1.31000e+02	
					         1.08000	-1.31000e+02	
					         1.08167	-1.28000e+02	
					         1.08333	-1.24000e+02	
					         1.08500	-1.19000e+02	
					         1.08667	-1.13000e+02	
					         1.08833	-1.07000e+02	
					         1.09000	-1.01000e+02	
					         1.09167	-9.50000e+01	
					         1.09333	-8.90000e+01	
					         1.09500	-8.30000e+01	
					         1.09667	-7.80000e+01	
					         1.09833	-7.30000e+01	
					         1.10000	-6.80000e+01	
					         1.10167	-6.40000e+01	
					         1.10333	-6.10000e+01	
					         1.10500	-5.80000e+01	
					         1.10667	-5.50000e+01	
					         1.10833	-5.30000e+01	
					         1.11000	-5.20000e+01	
					         1.11167	-5.10000e+01	
					         1.11333	-4.90000e+01	
					         1.11500	-4.90000e+01	
					         1.11667	-4.80000e+01	
					         1.11833	-4.70000e+01	
					         1.12000	-4.60000e+01	
					         1.12167	-4.60000e+01	
					         1.12333	-4.50000e+01	
					         1.12500	-4.40000e+01	
					         1.12667	-4.20000e+01	
					         1.12833	-4.10000e+01	
					         1.13000	-4.00000e+01	
					         1.13167	-3.90000e+01	
					         1.13333	-3.70000e+01	
					         1.13500	-3.60000e+01	
					         1.13667	-3.40000e+01	
					         1.13833	-3.20000e+01	
					         1.14000	-3.00000e+01	
					         1.14167	-2.80000e+01	
					         1.14333	-2.70000e+01	
					         1.14500	-2.50000e+01	
					         1.14667	-2.40000e+01	
					         1.14833	-2.30000e+01	
					         1.15000	-2.20000e+01	
					         1.15167	-2.00000e+01	
					         1.15333	-1.90000e+01	
					         1.15500	-1.90000e+01	
					         1.15667	-1.80000e+01	
					         1.15833	-1.70000e+01	
					         1.16000	-1.60000e+01	
					         1.16167	-1.60000e+01	
					         1.16333	-1.50000e+01	
					         1.16500	-1.40000e+01	
					         1.16667	-1.30000e+01	
					         1.16833	-1.30000e+01	
					         1.17000	-1.20000e+01	
					         1.17167	-1.10000e+01	
					         1.17333	-1.00000e+01	
					         1.17500	-1.00000e+01	
					         1.17667	-9.00000e+00	
					         1.17833	-8.00000e+00	
					         1.18000	-8.00000e+00	
					         1.18167	-7.00000e+00	
					         1.18333	-7.00000e+00	
					         1.18500	-7.00000e+00	
					         1.18667	-6.00000e+00	
					         1.18833	-6.00000e+00	
					         1.19000	-6.00000e+00	
					         1.19167	-6.00000e+00	
					         1.19333	-5.00000e+00	
					         1.19500	-5.00000e+00	
					         1.19667	-5.00000e+00	
					         1.19833	-4.00000e+00	
					         1.20000	-4.00000e+00	
					         1.20167	-3.00000e+00	
					         1.20333	-3.00000e+00	
					         1.20500	-3.00000e+00	
					         1.20667	-2.00000e+00	
					         1.20833	-2.00000e+00	
					         1.21000	-2.00000e+00	
					         1.21167	-1.00000e+00	
					         1.21333	-1.00000e+00	
					         1.21500	-1.00000e+00	
					         1.21667	0.00000e+00	
					         1.21833	0.00000e+00	
					         1.22000	1.00000e+00	
					         1.22167	1.00000e+00	
					         1.22333	2.00000e+00	
					         1.22500	3.00000e+00	
					         1.22667	4.00000e+00	
					         1.22833	6.00000e+00	
					         1.23000	7.00000e+00	
					         1.23167	8.00000e+00	
					         1.23333	9.00000e+00	
					         1.23500	1.00000e+01	
					         1.23667	1.10000e+01	
					         1.23833	1.20000e+01	
					         1.24000	1.20000e+01	
					         1.24167	1.20000e+01	
					         1.24333	1.20000e+01	
					         1.24500	1.20000e+01	
					         1.24667	1.20000e+01	
					         1.24833	1.20000e+01	
					         1.25000	1.20000e+01	
					         1.25167	1.30000e+01	
					         1.25333	1.40000e+01	
					         1.25500	1.50000e+01	
					         1.25667	1.60000e+01	
					         1.25833	1.80000e+01	
					         1.26000	2.00000e+01	
					         1.26167	2.20000e+01	
					         1.26333	2.40000e+01	
					         1.26500	2.60000e+01	
					         1.26667	2.80000e+01	
					         1.26833	3.00000e+01	
					         1.27000	3.10000e+01	
					         1.27167	3.30000e+01	
					         1.27333	3.40000e+01	
					         1.27500	3.60000e+01	
					         1.27667	3.70000e+01	
					         1.27833	3.80000e+01	
					         1.28000	4.00000e+01	
					         1.28167	4.10000e+01	
					         1.28333	4.10000e+01	
					         1.28500	4.20000e+01	
					         1.28667	4.30000e+01	
					         1.28833	4.40000e+01	
					         1.29000	4.50000e+01	
					         1.29167	4.70000e+01	
					         1.29333	4.80000e+01	
					         1.29500	4.90000e+01	
					         1.29667	5.00000e+01	
					         1.29833	5.20000e+01	
					         1.30000	5.30000e+01	
					         1.30167	5.40000e+01	
					         1.30333	5.50000e+01	
					         1.30500	5.50000e+01	
					         1.30667	5.60000e+01	
					         1.30833	5.70000e+01	
					         1.31000	5.70000e+01	
					         1.31167	5.80000e+01	
					         1.31333	5.80000e+01	
					         1.31500	5.90000e+01	
					         1.31667	5.90000e+01	
					         1.31833	5.90000e+01	
					         1.32000	5.90000e+01	
					         1.32167	5.90000e+01	
					         1.32333	5.90000e+01	
					         1.32500	6.00000e+01	
					         1.32667	6.00000e+01	
					         1.32833	6.00000e+01	
					         1.33000	5.90000e+01	
					         1.33167	5.90000e+01	
					         1.33333	5.80000e+01	
					         1.33500	5.80000e+01	
					         1.33667	5.60000e+01	
					         1.33833	5.50000e+01	
					         1.34000	5.40000e+01	
					         1.34167	5.20000e+01	
					         1.34333	5.10000e+01	
					         1.34500	4.90000e+01	
					         1.34667	4.80000e+01	
					         1.34833	4.60000e+01	
					         1.35000	4.40000e+01	
					         1.35167	4.20000e+01	
					         1.35333	3.90000e+01	
					         1.35500	3.70000e+01	
					         1.35667	3.40000e+01	
					         1.35833	3.10000e+01	
					         1.36000	2.90000e+01	
					         1.36167	2.60000e+01	
					         1.36333	2.30000e+01	
					         1.36500	2.00000e+01	
					         1.36667	1.70000e+01	
					         1.36833	1.40000e+01	
					         1.37000	1.10000e+01	
					         1.37167	7.00000e+00	
					         1.37333	4.00000e+00	
					         1.37500	1.00000e+00	
					         1.37667	-2.00000e+00	
					         1.37833	-5.00000e+00	
					         1.38000	-8.00000e+00	
					         1.38167	-1.00000e+01	
					         1.38333	-1.30000e+01	
					         1.38500	-1.60000e+01	
					         1.38667	-1.80000e+01	
					         1.38833	-2.10000e+01	
					         1.39000	-2.30000e+01	
					         1.39167	-2.50000e+01	
					         1.39333	-2.60000e+01	
					         1.39500	-2.70000e+01	
					         1.39667	-2.80000e+01	
					         1.39833	-2.90000e+01	
					         1.40000	-2.90000e+01	
					         1.40167	-2.90000e+01	
					         1.40333	-3.00000e+01	
					         1.40500	-3.00000e+01	
					         1.40667	-3.00000e+01	
					         1.40833	-3.00000e+01	
					         1.41000	-3.10000e+01	
					         1.41167	-3.10000e+01	
					         1.41333	-3.20000e+01	
					         1.41500	-3.20000e+01	
					         1.41667	-3.30000e+01	
					         1.41833	-3.40000e+01	
					         1.42000	-3.50000e+01	
					         1.42167	-3.60000e+01	
					         1.42333	-3.70000e+01	
					         1.42500	-3.70000e+01	
					         1.42667	-3.80000e+01	
					         1.42833	-3.80000e+01	
					         1.43000	-3.80000e+01	
					         1.43167	-3.80000e+01	
					         1.43333	-3.70000e+01	
					         1.43500	-3.60000e+01	
					         1.43667	-3.50000e+01	
					         1.43833	-3.40000e+01	
					         1.44000	-3.30000e+01	
					         1.44167	-3.10000e+01	
					         1.44333	-3.00000e+01	
					         1.44500	-3.00000e+01	
					         1.44667	-2.90000e+01	
					         1.44833	-2.90000e+01	
					         1.45000	-2.80000e+01	
					         1.45167	-2.80000e+01	
					         1.45333	-2.80000e+01	
					         1.45500	-2.80000e+01	
					         1.45667	-2.80000e+01	
					         1.45833	-2.80000e+01	
					         1.46000	-2.90000e+01	
					         1.46167	-2.90000e+01	
					         1.46333	-2.80000e+01	
					         1.46500	-2.80000e+01	
					         1.46667	-2.70000e+01	
					         1.46833	-2.60000e+01	
					         1.47000	-2.40000e+01	
					         1.47167	-2.30000e+01	
					         1.47333	-2.20000e+01	
					         1.47500	-2.00000e+01	
					         1.47667	-1.90000e+01	
					         1.47833	-1.90000e+01	
					         1.48000	-1.80000e+01	
					         1.48167	-1.80000e+01	
					         1.48333	-1.80000e+01	
					         1.48500	-1.80000e+01	
					         1.48667	-1.80000e+01	
					         1.48833	-1.90000e+01	
					         1.49000	-1.90000e+01	
					         1.49167	-2.00000e+01	
					         1.49333	-2.00000e+01	
					         1.49500	-2.00000e+01	
					         1.49667	-2.00000e+01	
					         1.49833	-1.90000e+01	
					         1.50000	-1.90000e+01	
					         1.50167	-1.70000e+01	
					         1.50333	-1.60000e+01	
					         1.50500	-1.50000e+01	
					         1.50667	-1.40000e+01	
					         1.50833	-1.30000e+01	
					         1.51000	-1.20000e+01	
					         1.51167	-1.10000e+01	
					         1.51333	-1.10000e+01	
					         1.51500	-1.10000e+01	
					         1.51667	-1.10000e+01	
					         1.51833	-1.10000e+01	
					         1.52000	-1.20000e+01	
					         1.52167	-1.20000e+01	
					         1.52333	-1.30000e+01	
					         1.52500	-1.30000e+01	
					         1.52667	-1.30000e+01	
					         1.52833	-1.30000e+01	
					         1.53000	-1.30000e+01	
					         1.53167	-1.30000e+01	
					         1.53333	-1.30000e+01	
					         1.53500	-1.20000e+01	
					         1.53667	-1.20000e+01	
					         1.53833	-1.20000e+01	
					         1.54000	-1.10000e+01	
					         1.54167	-1.10000e+01	
					         1.54333	-1.10000e+01	
					         1.54500	-1.10000e+01	
					         1.54667	-1.00000e+01	
					         1.54833	-1.00000e+01	
					         1.55000	-9.00000e+00	
					         1.55167	-9.00000e+00	
					         1.55333	-8.00000e+00	
					         1.55500	-7.00000e+00	
					         1.55667	-6.00000e+00	
					         1.55833	-5.00000e+00	
					         1.56000	-4.00000e+00	
					         1.56167	-3.00000e+00	
					         1.56333	-3.00000e+00	
					         1.56500	-2.00000e+00	
					         1.56667	-2.00000e+00	
					         1.56833	-2.00000e+00	
					         1.57000	-2.00000e+00	
					         1.57167	-2.00000e+00	
					         1.57333	-2.00000e+00	
					         1.57500	-2.00000e+00	
					         1.57667	-3.00000e+00	
					         1.57833	-3.00000e+00	
					         1.58000	-3.00000e+00	
					         1.58167	-3.00000e+00	
					         1.58333	-3.00000e+00	
					         1.58500	-3.00000e+00	
					         1.58667	-3.00000e+00	
					         1.58833	-3.00000e+00	
					         1.59000	-3.00000e+00	
					         1.59167	-4.00000e+00	
					         1.59333	-4.00000e+00	
					         1.59500	-5.00000e+00	
					         1.59667	-5.00000e+00	
					         1.59833	-6.00000e+00	
					         1.60000	-7.00000e+00	
					         1.60167	-8.00000e+00	
					         1.60333	-8.00000e+00	
					         1.60500	-9.00000e+00	
					         1.60667	-1.00000e+01	
					         1.60833	-1.00000e+01	
					         1.61000	-1.10000e+01	
					         1.61167	-1.10000e+01	
					         1.61333	-1.10000e+01	
					         1.61500	-1.10000e+01	
					         1.61667	-1.10000e+01	
					         1.61833	-1.00000e+01	
					         1.62000	-1.00000e+01	
					         1.62167	-1.00000e+01	
					         1.62333	-9.00000e+00	
					         1.62500	-8.00000e+00	
					         1.62667	-8.00000e+00	
					         1.62833	-7.00000e+00	
					         1.63000	-7.00000e+00	
					         1.63167	-6.00000e+00	
					         1.63333	-6.00000e+00	
					         1.63500	-5.00000e+00	
					         1.63667	-5.00000e+00	
					         1.63833	-5.00000e+00	
					         1.64000	-4.00000e+00	
					         1.64167	-4.00000e+00	
					         1.64333	-4.00000e+00	
					         1.64500	-4.00000e+00	
					         1.64667	-4.00000e+00	
					         1.64833	-4.00000e+00	
					         1.65000	-4.00000e+00	
					         1.65167	-3.00000e+00	
					         1.65333	-3.00000e+00	
					         1.65500	-3.00000e+00	
					         1.65667	-2.00000e+00	
					         1.65833	-2.00000e+00	
					         1.66000	-2.00000e+00	
					         1.66167	-2.00000e+00	
					         1.66333	-2.00000e+00	
					         1.66500	-3.00000e+00	
					         1.66667	-3.00000e+00	
					         1.66833	-4.00000e+00	
					         1.67000	-4.00000e+00	
					         1.67167	-4.00000e+00	
					         1.67333	-5.00000e+00	
					         1.67500	-5.00000e+00	
					         1.67667	-5.00000e+00	
					         1.67833	-6.00000e+00	
					         1.68000	-6.00000e+00	
					         1.68167	-5.00000e+00	
					         1.68333	-5.00000e+00	
					         1.68500	-5.00000e+00	
					         1.68667	-5.00000e+00	
					         1.68833	-5.00000e+00	
					         1.69000	-6.00000e+00	
					         1.69167	-6.00000e+00	
					         1.69333	-7.00000e+00	
					         1.69500	-7.00000e+00	
					         1.69667	-8.00000e+00	
					         1.69833	-9.00000e+00	
					         1.70000	-9.00000e+00	
					         1.70167	-9.00000e+00	
					         1.70333	-1.00000e+01	
					         1.70500	-1.00000e+01	
					         1.70667	-1.00000e+01	
					         1.70833	-9.00000e+00	
					         1.71000	-8.00000e+00	
					         1.71167	-8.00000e+00	
					         1.71333	-7.00000e+00	
					         1.71500	-6.00000e+00	
					         1.71667	-5.00000e+00	
					         1.71833	-4.00000e+00	
					         1.72000	-3.00000e+00	
					         1.72167	-2.00000e+00	
					         1.72333	-2.00000e+00	
					         1.72500	-1.00000e+00	
					         1.72667	-1.00000e+00	
					         1.72833	-1.00000e+00	
					         1.73000	-1.00000e+00	
					         1.73167	-1.00000e+00	
					         1.73333	-1.00000e+00	
					         1.73500	0.00000e+00	
					         1.73667	0.00000e+00	
					         1.73833	0.00000e+00	
					         1.74000	1.00000e+00	
					         1.74167	1.00000e+00	
					         1.74333	1.00000e+00	
					         1.74500	2.00000e+00	
					         1.74667	2.00000e+00	
					         1.74833	3.00000e+00	
					         1.75000	3.00000e+00	
					         1.75167	3.00000e+00	
					         1.75333	3.00000e+00	
					         1.75500	3.00000e+00	
					         1.75667	3.00000e+00	
					         1.75833	3.00000e+00	
					         1.76000	3.00000e+00	
					         1.76167	3.00000e+00	
					         1.76333	3.00000e+00	
					         1.76500	3.00000e+00	
					         1.76667	3.00000e+00	
					         1.76833	3.00000e+00	
					         1.77000	3.00000e+00	
					         1.77167	2.00000e+00	
					         1.77333	2.00000e+00	
					         1.77500	1.00000e+00	
					         1.77667	1.00000e+00	
					         1.77833	0.00000e+00	
					         1.78000	0.00000e+00	
					         1.78167	-1.00000e+00	
					         1.78333	-1.00000e+00	
					         1.78500	-1.00000e+00	
					         1.78667	-1.00000e+00	
					         1.78833	-1.00000e+00	
					         1.79000	0.00000e+00	
					         1.79167	0.00000e+00	
					         1.79333	1.00000e+00	
					         1.79500	2.00000e+00	
					         1.79667	3.00000e+00	
					         1.79833	4.00000e+00	
					         1.80000	5.00000e+00	
					         1.80167	6.00000e+00	
					         1.80333	6.00000e+00	
					         1.80500	6.00000e+00	
					         1.80667	6.00000e+00	
					         1.80833	6.00000e+00	
					         1.81000	6.00000e+00	
					         1.81167	6.00000e+00	
					         1.81333	5.00000e+00	
					         1.81500	5.00000e+00	
					         1.81667	4.00000e+00	
					         1.81833	4.00000e+00	
					         1.82000	3.00000e+00	
					         1.82167	3.00000e+00	
					         1.82333	3.00000e+00	
					         1.82500	4.00000e+00	
					         1.82667	4.00000e+00	
					         1.82833	4.00000e+00	
					         1.83000	4.00000e+00	
					         1.83167	5.00000e+00	
					         1.83333	6.00000e+00	
					         1.83500	7.00000e+00	
					         1.83667	9.00000e+00	
					         1.83833	1.00000e+01	
					         1.84000	1.20000e+01	
					         1.84167	1.40000e+01	
					         1.84333	1.60000e+01	
					         1.84500	1.80000e+01	
					         1.84667	2.00000e+01	
					         1.84833	2.20000e+01	
					         1.85000	2.50000e+01	
					         1.85167	2.70000e+01	
					         1.85333	2.90000e+01	
					         1.85500	3.20000e+01	
					         1.85667	3.40000e+01	
					         1.85833	3.60000e+01	
					         1.86000	3.80000e+01	
					         1.86167	4.00000e+01	
					         1.86333	4.20000e+01	
					         1.86500	4.30000e+01	
					         1.86667	4.40000e+01	
					         1.86833	4.40000e+01	
					         1.87000	4.40000e+01	
					         1.87167	4.40000e+01	
					         1.87333	4.30000e+01	
					         1.87500	4.20000e+01	
					         1.87667	4.00000e+01	
					         1.87833	3.80000e+01	
					         1.88000	3.70000e+01	
					         1.88167	3.50000e+01	
					         1.88333	3.30000e+01	
					         1.88500	3.20000e+01	
					         1.88667	3.00000e+01	
					         1.88833	2.90000e+01	
					         1.89000	2.70000e+01	
					         1.89167	2.60000e+01	
					         1.89333	2.50000e+01	
					         1.89500	2.30000e+01	
					         1.89667	2.20000e+01	
					         1.89833	2.00000e+01	
					         1.90000	1.70000e+01	
					         1.90167	1.50000e+01	
					         1.90333	1.20000e+01	
					         1.90500	9.00000e+00	
					         1.90667	5.00000e+00	
					         1.90833	1.00000e+00	
					         1.91000	-3.00000e+00	
					         1.91167	-6.00000e+00	
					         1.91333	-1.00000e+01	
					         1.91500	-1.30000e+01	
					         1.91667	-1.60000e+01	
					         1.91833	-1.80000e+01	
					         1.92000	-1.90000e+01	
					         1.92167	-2.00000e+01	
					         1.92333	-2.10000e+01	
					         1.92500	-2.10000e+01	
					         1.92667	-2.00000e+01	
					         1.92833	-2.00000e+01	
					         1.93000	-1.90000e+01	
					         1.93167	-1.80000e+01	
					         1.93333	-1.80000e+01	
					         1.93500	-1.80000e+01	
					         1.93667	-1.80000e+01	
					         1.93833	-1.80000e+01	
					         1.94000	-1.90000e+01	
					         1.94167	-2.10000e+01	
					         1.94333	-2.20000e+01	
					         1.94500	-2.40000e+01	
					         1.94667	-2.60000e+01	
					         1.94833	-2.70000e+01	
					         1.95000	-2.90000e+01	
					         1.95167	-3.00000e+01	
					         1.95333	-3.10000e+01	
					         1.95500	-3.20000e+01	
					         1.95667	-3.20000e+01	
					         1.95833	-3.30000e+01	
					         1.96000	-3.20000e+01	
					         1.96167	-3.20000e+01	
					         1.96333	-3.10000e+01	
					         1.96500	-3.10000e+01	
					         1.96667	-3.00000e+01	
					         1.96833	-2.90000e+01	
					         1.97000	-2.80000e+01	
					         1.97167	-2.70000e+01	
					         1.97333	-2.60000e+01	
					         1.97500	-2.50000e+01	
					         1.97667	-2.40000e+01	
					         1.97833	-2.30000e+01	
					         1.98000	-2.30000e+01	
					         1.98167	-2.20000e+01	
					         1.98333	-2.20000e+01	
					         1.98500	-2.10000e+01	
					         1.98667	-2.10000e+01	
					         1.98833	-2.10000e+01	
					         1.99000	-2.00000e+01	
					         1.99167	-2.00000e+01	
					         1.99333	-1.90000e+01	
					         1.99500	-1.90000e+01	
					         1.99667	-1.80000e+01	
					         1.99833	-1.70000e+01	
					         2.00000	-1.60000e+01	
					         2.00167	-1.50000e+01	
					         2.00333	-1.40000e+01	
					         2.00500	-1.30000e+01	
					         2.00667	-1.20000e+01	
					         2.00833	-1.00000e+01	
					         2.01000	-7.00000e+00	
					         2.01167	-4.00000e+00	
					         2.01333	-1.00000e+00	
					         2.01500	3.00000e+00	
					         2.01667	8.00000e+00	
					         2.01833	1.50000e+01	
					         2.02000	2.30000e+01	
					         2.02167	3.40000e+01	
					         2.02333	4.60000e+01	
					         2.02500	6.10000e+01	
					         2.02667	7.90000e+01	
					         2.02833	9.80000e+01	
					         2.03000	1.20000e+02	
					         2.03167	1.43000e+02	
					         2.03333	1.67000e+02	
					         2.03500	1.91000e+02	
					         2.03667	2.15000e+02	
					         2.03833	2.37000e+02	
					         2.04000	2.58000e+02	
					         2.04167	2.74000e+02	
					         2.04333	2.85000e+02	
					         2.04500	2.89000e+02	
					         2.04667	2.87000e+02	
					         2.04833	2.77000e+02	
					         2.05000	2.61000e+02	
					         2.05167	2.38000e+02	
					         2.05333	2.10000e+02	
					         2.05500	1.78000e+02	
					         2.05667	1.42000e+02	
					         2.05833	1.04000e+02	
					         2.06000	6.60000e+01	
					         2.06167	2.90000e+01	
					         2.06333	-5.00000e+00	
					         2.06500	-3.50000e+01	
					         2.06667	-6.10000e+01	
					         2.06833	-8.30000e+01	
					         2.07000	-9.90000e+01	
					         2.07167	-1.11000e+02	
					         2.07333	-1.19000e+02	
					         2.07500	-1.23000e+02	
					         2.07667	-1.24000e+02	
					         2.07833	-1.23000e+02	
					         2.08000	-1.20000e+02	
					         2.08167	-1.16000e+02	
					         2.08333	-1.11000e+02	
					         2.08500	-1.06000e+02	
					         2.08667	-1.00000e+02	
					         2.08833	-9.50000e+01	
					         2.09000	-8.90000e+01	
					         2.09167	-8.40000e+01	
					         2.09333	-7.90000e+01	
					         2.09500	-7.40000e+01	
					         2.09667	-7.00000e+01	
					         2.09833	-6.60000e+01	
					         2.10000	-6.30000e+01	
					         2.10167	-6.00000e+01	
					         2.10333	-5.70000e+01	
					         2.10500	-5.50000e+01	
					         2.10667	-5.30000e+01	
					         2.10833	-5.10000e+01	
					         2.11000	-4.90000e+01	
					         2.11167	-4.70000e+01	
					         2.11333	-4.50000e+01	
					         2.11500	-4.30000e+01	
					         2.11667	-4.10000e+01	
					         2.11833	-3.90000e+01	
					         2.12000	-3.70000e+01	
					         2.12167	-3.40000e+01	
					         2.12333	-3.20000e+01	
					         2.12500	-3.00000e+01	
					         2.12667	-2.80000e+01	
					         2.12833	-2.70000e+01	
					         2.13000	-2.60000e+01	
					         2.13167	-2.50000e+01	
					         2.13333	-2.40000e+01	
					         2.13500	-2.30000e+01	
					         2.13667	-2.20000e+01	
					         2.13833	-2.20000e+01	
					         2.14000	-2.20000e+01	
					         2.14167	-2.20000e+01	
					         2.14333	-2.20000e+01	
					         2.14500	-2.20000e+01	
					         2.14667	-2.20000e+01	
					         2.14833	-2.20000e+01	
					         2.15000	-2.20000e+01	
					         2.15167	-2.10000e+01	
					         2.15333	-2.10000e+01	
					         2.15500	-2.00000e+01	
					         2.15667	-1.90000e+01	
					         2.15833	-1.80000e+01	
					         2.16000	-1.70000e+01	
					         2.16167	-1.60000e+01	
					         2.16333	-1.50000e+01	
					         2.16500	-1.30000e+01	
					         2.16667	-1.20000e+01	
					         2.16833	-1.10000e+01	
					         2.17000	-1.00000e+01	
					         2.17167	-9.00000e+00	
					         2.17333	-8.00000e+00	
					         2.17500	-8.00000e+00	
					         2.17667	-7.00000e+00	
					         2.17833	-7.00000e+00	
					         2.18000	-6.00000e+00	
					         2.18167	-6.00000e+00	
					         2.18333	-5.00000e+00	
					         2.18500	-5.00000e+00	
					         2.18667	-4.00000e+00	
					         2.18833	-4.00000e+00	
					         2.19000	-3.00000e+00	
					         2.19167	-3.00000e+00	
					         2.19333	-2.00000e+00	
					         2.19500	-1.00000e+00	
					         2.19667	0.00000e+00	
					         2.19833	1.00000e+00	
					         2.20000	2.00000e+00	
					         2.20167	3.00000e+00	
					         2.20333	4.00000e+00	
					         2.20500	6.00000e+00	
					         2.20667	7.00000e+00	
					         2.20833	8.00000e+00	
					         2.21000	1.00000e+01	
					         2.21167	1.10000e+01	
					         2.21333	1.20000e+01	
					         2.21500	1.30000e+01	
					         2.21667	1.40000e+01	
					         2.21833	1.50000e+01	
					         2.22000	1.50000e+01	
					         2.22167	1.60000e+01	
					         2.22333	1.60000e+01	
					         2.22500	1.60000e+01	
					         2.22667	1.60000e+01	
					         2.22833	1.60000e+01	
					         2.23000	1.60000e+01	
					         2.23167	1.60000e+01	
					         2.23333	1.60000e+01	
					         2.23500	1.70000e+01	
					         2.23667	1.70000e+01	
					         2.23833	1.70000e+01	
					         2.24000	1.80000e+01	
					         2.24167	1.80000e+01	
					         2.24333	1.90000e+01	
					         2.24500	2.00000e+01	
					         2.24667	2.10000e+01	
					         2.24833	2.10000e+01	
					         2.25000	2.20000e+01	
					         2.25167	2.30000e+01	
					         2.25333	2.40000e+01	
					         2.25500	2.40000e+01	
					         2.25667	2.50000e+01	
					         2.25833	2.60000e+01	
					         2.26000	2.70000e+01	
					         2.26167	2.80000e+01	
					         2.26333	3.00000e+01	
					         2.26500	3.10000e+01	
					         2.26667	3.30000e+01	
					         2.26833	3.40000e+01	
					         2.27000	3.60000e+01	
					         2.27167	3.80000e+01	
					         2.27333	3.90000e+01	
					         2.27500	4.10000e+01	
					         2.27667	4.20000e+01	
					         2.27833	4.40000e+01	
					         2.28000	4.50000e+01	
					         2.28167	4.70000e+01	
					         2.28333	4.80000e+01	
					         2.28500	4.90000e+01	
					         2.28667	5.10000e+01	
					         2.28833	5.20000e+01	
					         2.29000	5.40000e+01	
					         2.29167	5.50000e+01	
					         2.29333	5.70000e+01	
					         2.29500	5.80000e+01	
					         2.29667	6.00000e+01	
					         2.29833	6.20000e+01	
					         2.30000	6.30000e+01	
					         2.30167	6.40000e+01	
					         2.30333	6.50000e+01	
					         2.30500	6.50000e+01	
					         2.30667	6.50000e+01	
					         2.30833	6.50000e+01	
					         2.31000	6.40000e+01	
					         2.31167	6.40000e+01	
					         2.31333	6.30000e+01	
					         2.31500	6.20000e+01	
					         2.31667	6.10000e+01	
					         2.31833	6.10000e+01	
					         2.32000	6.00000e+01	
					         2.32167	5.90000e+01	
					         2.32333	5.80000e+01	
					         2.32500	5.80000e+01	
					         2.32667	5.80000e+01	
					         2.32833	5.80000e+01	
					         2.33000	5.70000e+01	
					         2.33167	5.70000e+01	
					         2.33333	5.70000e+01	
					         2.33500	5.60000e+01	
					         2.33667	5.50000e+01	
					         2.33833	5.40000e+01	
					         2.34000	5.30000e+01	
					         2.34167	5.10000e+01	
					         2.34333	4.90000e+01	
					         2.34500	4.70000e+01	
					         2.34667	4.50000e+01	
					         2.34833	4.30000e+01	
					         2.35000	4.00000e+01	
					         2.35167	3.70000e+01	
					         2.35333	3.40000e+01	
					         2.35500	3.20000e+01	
					         2.35667	2.90000e+01	
					         2.35833	2.60000e+01	
					         2.36000	2.40000e+01	
					         2.36167	2.10000e+01	
					         2.36333	1.90000e+01	
					         2.36500	1.70000e+01	
					         2.36667	1.40000e+01	
					         2.36833	1.20000e+01	
					         2.37000	1.00000e+01	
					         2.37167	8.00000e+00	
					         2.37333	6.00000e+00	
					         2.37500	4.00000e+00	
					         2.37667	1.00000e+00	
					         2.37833	-1.00000e+00	
					         2.38000	-3.00000e+00	
					         2.38167	-6.00000e+00	
					         2.38333	-9.00000e+00	
					         2.38500	-1.10000e+01	
					         2.38667	-1.30000e+01	
					         2.38833	-1.50000e+01	
					         2.39000	-1.70000e+01	
					         2.39167	-1.80000e+01	
					         2.39333	-1.90000e+01	
					         2.39500	-2.00000e+01	
					         2.39667	-2.10000e+01	
					         2.39833	-2.20000e+01	
					         2.40000	-2.20000e+01	
					         2.40167	-2.30000e+01	
					         2.40333	-2.30000e+01	
					         2.40500	-2.30000e+01	
					         2.40667	-2.40000e+01	
					         2.40833	-2.40000e+01	
					         2.41000	-2.50000e+01	
					         2.41167	-2.60000e+01	
					         2.41333	-2.70000e+01	
					         2.41500	-2.80000e+01	
					         2.41667	-2.90000e+01	
					         2.41833	-3.00000e+01	
					         2.42000	-3.00000e+01	
					         2.42167	-3.10000e+01	
					         2.42333	-3.10000e+01	
					         2.42500	-3.10000e+01	
					         2.42667	-3.20000e+01	
					         2.42833	-3.10000e+01	
					         2.43000	-3.10000e+01	
					         2.43167	-3.10000e+01	
					         2.43333	-3.10000e+01	
					         2.43500	-3.10000e+01	
					         2.43667	-3.10000e+01	
					         2.43833	-3.10000e+01	
					         2.44000	-3.10000e+01	
					         2.44167	-3.10000e+01	
					         2.44333	-3.20000e+01	
					         2.44500	-3.20000e+01	
					         2.44667	-3.20000e+01	
					         2.44833	-3.30000e+01	
					         2.45000	-3.30000e+01	
					         2.45167	-3.30000e+01	
					         2.45333	-3.20000e+01	
					         2.45500	-3.20000e+01	
					         2.45667	-3.00000e+01	
					         2.45833	-2.90000e+01	
					         2.46000	-2.80000e+01	
					         2.46167	-2.70000e+01	
					         2.46333	-2.50000e+01	
					         2.46500	-2.40000e+01	
					         2.46667	-2.30000e+01	
					         2.46833	-2.20000e+01	
					         2.47000	-2.10000e+01	
					         2.47167	-2.10000e+01	
					         2.47333	-2.00000e+01	
					         2.47500	-2.00000e+01	
					         2.47667	-2.00000e+01	
					         2.47833	-2.00000e+01	
					         2.48000	-1.90000e+01	
					         2.48167	-1.90000e+01	
					         2.48333	-1.80000e+01	
					         2.48500	-1.80000e+01	
					         2.48667	-1.70000e+01	
					         2.48833	-1.70000e+01	
					         2.49000	-1.60000e+01	
					         2.49167	-1.50000e+01	
					         2.49333	-1.50000e+01	
					         2.49500	-1.40000e+01	
					         2.49667	-1.40000e+01	
					         2.49833	-1.30000e+01	
					         2.50000	-1.30000e+01	
					         2.50167	-1.30000e+01	
					         2.50333	-1.30000e+01	
					         2.50500	-1.30000e+01	
					         2.50667	-1.30000e+01	
					         2.50833	-1.30000e+01	
					         2.51000	-1.30000e+01	
					         2.51167	-1.30000e+01	
					         2.51333	-1.30000e+01	
					         2.51500	-1.30000e+01	
					         2.51667	-1.30000e+01	
					         2.51833	-1.30000e+01	
					         2.52000	-1.20000e+01	
					         2.52167	-1.20000e+01	
					         2.52333	-1.20000e+01	
					         2.52500	-1.20000e+01	
					         2.52667	-1.10000e+01	
					         2.52833	-1.10000e+01	
					         2.53000	-1.10000e+01	
					         2.53167	-1.00000e+01	
					         2.53333	-1.00000e+01	
					         2.53500	-9.00000e+00	
					         2.53667	-8.00000e+00	
					         2.53833	-8.00000e+00	
					         2.54000	-7.00000e+00	
					         2.54167	-6.00000e+00	
					         2.54333	-6.00000e+00	
					         2.54500	-6.00000e+00	
					         2.54667	-6.00000e+00	
					         2.54833	-6.00000e+00	
					         2.55000	-7.00000e+00	
					         2.55167	-7.00000e+00	
					         2.55333	-8.00000e+00	
					         2.55500	-8.00000e+00	
					         2.55667	-9.00000e+00	
					         2.55833	-1.00000e+01	
					         2.56000	-1.10000e+01	
					         2.56167	-1.20000e+01	
					         2.56333	-1.20000e+01	
					         2.56500	-1.30000e+01	
					         2.56667	-1.30000e+01	
					         2.56833	-1.30000e+01	
					         2.57000	-1.30000e+01	
					         2.57167	-1.30000e+01	
					         2.57333	-1.30000e+01	
					         2.57500	-1.30000e+01	
					         2.57667	-1.30000e+01	
					         2.57833	-1.20000e+01	
					         2.58000	-1.20000e+01	
					         2.58167	-1.20000e+01	
					         2.58333	-1.20000e+01	
					         2.58500	-1.20000e+01	
					         2.58667	-1.20000e+01	
					         2.58833	-1.20000e+01	
					         2.59000	-1.30000e+01	
					         2.59167	-1.30000e+01	
					         2.59333	-1.40000e+01	
					         2.59500	-1.40000e+01	
					         2.59667	-1.40000e+01	
					         2.59833	-1.40000e+01	
					         2.60000	-1.40000e+01	
					         2.60167	-1.40000e+01	
					         2.60333	-1.30000e+01	
					         2.60500	-1.20000e+01	
					         2.60667	-1.10000e+01	
					         2.60833	-1.00000e+01	
					         2.61000	-9.00000e+00	
					         2.61167	-8.00000e+00	
					         2.61333	-7.00000e+00	
					         2.61500	-6.00000e+00	
					         2.61667	-5.00000e+00	
					         2.61833	-5.00000e+00	
					         2.62000	-5.00000e+00	
					         2.62167	-5.00000e+00	
					         2.62333	-5.00000e+00	
					         2.62500	-5.00000e+00	
					         2.62667	-6.00000e+00	
					         2.62833	-6.00000e+00	
					         2.63000	-7.00000e+00	
					         2.63167	-7.00000e+00	
					         2.63333	-7.00000e+00	
					         2.63500	-8.00000e+00	
					         2.63667	-8.00000e+00	
					         2.63833	-8.00000e+00	
					         2.64000	-8.00000e+00	
					         2.64167	-8.00000e+00	
					         2.64333	-8.00000e+00	
					         2.64500	-8.00000e+00	
					         2.64667	-8.00000e+00	
					         2.64833	-8.00000e+00	
					         2.65000	-8.00000e+00	
					         2.65167	-8.00000e+00	
					         2.65333	-8.00000e+00	
					         2.65500	-7.00000e+00	
					         2.65667	-7.00000e+00	
					         2.65833	-7.00000e+00	
					         2.66000	-7.00000e+00	
					         2.66167	-7.00000e+00	
					         2.66333	-7.00000e+00	
					         2.66500	-7.00000e+00	
					         2.66667	-7.00000e+00	
					         2.66833	-7.00000e+00	
					         2.67000	-7.00000e+00	
					         2.67167	-7.00000e+00	
					         2.67333	-7.00000e+00	
					         2.67500	-8.00000e+00	
					         2.67667	-8.00000e+00	
					         2.67833	-9.00000e+00	
					         2.68000	-9.00000e+00	
					         2.68167	-9.00000e+00	
					         2.68333	-1.00000e+01	
					         2.68500	-1.00000e+01	
					         2.68667	-1.00000e+01	
					         2.68833	-9.00000e+00	
					         2.69000	-9.00000e+00	
					         2.69167	-8.00000e+00	
					         2.69333	-8.00000e+00	
					         2.69500	-7.00000e+00	
					         2.69667	-6.00000e+00	
					         2.69833	-5.00000e+00	
					         2.70000	-5.00000e+00	
					         2.70167	-4.00000e+00	
					         2.70333	-4.00000e+00	
					         2.70500	-4.00000e+00	
					         2.70667	-4.00000e+00	
					         2.70833	-4.00000e+00	
					         2.71000	-4.00000e+00	
					         2.71167	-4.00000e+00	
					         2.71333	-4.00000e+00	
					         2.71500	-5.00000e+00	
					         2.71667	-5.00000e+00	
					         2.71833	-6.00000e+00	
					         2.72000	-7.00000e+00	
					         2.72167	-7.00000e+00	
					         2.72333	-8.00000e+00	
					         2.72500	-8.00000e+00	
					         2.72667	-8.00000e+00	
					         2.72833	-8.00000e+00	
					         2.73000	-7.00000e+00	
					         2.73167	-7.00000e+00	
					         2.73333	-6.00000e+00	
					         2.73500	-6.00000e+00	
					         2.73667	-5.00000e+00	
					         2.73833	-5.00000e+00	
					         2.74000	-4.00000e+00	
					         2.74167	-4.00000e+00	
					         2.74333	-3.00000e+00	
					         2.74500	-3.00000e+00	
					         2.74667	-3.00000e+00	
					         2.74833	-3.00000e+00	
					         2.75000	-3.00000e+00	
					         2.75167	-3.00000e+00	
					         2.75333	-3.00000e+00	
					         2.75500	-3.00000e+00	
					         2.75667	-2.00000e+00	
					         2.75833	-2.00000e+00	
					         2.76000	-2.00000e+00	
					         2.76167	-2.00000e+00	
					         2.76333	-2.00000e+00	
					         2.76500	-2.00000e+00	
					         2.76667	-2.00000e+00	
					         2.76833	-2.00000e+00	
					         2.77000	-2.00000e+00	
					         2.77167	-2.00000e+00	
					         2.77333	-3.00000e+00	
					         2.77500	-3.00000e+00	
					         2.77667	-3.00000e+00	
					         2.77833	-3.00000e+00	
					         2.78000	-4.00000e+00	
					         2.78167	-4.00000e+00	
					         2.78333	-4.00000e+00	
					         2.78500	-4.00000e+00	
					         2.78667	-4.00000e+00	
					         2.78833	-4.00000e+00	
					         2.79000	-4.00000e+00	
					         2.79167	-4.00000e+00	
					         2.79333	-4.00000e+00	
					         2.79500	-4.00000e+00	
					         2.79667	-4.00000e+00	
					         2.79833	-4.00000e+00	
					         2.80000	-4.00000e+00	
					         2.80167	-3.00000e+00	
					         2.80333	-2.00000e+00	
					         2.80500	-1.00000e+00	
					         2.80667	0.00000e+00	
					         2.80833	1.00000e+00	
					         2.81000	3.00000e+00	
					         2.81167	5.00000e+00	
					         2.81333	7.00000e+00	
					         2.81500	9.00000e+00	
					         2.81667	1.10000e+01	
					         2.81833	1.30000e+01	
					         2.82000	1.50000e+01	
					         2.82167	1.70000e+01	
					         2.82333	1.80000e+01	
					         2.82500	1.90000e+01	
					         2.82667	2.00000e+01	
					         2.82833	2.20000e+01	
					         2.83000	2.30000e+01	
					         2.83167	2.30000e+01	
					         2.83333	2.40000e+01	
					         2.83500	2.50000e+01	
					         2.83667	2.60000e+01	
					         2.83833	2.70000e+01	
					         2.84000	2.70000e+01	
					         2.84167	2.80000e+01	
					         2.84333	2.90000e+01	
					         2.84500	2.90000e+01	
					         2.84667	2.90000e+01	
					         2.84833	2.90000e+01	
					         2.85000	2.90000e+01	
					         2.85167	2.80000e+01	
					         2.85333	2.80000e+01	
					         2.85500	2.70000e+01	
					         2.85667	2.70000e+01	
					         2.85833	2.60000e+01	
					         2.86000	2.50000e+01	
					         2.86167	2.40000e+01	
					         2.86333	2.40000e+01	
					         2.86500	2.30000e+01	
					         2.86667	2.10000e+01	
					         2.86833	2.00000e+01	
					         2.87000	1.90000e+01	
					         2.87167	1.70000e+01	
					         2.87333	1.50000e+01	
					         2.87500	1.30000e+01	
					         2.87667	1.00000e+01	
					         2.87833	7.00000e+00	
					         2.88000	4.00000e+00	
					         2.88167	0.00000e+00	
					         2.88333	-4.00000e+00	
					         2.88500	-8.00000e+00	
					         2.88667	-1.20000e+01	
					         2.88833	-1.50000e+01	
					         2.89000	-1.80000e+01	
					         2.89167	-2.10000e+01	
					         2.89333	-2.30000e+01	
					         2.89500	-2.40000e+01	
					         2.89667	-2.50000e+01	
					         2.89833	-2.50000e+01	
					         2.90000	-2.40000e+01	
					         2.90167	-2.20000e+01	
					         2.90333	-2.10000e+01	
					         2.90500	-1.90000e+01	
					         2.90667	-1.70000e+01	
					         2.90833	-1.60000e+01	
					         2.91000	-1.50000e+01	
					         2.91167	-1.50000e+01	
					         2.91333	-1.50000e+01	
					         2.91500	-1.60000e+01	
					         2.91667	-1.70000e+01	
					         2.91833	-1.90000e+01	
					         2.92000	-2.10000e+01	
					         2.92167	-2.30000e+01	
					         2.92333	-2.50000e+01	
					         2.92500	-2.70000e+01	
					         2.92667	-2.90000e+01	
					         2.92833	-3.10000e+01	
					         2.93000	-3.20000e+01	
					         2.93167	-3.30000e+01	
					         2.93333	-3.40000e+01	
					         2.93500	-3.50000e+01	
					         2.93667	-3.50000e+01	
					         2.93833	-3.60000e+01	
					         2.94000	-3.60000e+01	
					         2.94167	-3.50000e+01	
					         2.94333	-3.50000e+01	
					         2.94500	-3.40000e+01	
					         2.94667	-3.40000e+01	
					         2.94833	-3.30000e+01	
					         2.95000	-3.20000e+01	
					         2.95167	-3.10000e+01	
					         2.95333	-3.00000e+01	
					         2.95500	-2.90000e+01	
					         2.95667	-2.90000e+01	
					         2.95833	-2.80000e+01	
					         2.96000	-2.70000e+01	
					         2.96167	-2.60000e+01	
					         2.96333	-2.60000e+01	
					         2.96500	-2.50000e+01	
					         2.96667	-2.40000e+01	
					         2.96833	-2.40000e+01	
					         2.97000	-2.30000e+01	
					         2.97167	-2.20000e+01	
					         2.97333	-2.20000e+01	
					         2.97500	-2.10000e+01	
					         2.97667	-2.00000e+01	
					         2.97833	-1.90000e+01	
					         2.98000	-1.80000e+01	
					         2.98167	-1.80000e+01	
					         2.98333	-1.70000e+01	
					         2.98500	-1.50000e+01	
					         2.98667	-1.30000e+01	
					         2.98833	-1.10000e+01	
					         2.99000	-8.00000e+00	
					         2.99167	-3.00000e+00	
					         2.99333	2.00000e+00	
					         2.99500	9.00000e+00	
					         2.99667	1.70000e+01	
					         2.99833	2.80000e+01	
					         3.00000	4.10000e+01	
					         3.00167	5.60000e+01	
					         3.00333	7.40000e+01	
					         3.00500	9.50000e+01	
					         3.00667	1.16000e+02	
					         3.00833	1.39000e+02	
					         3.01000	1.63000e+02	
					         3.01167	1.87000e+02	
					         3.01333	2.11000e+02	
					         3.01500	2.32000e+02	
					         3.01667	2.51000e+02	
					         3.01833	2.66000e+02	
					         3.02000	2.75000e+02	
					         3.02167	2.78000e+02	
					         3.02333	2.74000e+02	
					         3.02500	2.63000e+02	
					         3.02667	2.45000e+02	
					         3.02833	2.21000e+02	
					         3.03000	1.91000e+02	
					         3.03167	1.58000e+02	
					         3.03333	1.22000e+02	
					         3.03500	8.40000e+01	
					         3.03667	4.70000e+01	
					         3.03833	1.10000e+01	
					         3.04000	-2.20000e+01	
					         3.04167	-5.20000e+01	
					         3.04333	-7.70000e+01	
					         3.04500	-9.70000e+01	
					         3.04667	-1.12000e+02	
					         3.04833	-1.23000e+02	
					         3.05000	-1.29000e+02	
					         3.05167	-1.32000e+02	
					         3.05333	-1.33000e+02	
					         3.05500	-1.31000e+02	
					         3.05667	-1.28000e+02	
					         3.05833	-1.24000e+02	
					         3.06000	-1.20000e+02	
					         3.06167	-1.14000e+02	
					         3.06333	-1.09000e+02	
					         3.06500	-1.03000e+02	
					         3.06667	-9.70000e+01	
					         3.06833	-9.00000e+01	
					         3.07000	-8.40000e+01	
					         3.07167	-7.80000e+01	
					         3.07333	-7.20000e+01	
					         3.07500	-6.60000e+01	
					         3.07667	-6.10000e+01	
					         3.07833	-5.60000e+01	
					         3.08000	-5.20000e+01	
					         3.08167	-4.90000e+01	
					         3.08333	-4.60000e+01	
