Grayscale intensity, in dB

Time (s) :	Trace 1 : 	Trace 2 : 	Trace 3 : 		Ecg : 		
0.00000   	-3.27448e+01	-3.58692e+01	-4.35917e+01		         0.00162	2.31000e+02	
0.01698   	-3.28672e+01	-3.53280e+01	-4.38170e+01		         0.00329	2.52000e+02	
0.03396   	-3.36172e+01	-3.61206e+01	-4.34871e+01		         0.00495	2.70000e+02	
0.05094   	-3.55126e+01	-3.54659e+01	-4.34438e+01		         0.00662	2.83000e+02	
0.06792   	-3.48282e+01	-3.52227e+01	-4.43549e+01		         0.00829	2.89000e+02	
0.08490   	-3.46052e+01	-3.42503e+01	-4.46290e+01		         0.00995	2.87000e+02	
0.10188   	-3.32464e+01	-3.28654e+01	-4.45197e+01		         0.01162	2.77000e+02	
0.11886   	-3.38765e+01	-3.18574e+01	-4.06988e+01		         0.01329	2.60000e+02	
0.13584   	-3.30672e+01	-3.02555e+01	-3.56845e+01		         0.01495	2.34000e+02	
0.15282   	-3.37792e+01	-3.02223e+01	-3.30020e+01		         0.01662	2.02000e+02	
0.16980   	-3.61710e+01	-2.99279e+01	-3.26986e+01		         0.01829	1.65000e+02	
0.18678   	-3.94968e+01	-3.08897e+01	-3.26959e+01		         0.01995	1.23000e+02	
0.20376   	-4.06519e+01	-3.65789e+01	-3.24307e+01		         0.02162	7.90000e+01	
0.22074   	-4.13981e+01	-4.44163e+01	-3.22494e+01		         0.02329	3.40000e+01	
0.23772   	-4.22683e+01	-5.02666e+01	-3.33718e+01		         0.02495	-1.00000e+01	
0.25470   	-4.34541e+01	-5.39973e+01	-3.44447e+01		         0.02662	-5.00000e+01	
0.27168   	-4.46357e+01	-5.55521e+01	-3.54487e+01		         0.02829	-8.50000e+01	
0.28866   	-4.56357e+01	-5.78296e+01	-3.77258e+01		         0.02995	-1.15000e+02	
0.30564   	-4.53379e+01	-5.84517e+01	-3.60248e+01		         0.03162	-1.37000e+02	
0.32262   	-4.58237e+01	-5.97711e+01	-3.95022e+01		         0.03329	-1.54000e+02	
0.33960   	-4.59160e+01	-6.06717e+01	-4.39847e+01		         0.03495	-1.64000e+02	
0.35658   	-4.58787e+01	-6.07821e+01	-4.69591e+01		         0.03662	-1.68000e+02	
0.37356   	-4.49005e+01	-6.16073e+01	-4.80747e+01		         0.03829	-1.68000e+02	
0.39054   	-4.52967e+01	-6.17348e+01	-4.77888e+01		         0.03995	-1.63000e+02	
0.40752   	-4.54209e+01	-6.20780e+01	-4.63945e+01		         0.04162	-1.56000e+02	
0.42450   	-4.85589e+01	-6.19092e+01	-4.44984e+01		         0.04329	-1.46000e+02	
0.44148   	-4.98889e+01	-5.97756e+01	-4.41926e+01		         0.04495	-1.34000e+02	
0.45846   	-5.09070e+01	-5.94014e+01	-4.58074e+01		         0.04662	-1.21000e+02	
0.47544   	-5.23058e+01	-5.56511e+01	-4.77721e+01		         0.04829	-1.08000e+02	
0.49242   	-5.13393e+01	-5.45547e+01	-4.77303e+01		         0.04995	-9.50000e+01	
0.50940   	-5.13157e+01	-5.23909e+01	-4.57782e+01		         0.05162	-8.30000e+01	
0.52638   	-5.22791e+01	-5.09238e+01	-4.35598e+01		         0.05329	-7.20000e+01	
0.54336   	-5.19907e+01	-4.80430e+01	-4.30660e+01		         0.05495	-6.20000e+01	
0.56053   	-5.01450e+01	-4.64596e+01	-4.13921e+01		         0.05662	-5.30000e+01	
0.57732   	-4.84815e+01	-4.55683e+01	-3.86745e+01		         0.05829	-4.50000e+01	
0.59430   	-4.73651e+01	-4.16327e+01	-3.70705e+01		         0.05995	-3.90000e+01	
0.61128   	-4.46901e+01	-3.75926e+01	-3.56075e+01		         0.06162	-3.40000e+01	
0.62826   	-4.46933e+01	-3.70975e+01	-3.50785e+01		         0.06329	-3.00000e+01	
0.64524   	-4.53235e+01	-3.30089e+01	-3.46960e+01		         0.06495	-2.70000e+01	
0.66222   	-4.41546e+01	-3.11631e+01	-3.40078e+01		         0.06662	-2.40000e+01	
0.67920   	-4.35117e+01	-3.07078e+01	-3.34139e+01		         0.06829	-2.30000e+01	
0.69618   	-4.06263e+01	-3.33049e+01	-3.51749e+01		         0.06995	-2.10000e+01	
0.71317   	-3.96295e+01	-3.44693e+01	-3.66904e+01		         0.07162	-2.00000e+01	
0.73014   	-3.68240e+01	-3.81329e+01	-3.88469e+01		         0.07329	-1.90000e+01	
0.74712   	-3.54959e+01	-3.70481e+01	-4.13712e+01		         0.07495	-1.90000e+01	
0.76410   	-3.54731e+01	-3.72913e+01	-4.48851e+01		         0.07662	-1.80000e+01	
0.78108   	-3.56045e+01	-3.83410e+01	-4.56972e+01		         0.07829	-1.80000e+01	
0.79806   	-3.50555e+01	-3.80988e+01	-4.63061e+01		         0.07995	-1.70000e+01	
0.81504   	-3.45874e+01	-3.70587e+01	-4.44004e+01		         0.08162	-1.70000e+01	
0.83202   	-3.47058e+01	-3.63674e+01	-4.37886e+01		         0.08329	-1.60000e+01	
0.84900   	-3.54312e+01	-3.82907e+01	-4.25553e+01		         0.08495	-1.50000e+01	
0.86598   	-3.66108e+01	-3.89669e+01	-4.27643e+01		         0.08662	-1.50000e+01	
0.88296   	-3.75015e+01	-3.74766e+01	-4.29974e+01		         0.08829	-1.50000e+01	
0.89994   	-3.66743e+01	-3.66808e+01	-4.38681e+01		         0.08995	-1.40000e+01	
0.91692   	-3.58013e+01	-3.64433e+01	-4.42726e+01		         0.09162	-1.30000e+01	
0.93390   	-3.63969e+01	-3.51627e+01	-4.37300e+01		         0.09329	-1.30000e+01	
0.95089   	-3.54434e+01	-3.21098e+01	-3.95632e+01		         0.09495	-1.20000e+01	
0.96786   	-3.50607e+01	-3.09547e+01	-3.48849e+01		         0.09662	-1.20000e+01	
0.98484   	-3.64086e+01	-3.09132e+01	-3.27864e+01		         0.09829	-1.10000e+01	
1.00182   	-3.78015e+01	-3.13912e+01	-3.26659e+01		         0.09995	-1.10000e+01	
1.01880   	-4.12621e+01	-3.45130e+01	-3.29586e+01		         0.10162	-1.00000e+01	
1.03578   	-4.15046e+01	-3.88334e+01	-3.33308e+01		         0.10329	-1.00000e+01	
1.05276   	-4.24876e+01	-4.66988e+01	-3.34454e+01		         0.10495	-1.00000e+01	
1.06974   	-4.34572e+01	-5.23997e+01	-3.43767e+01		         0.10662	-1.00000e+01	
1.08672   	-4.42438e+01	-5.42243e+01	-3.50075e+01		         0.10829	-1.00000e+01	
1.10370   	-4.46788e+01	-5.67178e+01	-3.60500e+01		         0.10995	-1.00000e+01	
1.12068   	-4.47516e+01	-5.89448e+01	-3.76123e+01		         0.11162	-1.10000e+01	
1.13766   	-4.52534e+01	-6.05381e+01	-3.74810e+01		         0.11329	-1.20000e+01	
1.15464   	-4.49533e+01	-6.14659e+01	-4.38844e+01		         0.11495	-1.20000e+01	
1.17162   	-4.49639e+01	-6.23020e+01	-4.70832e+01		         0.11662	-1.30000e+01	
1.18860   	-4.53360e+01	-6.20242e+01	-4.90903e+01		         0.11829	-1.40000e+01	
1.20558   	-4.45454e+01	-6.25425e+01	-4.98005e+01		         0.11995	-1.50000e+01	
1.22256   	-4.37053e+01	-6.31396e+01	-4.86928e+01		         0.12162	-1.50000e+01	
1.23954   	-4.40247e+01	-6.25633e+01	-4.65921e+01		         0.12329	-1.60000e+01	
1.25652   	-4.45734e+01	-6.26338e+01	-4.54135e+01		         0.12495	-1.60000e+01	
1.27350   	-4.62741e+01	-6.17242e+01	-4.45586e+01		         0.12662	-1.50000e+01	
1.29048   	-4.73795e+01	-6.11873e+01	-4.66674e+01		         0.12829	-1.50000e+01	
1.30773   	-4.79367e+01	-6.02179e+01	-4.63844e+01		         0.12995	-1.40000e+01	
1.32444   	-4.81739e+01	-5.61737e+01	-4.41337e+01		         0.13162	-1.30000e+01	
1.34142   	-5.00652e+01	-5.53024e+01	-4.29044e+01		         0.13329	-1.20000e+01	
1.35840   	-4.98060e+01	-5.33978e+01	-4.28886e+01		         0.13495	-1.00000e+01	
1.37538   	-4.65715e+01	-5.07626e+01	-4.09238e+01		         0.13662	-9.00000e+00	
1.39236   	-4.55175e+01	-4.87468e+01	-3.94651e+01		         0.13829	-7.00000e+00	
1.40934   	-4.35334e+01	-4.20802e+01	-3.77099e+01		         0.13995	-6.00000e+00	
1.42632   	-4.11498e+01	-4.00047e+01	-3.53019e+01		         0.14162	-4.00000e+00	
1.44330   	-3.90345e+01	-3.54754e+01	-3.42076e+01		         0.14329	-3.00000e+00	
1.46028   	-3.73304e+01	-3.25781e+01	-3.36845e+01		         0.14495	-2.00000e+00	
1.47726   	-3.83764e+01	-3.26780e+01	-3.30209e+01		         0.14662	-1.00000e+00	
1.49424   	-3.82775e+01	-3.03877e+01	-3.32730e+01		         0.14829	0.00000e+00	
1.51122   	-3.81066e+01	-3.02484e+01	-3.21503e+01		         0.14995	0.00000e+00	
1.52820   	-3.74975e+01	-3.32482e+01	-3.30793e+01		         0.15162	0.00000e+00	
1.54518   	-3.58935e+01	-3.52028e+01	-3.42989e+01		         0.15329	0.00000e+00	
1.56216   	-3.34339e+01	-3.69554e+01	-3.29867e+01		         0.15495	0.00000e+00	
1.57915   	-3.35164e+01	-3.95906e+01	-3.16418e+01		         0.15662	0.00000e+00	
1.59612   	-3.30733e+01	-4.22180e+01	-3.29051e+01		         0.15829	0.00000e+00	
1.61310   	-3.41130e+01	-4.01187e+01	-3.34121e+01		         0.15995	-1.00000e+00	
1.63008   	-3.39968e+01	-3.74976e+01	-3.50106e+01		         0.16162	-1.00000e+00	
1.64706   	-3.35295e+01	-3.57316e+01	-3.53541e+01		         0.16329	-1.00000e+00	
1.66404   	-3.26693e+01	-3.37804e+01	-3.48659e+01		         0.16495	-1.00000e+00	
1.68102   	-3.21716e+01	-3.45191e+01	-3.53492e+01		         0.16662	-1.00000e+00	
1.69800   	-3.33719e+01	-3.52202e+01	-3.73172e+01		         0.16829	0.00000e+00	
1.71498   	-3.40886e+01	-3.44320e+01	-3.58351e+01		         0.16995	0.00000e+00	
1.73196   	-3.41913e+01	-3.40839e+01	-3.72761e+01		         0.17162	1.00000e+00	
1.74894   	-3.43935e+01	-3.31912e+01	-3.74840e+01		         0.17329	2.00000e+00	
1.76592   	-3.40679e+01	-3.36148e+01	-3.64790e+01		         0.17495	3.00000e+00	
1.78290   	-3.31213e+01	-3.35092e+01	-3.59262e+01		         0.17662	4.00000e+00	
1.79988   	-3.27561e+01	-3.21802e+01	-3.39813e+01		         0.17829	5.00000e+00	
1.81686   	-3.26398e+01	-3.28961e+01	-3.25343e+01		         0.17995	6.00000e+00	
1.83384   	-3.26831e+01	-3.40530e+01	-3.33093e+01		         0.18162	7.00000e+00	
1.85082   	-3.18852e+01	-3.56695e+01	-3.23239e+01		         0.18329	8.00000e+00	
1.86780   	-3.24427e+01	-4.06164e+01	-3.30977e+01		         0.18495	9.00000e+00	
1.88478   	-3.34525e+01	-4.71737e+01	-3.32971e+01		         0.18662	1.00000e+01	
1.90176   	-3.40607e+01	-5.45082e+01	-3.39442e+01		         0.18829	1.10000e+01	
1.91874   	-3.44721e+01	-5.75645e+01	-3.53645e+01		         0.18995	1.20000e+01	
1.93572   	-3.48664e+01	-5.87571e+01	-3.76488e+01		         0.19162	1.30000e+01	
1.95270   	-3.45128e+01	-6.12588e+01	-4.17492e+01		         0.19329	1.40000e+01	
1.96968   	-3.41031e+01	-6.33676e+01	-4.34091e+01		         0.19495	1.40000e+01	
1.98666   	-3.38294e+01	-6.34999e+01	-4.55052e+01		         0.19662	1.50000e+01	
2.00364   	-3.29713e+01	-6.50061e+01	-4.69331e+01		         0.19829	1.60000e+01	
2.02062   	-3.23385e+01	-6.52280e+01	-4.77873e+01		         0.19995	1.70000e+01	
2.03760   	-3.19033e+01	-6.55218e+01	-4.81123e+01		         0.20162	1.90000e+01	
2.05474   	-3.19749e+01	-6.54959e+01	-4.84012e+01		         0.20329	2.00000e+01	
2.07156   	-3.33432e+01	-6.61224e+01	-4.66444e+01		         0.20495	2.10000e+01	
2.08854   	-3.55234e+01	-6.52198e+01	-4.54099e+01		         0.20662	2.20000e+01	
2.10552   	-3.68642e+01	-6.47124e+01	-4.57006e+01		         0.20829	2.40000e+01	
2.12250   	-3.72290e+01	-6.43397e+01	-4.62830e+01		         0.20995	2.50000e+01	
2.13948   	-3.89659e+01	-6.38486e+01	-4.65818e+01		         0.21162	2.60000e+01	
2.15646   	-4.13140e+01	-6.11552e+01	-4.68133e+01		         0.21329	2.80000e+01	
2.17344   	-4.11261e+01	-6.03584e+01	-4.77455e+01		         0.21495	2.90000e+01	
2.19043   	-3.95510e+01	-5.89690e+01	-4.63604e+01		         0.21662	3.10000e+01	
2.20740   	-3.83059e+01	-5.69867e+01	-4.35898e+01		         0.21829	3.20000e+01	
2.22438   	-3.72161e+01	-5.22973e+01	-4.10264e+01		         0.21995	3.40000e+01	
2.24136   	-3.39692e+01	-4.88761e+01	-3.81809e+01		         0.22162	3.60000e+01	
2.25834   	-3.08296e+01	-4.23013e+01	-3.58822e+01		         0.22329	3.80000e+01	
2.27532   	-3.09125e+01	-3.83406e+01	-3.50338e+01		         0.22495	4.00000e+01	
2.29230   	-3.11275e+01	-3.55352e+01	-3.34835e+01		         0.22662	4.20000e+01	
2.30928   	-3.25278e+01	-3.44316e+01	-3.25041e+01		         0.22829	4.40000e+01	
2.32626   	-3.32727e+01	-3.15852e+01	-3.21071e+01		         0.22995	4.60000e+01	
2.34324   	-3.43758e+01	-3.02692e+01	-3.31616e+01		         0.23162	4.80000e+01	
2.36022   	-3.57184e+01	-3.44713e+01	-3.25536e+01		         0.23329	5.00000e+01	
2.37720   	-3.59609e+01	-3.46036e+01	-3.30692e+01		         0.23495	5.20000e+01	
2.39418   	-3.42380e+01	-3.80711e+01	-3.33119e+01		         0.23662	5.40000e+01	
2.41116   	-3.29928e+01	-4.02786e+01	-3.40887e+01		         0.23829	5.60000e+01	
2.42815   	-3.29670e+01	-4.25415e+01	-3.40920e+01		         0.23995	5.80000e+01	
2.44512   	-3.36560e+01	-4.24519e+01	-3.20528e+01		         0.24162	5.90000e+01	
2.46210   	-3.38894e+01	-4.13699e+01	-3.42365e+01		         0.24329	6.10000e+01	
2.47909   	-3.35521e+01	-3.75503e+01	-3.47310e+01		         0.24495	6.20000e+01	
2.49606   	-3.32085e+01	-3.60072e+01	-3.39987e+01		         0.24662	6.40000e+01	
2.51304   	-3.28024e+01	-3.61347e+01	-3.45216e+01		         0.24829	6.50000e+01	
2.53003   	-3.28024e+01	-3.53148e+01	-3.57430e+01		         0.24995	6.60000e+01	
2.54700   	-3.47111e+01	-3.34755e+01	-3.64099e+01		         0.25162	6.70000e+01	
					         0.25329	6.90000e+01	
					         0.25495	7.00000e+01	
					         0.25662	7.20000e+01	
					         0.25829	7.30000e+01	
					         0.25995	7.40000e+01	
					         0.26162	7.60000e+01	
					         0.26329	7.70000e+01	
					         0.26495	7.90000e+01	
					         0.26662	8.00000e+01	
					         0.26829	8.10000e+01	
					         0.26995	8.20000e+01	
					         0.27162	8.30000e+01	
					         0.27329	8.30000e+01	
					         0.27495	8.40000e+01	
					         0.27662	8.40000e+01	
					         0.27829	8.40000e+01	
					         0.27995	8.40000e+01	
					         0.28162	8.30000e+01	
					         0.28329	8.30000e+01	
					         0.28495	8.30000e+01	
					         0.28662	8.20000e+01	
					         0.28829	8.10000e+01	
					         0.28995	8.00000e+01	
					         0.29162	7.90000e+01	
					         0.29329	7.70000e+01	
					         0.29495	7.60000e+01	
					         0.29662	7.40000e+01	
					         0.29829	7.20000e+01	
					         0.29995	7.00000e+01	
					         0.30162	6.80000e+01	
					         0.30329	6.50000e+01	
					         0.30495	6.20000e+01	
					         0.30662	5.90000e+01	
					         0.30829	5.60000e+01	
					         0.30995	5.20000e+01	
					         0.31162	4.80000e+01	
					         0.31329	4.40000e+01	
					         0.31495	4.00000e+01	
					         0.31662	3.60000e+01	
					         0.31829	3.10000e+01	
					         0.31995	2.70000e+01	
					         0.32162	2.20000e+01	
					         0.32329	1.70000e+01	
					         0.32495	1.20000e+01	
					         0.32662	7.00000e+00	
					         0.32829	1.00000e+00	
					         0.32995	-4.00000e+00	
					         0.33162	-9.00000e+00	
					         0.33329	-1.40000e+01	
					         0.33495	-1.80000e+01	
					         0.33662	-2.30000e+01	
					         0.33829	-2.70000e+01	
					         0.33995	-3.10000e+01	
					         0.34162	-3.50000e+01	
					         0.34329	-3.80000e+01	
					         0.34495	-4.10000e+01	
					         0.34662	-4.40000e+01	
					         0.34829	-4.70000e+01	
					         0.34995	-4.90000e+01	
					         0.35162	-5.20000e+01	
					         0.35329	-5.40000e+01	
					         0.35495	-5.50000e+01	
					         0.35662	-5.70000e+01	
					         0.35829	-5.80000e+01	
					         0.35995	-6.00000e+01	
					         0.36162	-6.10000e+01	
					         0.36329	-6.20000e+01	
					         0.36495	-6.30000e+01	
					         0.36662	-6.30000e+01	
					         0.36829	-6.40000e+01	
					         0.36995	-6.40000e+01	
					         0.37162	-6.50000e+01	
					         0.37329	-6.50000e+01	
					         0.37495	-6.50000e+01	
					         0.37662	-6.50000e+01	
					         0.37829	-6.50000e+01	
					         0.37995	-6.50000e+01	
					         0.38162	-6.50000e+01	
					         0.38329	-6.50000e+01	
					         0.38495	-6.40000e+01	
					         0.38662	-6.40000e+01	
					         0.38829	-6.30000e+01	
					         0.38995	-6.20000e+01	
					         0.39162	-6.10000e+01	
					         0.39329	-6.10000e+01	
					         0.39495	-6.00000e+01	
					         0.39662	-5.90000e+01	
					         0.39829	-5.70000e+01	
					         0.39995	-5.60000e+01	
					         0.40162	-5.50000e+01	
					         0.40329	-5.40000e+01	
					         0.40495	-5.20000e+01	
					         0.40662	-5.10000e+01	
					         0.40829	-5.00000e+01	
					         0.40995	-4.90000e+01	
					         0.41162	-4.80000e+01	
					         0.41329	-4.70000e+01	
					         0.41495	-4.70000e+01	
					         0.41662	-4.60000e+01	
					         0.41829	-4.50000e+01	
					         0.41995	-4.40000e+01	
					         0.42162	-4.40000e+01	
					         0.42329	-4.30000e+01	
					         0.42495	-4.20000e+01	
					         0.42662	-4.10000e+01	
					         0.42829	-4.00000e+01	
					         0.42995	-3.90000e+01	
					         0.43162	-3.80000e+01	
					         0.43329	-3.70000e+01	
					         0.43495	-3.60000e+01	
					         0.43662	-3.50000e+01	
					         0.43829	-3.40000e+01	
					         0.43995	-3.30000e+01	
					         0.44162	-3.20000e+01	
					         0.44329	-3.20000e+01	
					         0.44495	-3.10000e+01	
					         0.44662	-3.00000e+01	
					         0.44829	-3.00000e+01	
					         0.44995	-3.00000e+01	
					         0.45162	-2.90000e+01	
					         0.45329	-2.90000e+01	
					         0.45495	-2.80000e+01	
					         0.45662	-2.70000e+01	
					         0.45829	-2.70000e+01	
					         0.45995	-2.60000e+01	
					         0.46162	-2.50000e+01	
					         0.46329	-2.40000e+01	
					         0.46495	-2.30000e+01	
					         0.46662	-2.20000e+01	
					         0.46829	-2.10000e+01	
					         0.46995	-2.00000e+01	
					         0.47162	-1.90000e+01	
					         0.47329	-1.70000e+01	
					         0.47495	-1.60000e+01	
					         0.47662	-1.50000e+01	
					         0.47829	-1.40000e+01	
					         0.47995	-1.30000e+01	
					         0.48162	-1.20000e+01	
					         0.48329	-1.10000e+01	
					         0.48495	-1.10000e+01	
					         0.48662	-1.00000e+01	
					         0.48829	-9.00000e+00	
					         0.48995	-8.00000e+00	
					         0.49162	-8.00000e+00	
					         0.49329	-8.00000e+00	
					         0.49495	-8.00000e+00	
					         0.49662	-8.00000e+00	
					         0.49829	-8.00000e+00	
					         0.49995	-8.00000e+00	
					         0.50162	-8.00000e+00	
					         0.50329	-9.00000e+00	
					         0.50495	-9.00000e+00	
					         0.50662	-9.00000e+00	
					         0.50829	-9.00000e+00	
					         0.50995	-1.00000e+01	
					         0.51162	-1.00000e+01	
					         0.51329	-1.00000e+01	
					         0.51495	-9.00000e+00	
					         0.51662	-9.00000e+00	
					         0.51829	-9.00000e+00	
					         0.51995	-8.00000e+00	
					         0.52162	-8.00000e+00	
					         0.52329	-8.00000e+00	
					         0.52495	-7.00000e+00	
					         0.52662	-7.00000e+00	
					         0.52829	-6.00000e+00	
					         0.52995	-6.00000e+00	
					         0.53162	-6.00000e+00	
					         0.53329	-6.00000e+00	
					         0.53495	-6.00000e+00	
					         0.53662	-6.00000e+00	
					         0.53829	-6.00000e+00	
					         0.53995	-7.00000e+00	
					         0.54162	-7.00000e+00	
					         0.54329	-7.00000e+00	
					         0.54495	-8.00000e+00	
					         0.54662	-8.00000e+00	
					         0.54829	-8.00000e+00	
					         0.54995	-8.00000e+00	
					         0.55162	-7.00000e+00	
					         0.55329	-7.00000e+00	
					         0.55495	-6.00000e+00	
					         0.55662	-5.00000e+00	
					         0.55829	-4.00000e+00	
					         0.55995	-3.00000e+00	
					         0.56162	-2.00000e+00	
					         0.56329	0.00000e+00	
					         0.56495	1.00000e+00	
					         0.56662	3.00000e+00	
					         0.56829	5.00000e+00	
					         0.56995	7.00000e+00	
					         0.57162	1.00000e+01	
					         0.57329	1.20000e+01	
					         0.57495	1.50000e+01	
					         0.57662	1.70000e+01	
					         0.57829	2.00000e+01	
					         0.57995	2.20000e+01	
					         0.58162	2.40000e+01	
					         0.58329	2.50000e+01	
					         0.58495	2.60000e+01	
					         0.58662	2.70000e+01	
					         0.58829	2.70000e+01	
					         0.58995	2.70000e+01	
					         0.59162	2.50000e+01	
					         0.59329	2.30000e+01	
					         0.59495	2.10000e+01	
					         0.59662	1.80000e+01	
					         0.59829	1.40000e+01	
					         0.59995	1.10000e+01	
					         0.60162	7.00000e+00	
					         0.60329	4.00000e+00	
					         0.60495	0.00000e+00	
					         0.60662	-4.00000e+00	
					         0.60829	-7.00000e+00	
					         0.60995	-1.10000e+01	
					         0.61162	-1.40000e+01	
					         0.61329	-1.70000e+01	
					         0.61495	-2.00000e+01	
					         0.61662	-2.30000e+01	
					         0.61829	-2.50000e+01	
					         0.61995	-2.70000e+01	
					         0.62162	-2.90000e+01	
					         0.62329	-3.10000e+01	
					         0.62495	-3.20000e+01	
					         0.62662	-3.30000e+01	
					         0.62829	-3.40000e+01	
					         0.62995	-3.40000e+01	
					         0.63162	-3.40000e+01	
					         0.63329	-3.30000e+01	
					         0.63495	-3.30000e+01	
					         0.63662	-3.20000e+01	
					         0.63829	-3.10000e+01	
					         0.63995	-3.00000e+01	
					         0.64162	-2.90000e+01	
					         0.64329	-2.80000e+01	
					         0.64495	-2.70000e+01	
					         0.64662	-2.70000e+01	
					         0.64829	-2.60000e+01	
					         0.64995	-2.50000e+01	
					         0.65162	-2.50000e+01	
					         0.65329	-2.40000e+01	
					         0.65495	-2.40000e+01	
					         0.65662	-2.30000e+01	
					         0.65829	-2.30000e+01	
					         0.65995	-2.30000e+01	
					         0.66162	-2.30000e+01	
					         0.66329	-2.30000e+01	
					         0.66495	-2.40000e+01	
					         0.66662	-2.50000e+01	
					         0.66829	-2.50000e+01	
					         0.66995	-2.60000e+01	
					         0.67162	-2.70000e+01	
					         0.67329	-2.80000e+01	
					         0.67495	-2.80000e+01	
					         0.67662	-2.90000e+01	
					         0.67829	-2.90000e+01	
					         0.67995	-2.90000e+01	
					         0.68162	-2.90000e+01	
					         0.68329	-2.90000e+01	
					         0.68495	-2.80000e+01	
					         0.68662	-2.80000e+01	
					         0.68829	-2.70000e+01	
					         0.68995	-2.60000e+01	
					         0.69162	-2.50000e+01	
					         0.69329	-2.40000e+01	
					         0.69495	-2.30000e+01	
					         0.69662	-2.20000e+01	
					         0.69829	-2.10000e+01	
					         0.69995	-2.00000e+01	
					         0.70162	-2.00000e+01	
					         0.70329	-1.90000e+01	
					         0.70495	-1.80000e+01	
					         0.70662	-1.80000e+01	
					         0.70829	-1.70000e+01	
					         0.70995	-1.70000e+01	
					         0.71162	-1.60000e+01	
					         0.71329	-1.60000e+01	
					         0.71495	-1.50000e+01	
					         0.71662	-1.50000e+01	
					         0.71829	-1.40000e+01	
					         0.71995	-1.30000e+01	
					         0.72162	-1.20000e+01	
					         0.72329	-1.10000e+01	
					         0.72495	-1.00000e+01	
					         0.72662	-9.00000e+00	
					         0.72829	-8.00000e+00	
					         0.72995	-7.00000e+00	
					         0.73162	-6.00000e+00	
					         0.73329	-6.00000e+00	
					         0.73495	-5.00000e+00	
					         0.73662	-5.00000e+00	
					         0.73829	-4.00000e+00	
					         0.73995	-4.00000e+00	
					         0.74162	-3.00000e+00	
					         0.74329	-3.00000e+00	
					         0.74495	-3.00000e+00	
					         0.74662	-2.00000e+00	
					         0.74829	-2.00000e+00	
					         0.74995	-2.00000e+00	
					         0.75162	-2.00000e+00	
					         0.75329	-2.00000e+00	
					         0.75495	-2.00000e+00	
					         0.75662	-2.00000e+00	
					         0.75829	-1.00000e+00	
					         0.75995	-1.00000e+00	
					         0.76162	-1.00000e+00	
					         0.76329	-1.00000e+00	
					         0.76495	-1.00000e+00	
					         0.76662	-1.00000e+00	
					         0.76829	-1.00000e+00	
					         0.76995	0.00000e+00	
					         0.77162	0.00000e+00	
					         0.77329	0.00000e+00	
					         0.77495	0.00000e+00	
					         0.77662	0.00000e+00	
					         0.77829	0.00000e+00	
					         0.77995	0.00000e+00	
					         0.78162	1.00000e+00	
					         0.78329	1.00000e+00	
					         0.78495	1.00000e+00	
					         0.78662	1.00000e+00	
					         0.78829	1.00000e+00	
					         0.78995	2.00000e+00	
					         0.79162	2.00000e+00	
					         0.79329	3.00000e+00	
					         0.79495	4.00000e+00	
					         0.79662	5.00000e+00	
					         0.79829	5.00000e+00	
					         0.79995	6.00000e+00	
					         0.80162	8.00000e+00	
					         0.80329	9.00000e+00	
					         0.80495	1.10000e+01	
					         0.80662	1.30000e+01	
					         0.80829	1.60000e+01	
					         0.80995	1.90000e+01	
					         0.81162	2.40000e+01	
					         0.81329	2.90000e+01	
					         0.81495	3.60000e+01	
					         0.81662	4.50000e+01	
					         0.81829	5.50000e+01	
					         0.81995	6.80000e+01	
					         0.82162	8.20000e+01	
					         0.82329	9.90000e+01	
					         0.82495	1.19000e+02	
					         0.82662	1.40000e+02	
					         0.82829	1.63000e+02	
					         0.82995	1.87000e+02	
					         0.83162	2.11000e+02	
					         0.83329	2.33000e+02	
					         0.83495	2.53000e+02	
					         0.83662	2.69000e+02	
					         0.83829	2.78000e+02	
					         0.83995	2.81000e+02	
					         0.84162	2.76000e+02	
					         0.84329	2.63000e+02	
					         0.84495	2.43000e+02	
					         0.84662	2.15000e+02	
					         0.84829	1.81000e+02	
					         0.84995	1.42000e+02	
					         0.85162	9.90000e+01	
					         0.85329	5.50000e+01	
					         0.85495	1.10000e+01	
					         0.85662	-3.20000e+01	
					         0.85829	-7.00000e+01	
					         0.85995	-1.03000e+02	
					         0.86162	-1.30000e+02	
					         0.86329	-1.50000e+02	
					         0.86495	-1.64000e+02	
					         0.86662	-1.72000e+02	
					         0.86829	-1.75000e+02	
					         0.86995	-1.73000e+02	
					         0.87162	-1.67000e+02	
					         0.87329	-1.59000e+02	
					         0.87495	-1.48000e+02	
					         0.87662	-1.35000e+02	
					         0.87829	-1.22000e+02	
					         0.87995	-1.09000e+02	
					         0.88162	-9.60000e+01	
					         0.88329	-8.30000e+01	
					         0.88495	-7.20000e+01	
					         0.88662	-6.30000e+01	
					         0.88829	-5.40000e+01	
					         0.88995	-4.70000e+01	
					         0.89162	-4.10000e+01	
					         0.89329	-3.60000e+01	
					         0.89495	-3.20000e+01	
					         0.89662	-2.90000e+01	
					         0.89829	-2.70000e+01	
					         0.89995	-2.50000e+01	
					         0.90162	-2.40000e+01	
					         0.90329	-2.30000e+01	
					         0.90495	-2.20000e+01	
					         0.90662	-2.10000e+01	
					         0.90829	-2.10000e+01	
					         0.90995	-2.00000e+01	
					         0.91162	-2.00000e+01	
					         0.91329	-1.90000e+01	
					         0.91495	-1.90000e+01	
					         0.91662	-1.80000e+01	
					         0.91829	-1.80000e+01	
					         0.91995	-1.70000e+01	
					         0.92162	-1.60000e+01	
					         0.92329	-1.60000e+01	
					         0.92495	-1.50000e+01	
					         0.92662	-1.40000e+01	
					         0.92829	-1.40000e+01	
					         0.92995	-1.30000e+01	
					         0.93162	-1.30000e+01	
					         0.93329	-1.20000e+01	
					         0.93495	-1.20000e+01	
					         0.93662	-1.20000e+01	
					         0.93829	-1.20000e+01	
					         0.93995	-1.20000e+01	
					         0.94162	-1.20000e+01	
					         0.94329	-1.20000e+01	
					         0.94495	-1.20000e+01	
					         0.94662	-1.20000e+01	
					         0.94829	-1.20000e+01	
					         0.94995	-1.20000e+01	
					         0.95162	-1.20000e+01	
					         0.95329	-1.30000e+01	
					         0.95495	-1.30000e+01	
					         0.95662	-1.30000e+01	
					         0.95829	-1.30000e+01	
					         0.95995	-1.30000e+01	
					         0.96162	-1.30000e+01	
					         0.96329	-1.30000e+01	
					         0.96495	-1.30000e+01	
					         0.96662	-1.30000e+01	
					         0.96829	-1.30000e+01	
					         0.96995	-1.20000e+01	
					         0.97162	-1.20000e+01	
					         0.97329	-1.20000e+01	
					         0.97495	-1.10000e+01	
					         0.97662	-1.10000e+01	
					         0.97829	-1.00000e+01	
					         0.97995	-9.00000e+00	
					         0.98162	-9.00000e+00	
					         0.98329	-8.00000e+00	
					         0.98495	-7.00000e+00	
					         0.98662	-6.00000e+00	
					         0.98829	-6.00000e+00	
					         0.98995	-5.00000e+00	
					         0.99162	-4.00000e+00	
					         0.99329	-4.00000e+00	
					         0.99495	-3.00000e+00	
					         0.99662	-3.00000e+00	
					         0.99829	-2.00000e+00	
					         0.99995	-2.00000e+00	
					         1.00162	-1.00000e+00	
					         1.00329	0.00000e+00	
					         1.00495	1.00000e+00	
					         1.00662	2.00000e+00	
					         1.00829	3.00000e+00	
					         1.00995	4.00000e+00	
					         1.01162	5.00000e+00	
					         1.01329	6.00000e+00	
					         1.01495	7.00000e+00	
					         1.01662	8.00000e+00	
					         1.01829	1.00000e+01	
					         1.01995	1.10000e+01	
					         1.02162	1.20000e+01	
					         1.02329	1.30000e+01	
					         1.02495	1.40000e+01	
					         1.02662	1.50000e+01	
					         1.02829	1.60000e+01	
					         1.02995	1.80000e+01	
					         1.03162	1.90000e+01	
					         1.03329	2.10000e+01	
					         1.03495	2.30000e+01	
					         1.03662	2.40000e+01	
					         1.03829	2.60000e+01	
					         1.03995	2.70000e+01	
					         1.04162	2.90000e+01	
					         1.04329	3.00000e+01	
					         1.04495	3.20000e+01	
					         1.04662	3.30000e+01	
					         1.04829	3.50000e+01	
					         1.04995	3.60000e+01	
					         1.05162	3.80000e+01	
					         1.05329	3.90000e+01	
					         1.05495	4.10000e+01	
					         1.05662	4.20000e+01	
					         1.05829	4.40000e+01	
					         1.05995	4.50000e+01	
					         1.06162	4.70000e+01	
					         1.06329	4.90000e+01	
					         1.06495	5.10000e+01	
					         1.06662	5.30000e+01	
					         1.06829	5.50000e+01	
					         1.06995	5.70000e+01	
					         1.07162	5.90000e+01	
					         1.07329	6.10000e+01	
					         1.07495	6.30000e+01	
					         1.07662	6.50000e+01	
					         1.07829	6.70000e+01	
					         1.07995	7.00000e+01	
					         1.08162	7.20000e+01	
					         1.08329	7.40000e+01	
					         1.08495	7.60000e+01	
					         1.08662	7.70000e+01	
					         1.08829	7.90000e+01	
					         1.08995	8.00000e+01	
					         1.09162	8.20000e+01	
					         1.09329	8.30000e+01	
					         1.09495	8.30000e+01	
					         1.09662	8.40000e+01	
					         1.09829	8.50000e+01	
					         1.09995	8.50000e+01	
					         1.10162	8.50000e+01	
					         1.10329	8.50000e+01	
					         1.10495	8.50000e+01	
					         1.10662	8.50000e+01	
					         1.10829	8.40000e+01	
					         1.10995	8.40000e+01	
					         1.11162	8.40000e+01	
					         1.11329	8.30000e+01	
					         1.11495	8.20000e+01	
					         1.11662	8.20000e+01	
					         1.11829	8.10000e+01	
					         1.11995	8.00000e+01	
					         1.12162	7.90000e+01	
					         1.12329	7.80000e+01	
					         1.12495	7.70000e+01	
					         1.12662	7.60000e+01	
					         1.12829	7.50000e+01	
					         1.12995	7.30000e+01	
					         1.13162	7.20000e+01	
					         1.13329	7.10000e+01	
					         1.13495	6.90000e+01	
					         1.13662	6.80000e+01	
					         1.13829	6.60000e+01	
					         1.13995	6.40000e+01	
					         1.14162	6.10000e+01	
					         1.14329	5.80000e+01	
					         1.14495	5.50000e+01	
					         1.14662	5.10000e+01	
					         1.14829	4.70000e+01	
					         1.14995	4.20000e+01	
					         1.15162	3.70000e+01	
					         1.15329	3.20000e+01	
					         1.15495	2.60000e+01	
					         1.15662	2.10000e+01	
					         1.15829	1.50000e+01	
					         1.15995	9.00000e+00	
					         1.16162	4.00000e+00	
					         1.16329	-1.00000e+00	
					         1.16495	-6.00000e+00	
					         1.16662	-1.10000e+01	
					         1.16829	-1.60000e+01	
					         1.16995	-2.00000e+01	
					         1.17162	-2.40000e+01	
					         1.17329	-2.80000e+01	
					         1.17495	-3.20000e+01	
					         1.17662	-3.50000e+01	
					         1.17829	-3.90000e+01	
					         1.17995	-4.20000e+01	
					         1.18162	-4.50000e+01	
					         1.18329	-4.80000e+01	
					         1.18495	-5.10000e+01	
					         1.18662	-5.40000e+01	
					         1.18829	-5.70000e+01	
					         1.18995	-5.90000e+01	
					         1.19162	-6.10000e+01	
					         1.19329	-6.30000e+01	
					         1.19495	-6.40000e+01	
					         1.19662	-6.50000e+01	
					         1.19829	-6.50000e+01	
					         1.19995	-6.60000e+01	
					         1.20162	-6.60000e+01	
					         1.20329	-6.60000e+01	
					         1.20495	-6.50000e+01	
					         1.20662	-6.50000e+01	
					         1.20829	-6.40000e+01	
					         1.20995	-6.30000e+01	
					         1.21162	-6.30000e+01	
					         1.21329	-6.20000e+01	
					         1.21495	-6.10000e+01	
					         1.21662	-6.10000e+01	
					         1.21829	-6.10000e+01	
					         1.21995	-6.00000e+01	
					         1.22162	-6.00000e+01	
					         1.22329	-6.00000e+01	
					         1.22495	-6.00000e+01	
					         1.22662	-6.00000e+01	
					         1.22829	-6.00000e+01	
					         1.22995	-6.00000e+01	
					         1.23162	-5.90000e+01	
					         1.23329	-5.90000e+01	
					         1.23495	-5.80000e+01	
					         1.23662	-5.70000e+01	
					         1.23829	-5.60000e+01	
					         1.23995	-5.50000e+01	
					         1.24162	-5.40000e+01	
					         1.24329	-5.20000e+01	
					         1.24495	-5.10000e+01	
					         1.24662	-5.00000e+01	
					         1.24829	-4.80000e+01	
					         1.24995	-4.70000e+01	
					         1.25162	-4.50000e+01	
					         1.25329	-4.40000e+01	
					         1.25495	-4.30000e+01	
					         1.25662	-4.10000e+01	
					         1.25829	-4.00000e+01	
					         1.25995	-3.90000e+01	
					         1.26162	-3.80000e+01	
					         1.26329	-3.70000e+01	
					         1.26495	-3.70000e+01	
					         1.26662	-3.60000e+01	
					         1.26829	-3.50000e+01	
					         1.26995	-3.50000e+01	
					         1.27162	-3.40000e+01	
					         1.27329	-3.40000e+01	
					         1.27495	-3.30000e+01	
					         1.27662	-3.30000e+01	
					         1.27829	-3.20000e+01	
					         1.27995	-3.10000e+01	
					         1.28162	-3.00000e+01	
					         1.28329	-2.90000e+01	
					         1.28495	-2.80000e+01	
					         1.28662	-2.60000e+01	
					         1.28829	-2.50000e+01	
					         1.28995	-2.40000e+01	
					         1.29162	-2.20000e+01	
					         1.29329	-2.10000e+01	
					         1.29495	-2.00000e+01	
					         1.29662	-1.90000e+01	
					         1.29829	-1.80000e+01	
					         1.29995	-1.70000e+01	
					         1.30162	-1.60000e+01	
					         1.30329	-1.50000e+01	
					         1.30495	-1.50000e+01	
					         1.30662	-1.40000e+01	
					         1.30829	-1.40000e+01	
					         1.30995	-1.30000e+01	
					         1.31162	-1.20000e+01	
					         1.31329	-1.20000e+01	
					         1.31495	-1.10000e+01	
					         1.31662	-1.10000e+01	
					         1.31829	-1.00000e+01	
					         1.31995	-1.00000e+01	
					         1.32162	-9.00000e+00	
					         1.32329	-9.00000e+00	
					         1.32495	-8.00000e+00	
					         1.32662	-8.00000e+00	
					         1.32829	-8.00000e+00	
					         1.32995	-8.00000e+00	
					         1.33162	-8.00000e+00	
					         1.33329	-8.00000e+00	
					         1.33495	-7.00000e+00	
					         1.33662	-7.00000e+00	
					         1.33829	-7.00000e+00	
					         1.33995	-7.00000e+00	
					         1.34162	-7.00000e+00	
					         1.34329	-7.00000e+00	
					         1.34495	-7.00000e+00	
					         1.34662	-6.00000e+00	
					         1.34829	-6.00000e+00	
					         1.34995	-6.00000e+00	
					         1.35162	-5.00000e+00	
					         1.35329	-5.00000e+00	
					         1.35495	-4.00000e+00	
					         1.35662	-4.00000e+00	
					         1.35829	-4.00000e+00	
					         1.35995	-3.00000e+00	
					         1.36162	-3.00000e+00	
					         1.36329	-3.00000e+00	
					         1.36495	-3.00000e+00	
					         1.36662	-3.00000e+00	
					         1.36829	-4.00000e+00	
					         1.36995	-4.00000e+00	
					         1.37162	-5.00000e+00	
					         1.37329	-5.00000e+00	
					         1.37495	-5.00000e+00	
					         1.37662	-5.00000e+00	
					         1.37829	-6.00000e+00	
					         1.37995	-6.00000e+00	
					         1.38162	-6.00000e+00	
					         1.38329	-5.00000e+00	
					         1.38495	-5.00000e+00	
					         1.38662	-4.00000e+00	
					         1.38829	-3.00000e+00	
					         1.38995	-2.00000e+00	
					         1.39162	-1.00000e+00	
					         1.39329	0.00000e+00	
					         1.39495	1.00000e+00	
					         1.39662	3.00000e+00	
					         1.39829	5.00000e+00	
					         1.39995	7.00000e+00	
					         1.40162	9.00000e+00	
					         1.40329	1.20000e+01	
					         1.40495	1.40000e+01	
					         1.40662	1.70000e+01	
					         1.40829	2.00000e+01	
					         1.40995	2.20000e+01	
					         1.41162	2.50000e+01	
					         1.41329	2.80000e+01	
					         1.41495	3.00000e+01	
					         1.41662	3.10000e+01	
					         1.41829	3.30000e+01	
					         1.41995	3.30000e+01	
					         1.42162	3.30000e+01	
					         1.42329	3.20000e+01	
					         1.42495	3.10000e+01	
					         1.42662	2.90000e+01	
					         1.42829	2.70000e+01	
					         1.42995	2.40000e+01	
					         1.43162	2.10000e+01	
					         1.43329	1.80000e+01	
					         1.43495	1.40000e+01	
					         1.43662	1.10000e+01	
					         1.43829	7.00000e+00	
					         1.43995	3.00000e+00	
					         1.44162	0.00000e+00	
					         1.44329	-4.00000e+00	
					         1.44495	-7.00000e+00	
					         1.44662	-1.10000e+01	
					         1.44829	-1.40000e+01	
					         1.44995	-1.70000e+01	
					         1.45162	-2.00000e+01	
					         1.45329	-2.30000e+01	
					         1.45495	-2.50000e+01	
					         1.45662	-2.70000e+01	
					         1.45829	-2.90000e+01	
					         1.45995	-3.00000e+01	
					         1.46162	-3.10000e+01	
					         1.46329	-3.10000e+01	
					         1.46495	-3.10000e+01	
					         1.46662	-3.00000e+01	
					         1.46829	-3.00000e+01	
					         1.46995	-2.90000e+01	
					         1.47162	-2.80000e+01	
					         1.47329	-2.60000e+01	
					         1.47495	-2.50000e+01	
					         1.47662	-2.40000e+01	
					         1.47829	-2.30000e+01	
					         1.47995	-2.20000e+01	
					         1.48162	-2.20000e+01	
					         1.48329	-2.10000e+01	
					         1.48495	-2.00000e+01	
					         1.48662	-2.00000e+01	
					         1.48829	-2.00000e+01	
					         1.48995	-2.00000e+01	
					         1.49162	-2.00000e+01	
					         1.49329	-2.00000e+01	
					         1.49495	-2.00000e+01	
					         1.49662	-2.10000e+01	
					         1.49829	-2.20000e+01	
					         1.49995	-2.20000e+01	
					         1.50162	-2.30000e+01	
					         1.50329	-2.40000e+01	
					         1.50495	-2.50000e+01	
					         1.50662	-2.60000e+01	
					         1.50829	-2.70000e+01	
					         1.50995	-2.80000e+01	
					         1.51162	-2.90000e+01	
					         1.51329	-2.90000e+01	
					         1.51495	-2.90000e+01	
					         1.51662	-2.90000e+01	
					         1.51829	-2.90000e+01	
					         1.51995	-2.80000e+01	
					         1.52162	-2.80000e+01	
					         1.52329	-2.70000e+01	
					         1.52495	-2.60000e+01	
					         1.52662	-2.50000e+01	
					         1.52829	-2.50000e+01	
					         1.52995	-2.30000e+01	
					         1.53162	-2.20000e+01	
					         1.53329	-2.10000e+01	
					         1.53495	-2.00000e+01	
					         1.53662	-1.90000e+01	
					         1.53829	-1.80000e+01	
					         1.53995	-1.70000e+01	
					         1.54162	-1.60000e+01	
					         1.54329	-1.60000e+01	
					         1.54495	-1.50000e+01	
					         1.54662	-1.40000e+01	
					         1.54829	-1.40000e+01	
					         1.54995	-1.30000e+01	
					         1.55162	-1.30000e+01	
					         1.55329	-1.20000e+01	
					         1.55495	-1.20000e+01	
					         1.55662	-1.10000e+01	
					         1.55829	-1.10000e+01	
					         1.55995	-1.00000e+01	
					         1.56162	-1.00000e+01	
					         1.56329	-9.00000e+00	
					         1.56495	-9.00000e+00	
					         1.56662	-9.00000e+00	
					         1.56829	-8.00000e+00	
					         1.56995	-8.00000e+00	
					         1.57162	-7.00000e+00	
					         1.57329	-7.00000e+00	
					         1.57495	-6.00000e+00	
					         1.57662	-5.00000e+00	
					         1.57829	-4.00000e+00	
					         1.57995	-3.00000e+00	
					         1.58162	-2.00000e+00	
					         1.58329	-1.00000e+00	
					         1.58495	0.00000e+00	
					         1.58662	2.00000e+00	
					         1.58829	3.00000e+00	
					         1.58995	4.00000e+00	
					         1.59162	4.00000e+00	
					         1.59329	5.00000e+00	
					         1.59495	6.00000e+00	
					         1.59662	6.00000e+00	
					         1.59829	6.00000e+00	
					         1.59995	6.00000e+00	
					         1.60162	6.00000e+00	
					         1.60329	6.00000e+00	
					         1.60495	6.00000e+00	
					         1.60662	5.00000e+00	
					         1.60829	6.00000e+00	
					         1.60995	6.00000e+00	
					         1.61162	6.00000e+00	
					         1.61329	6.00000e+00	
					         1.61495	7.00000e+00	
					         1.61662	8.00000e+00	
					         1.61829	9.00000e+00	
					         1.61995	1.00000e+01	
					         1.62162	1.00000e+01	
					         1.62329	1.10000e+01	
					         1.62495	1.20000e+01	
					         1.62662	1.30000e+01	
					         1.62829	1.30000e+01	
					         1.62995	1.40000e+01	
					         1.63162	1.40000e+01	
					         1.63329	1.40000e+01	
					         1.63495	1.50000e+01	
					         1.63662	1.50000e+01	
					         1.63829	1.60000e+01	
					         1.63995	1.80000e+01	
					         1.64162	2.00000e+01	
					         1.64329	2.20000e+01	
					         1.64495	2.60000e+01	
					         1.64662	3.00000e+01	
					         1.64829	3.60000e+01	
					         1.64995	4.40000e+01	
					         1.65162	5.30000e+01	
					         1.65329	6.30000e+01	
					         1.65495	7.60000e+01	
					         1.65662	9.10000e+01	
					         1.65829	1.09000e+02	
					         1.65995	1.29000e+02	
					         1.66162	1.50000e+02	
					         1.66329	1.74000e+02	
					         1.66495	1.98000e+02	
					         1.66662	2.22000e+02	
					         1.66829	2.45000e+02	
					         1.66995	2.64000e+02	
					         1.67162	2.79000e+02	
					         1.67329	2.87000e+02	
					         1.67495	2.87000e+02	
					         1.67662	2.80000e+02	
					         1.67829	2.64000e+02	
					         1.67995	2.41000e+02	
					         1.68162	2.10000e+02	
					         1.68329	1.74000e+02	
					         1.68495	1.33000e+02	
					         1.68662	8.80000e+01	
					         1.68829	4.20000e+01	
					         1.68995	-3.00000e+00	
					         1.69162	-4.50000e+01	
					         1.69329	-8.20000e+01	
					         1.69495	-1.14000e+02	
					         1.69662	-1.39000e+02	
					         1.69829	-1.58000e+02	
					         1.69995	-1.70000e+02	
					         1.70162	-1.76000e+02	
					         1.70329	-1.77000e+02	
					         1.70495	-1.73000e+02	
					         1.70662	-1.66000e+02	
					         1.70829	-1.56000e+02	
					         1.70995	-1.44000e+02	
					         1.71162	-1.31000e+02	
					         1.71329	-1.18000e+02	
					         1.71495	-1.04000e+02	
					         1.71662	-9.10000e+01	
					         1.71829	-7.90000e+01	
					         1.71995	-6.80000e+01	
					         1.72162	-5.80000e+01	
					         1.72329	-5.00000e+01	
					         1.72495	-4.30000e+01	
					         1.72662	-3.70000e+01	
					         1.72829	-3.20000e+01	
					         1.72995	-2.80000e+01	
					         1.73162	-2.50000e+01	
					         1.73329	-2.30000e+01	
					         1.73495	-2.20000e+01	
					         1.73662	-2.00000e+01	
					         1.73829	-1.90000e+01	
					         1.73995	-1.90000e+01	
					         1.74162	-1.80000e+01	
					         1.74329	-1.70000e+01	
					         1.74495	-1.70000e+01	
					         1.74662	-1.60000e+01	
					         1.74829	-1.60000e+01	
					         1.74995	-1.50000e+01	
					         1.75162	-1.40000e+01	
					         1.75329	-1.30000e+01	
					         1.75495	-1.30000e+01	
					         1.75662	-1.20000e+01	
					         1.75829	-1.10000e+01	
					         1.75995	-1.10000e+01	
					         1.76162	-1.00000e+01	
					         1.76329	-1.00000e+01	
					         1.76495	-1.00000e+01	
					         1.76662	-1.00000e+01	
					         1.76829	-1.00000e+01	
					         1.76995	-1.00000e+01	
					         1.77162	-1.00000e+01	
					         1.77329	-1.10000e+01	
					         1.77495	-1.10000e+01	
					         1.77662	-1.10000e+01	
					         1.77829	-1.10000e+01	
					         1.77995	-1.10000e+01	
					         1.78162	-1.00000e+01	
					         1.78329	-1.00000e+01	
					         1.78495	-9.00000e+00	
					         1.78662	-9.00000e+00	
					         1.78829	-8.00000e+00	
					         1.78995	-7.00000e+00	
					         1.79162	-7.00000e+00	
					         1.79329	-6.00000e+00	
					         1.79495	-5.00000e+00	
					         1.79662	-4.00000e+00	
					         1.79829	-3.00000e+00	
					         1.79995	-3.00000e+00	
					         1.80162	-2.00000e+00	
					         1.80329	-2.00000e+00	
					         1.80495	-2.00000e+00	
					         1.80662	-2.00000e+00	
					         1.80829	-2.00000e+00	
					         1.80995	-2.00000e+00	
					         1.81162	-2.00000e+00	
					         1.81329	-3.00000e+00	
					         1.81495	-3.00000e+00	
					         1.81662	-3.00000e+00	
					         1.81829	-3.00000e+00	
					         1.81995	-3.00000e+00	
					         1.82162	-3.00000e+00	
					         1.82329	-3.00000e+00	
					         1.82495	-3.00000e+00	
					         1.82662	-2.00000e+00	
					         1.82829	-1.00000e+00	
					         1.82995	-1.00000e+00	
					         1.83162	0.00000e+00	
					         1.83329	1.00000e+00	
					         1.83495	2.00000e+00	
					         1.83662	3.00000e+00	
					         1.83829	4.00000e+00	
					         1.83995	5.00000e+00	
					         1.84162	6.00000e+00	
					         1.84329	6.00000e+00	
					         1.84495	7.00000e+00	
					         1.84662	8.00000e+00	
					         1.84829	9.00000e+00	
					         1.84995	1.00000e+01	
					         1.85162	1.00000e+01	
					         1.85329	1.10000e+01	
					         1.85495	1.20000e+01	
					         1.85662	1.30000e+01	
					         1.85829	1.40000e+01	
					         1.85995	1.50000e+01	
					         1.86162	1.60000e+01	
					         1.86329	1.70000e+01	
					         1.86495	1.80000e+01	
					         1.86662	1.80000e+01	
					         1.86829	1.90000e+01	
					         1.86995	2.00000e+01	
					         1.87162	2.10000e+01	
					         1.87329	2.10000e+01	
					         1.87495	2.20000e+01	
					         1.87662	2.30000e+01	
					         1.87829	2.40000e+01	
					         1.87995	2.50000e+01	
					         1.88162	2.70000e+01	
					         1.88329	2.80000e+01	
					         1.88495	3.00000e+01	
					         1.88662	3.20000e+01	
					         1.88829	3.30000e+01	
					         1.88995	3.50000e+01	
					         1.89162	3.70000e+01	
					         1.89329	4.00000e+01	
					         1.89495	4.20000e+01	
					         1.89662	4.40000e+01	
					         1.89829	4.60000e+01	
					         1.89995	4.80000e+01	
					         1.90162	5.00000e+01	
					         1.90329	5.20000e+01	
					         1.90495	5.40000e+01	
					         1.90662	5.60000e+01	
					         1.90829	5.80000e+01	
					         1.90995	6.00000e+01	
					         1.91162	6.20000e+01	
					         1.91329	6.40000e+01	
					         1.91495	6.60000e+01	
					         1.91662	6.90000e+01	
					         1.91829	7.10000e+01	
					         1.91995	7.30000e+01	
					         1.92162	7.50000e+01	
					         1.92329	7.70000e+01	
					         1.92495	7.80000e+01	
					         1.92662	8.00000e+01	
					         1.92829	8.20000e+01	
					         1.92995	8.30000e+01	
					         1.93162	8.50000e+01	
					         1.93329	8.60000e+01	
					         1.93495	8.70000e+01	
					         1.93662	8.70000e+01	
					         1.93829	8.80000e+01	
					         1.93995	8.80000e+01	
					         1.94162	8.80000e+01	
					         1.94329	8.70000e+01	
					         1.94495	8.70000e+01	
					         1.94662	8.60000e+01	
					         1.94829	8.50000e+01	
					         1.94995	8.40000e+01	
					         1.95162	8.30000e+01	
					         1.95329	8.20000e+01	
					         1.95495	8.10000e+01	
					         1.95662	7.90000e+01	
					         1.95829	7.80000e+01	
					         1.95995	7.70000e+01	
					         1.96162	7.50000e+01	
					         1.96329	7.40000e+01	
					         1.96495	7.20000e+01	
					         1.96662	7.00000e+01	
					         1.96829	6.70000e+01	
					         1.96995	6.50000e+01	
					         1.97162	6.20000e+01	
					         1.97329	5.90000e+01	
					         1.97495	5.60000e+01	
					         1.97662	5.20000e+01	
					         1.97829	4.80000e+01	
					         1.97995	4.40000e+01	
					         1.98162	4.00000e+01	
					         1.98329	3.60000e+01	
					         1.98495	3.10000e+01	
					         1.98662	2.70000e+01	
					         1.98829	2.20000e+01	
					         1.98995	1.70000e+01	
					         1.99162	1.20000e+01	
					         1.99329	7.00000e+00	
					         1.99495	2.00000e+00	
					         1.99662	-3.00000e+00	
					         1.99829	-7.00000e+00	
					         1.99995	-1.20000e+01	
					         2.00162	-1.60000e+01	
					         2.00329	-2.00000e+01	
					         2.00495	-2.50000e+01	
					         2.00662	-2.90000e+01	
					         2.00829	-3.20000e+01	
					         2.00995	-3.60000e+01	
					         2.01162	-3.90000e+01	
					         2.01329	-4.30000e+01	
					         2.01495	-4.60000e+01	
					         2.01662	-4.90000e+01	
					         2.01829	-5.10000e+01	
					         2.01995	-5.40000e+01	
					         2.02162	-5.60000e+01	
					         2.02329	-5.80000e+01	
					         2.02495	-6.00000e+01	
					         2.02662	-6.10000e+01	
					         2.02829	-6.20000e+01	
					         2.02995	-6.30000e+01	
					         2.03162	-6.30000e+01	
					         2.03329	-6.40000e+01	
					         2.03495	-6.30000e+01	
					         2.03662	-6.20000e+01	
					         2.03829	-6.10000e+01	
					         2.03995	-5.90000e+01	
					         2.04162	-5.70000e+01	
					         2.04329	-5.50000e+01	
					         2.04495	-5.20000e+01	
					         2.04662	-5.00000e+01	
					         2.04829	-4.80000e+01	
					         2.04995	-4.60000e+01	
					         2.05162	-4.50000e+01	
					         2.05329	-4.40000e+01	
					         2.05495	-4.40000e+01	
					         2.05662	-4.40000e+01	
					         2.05829	-4.60000e+01	
					         2.05995	-4.70000e+01	
					         2.06162	-5.00000e+01	
					         2.06329	-5.30000e+01	
					         2.06495	-5.50000e+01	
					         2.06662	-5.80000e+01	
					         2.06829	-6.00000e+01	
					         2.06995	-6.20000e+01	
					         2.07162	-6.40000e+01	
					         2.07329	-6.40000e+01	
					         2.07495	-6.50000e+01	
					         2.07662	-6.50000e+01	
					         2.07829	-6.40000e+01	
					         2.07995	-6.30000e+01	
					         2.08162	-6.20000e+01	
					         2.08329	-6.00000e+01	
					         2.08495	-5.80000e+01	
					         2.08662	-5.60000e+01	
					         2.08829	-5.40000e+01	
					         2.08995	-5.20000e+01	
					         2.09162	-5.00000e+01	
					         2.09329	-4.90000e+01	
					         2.09495	-4.70000e+01	
					         2.09662	-4.50000e+01	
					         2.09829	-4.40000e+01	
					         2.09995	-4.30000e+01	
					         2.10162	-4.10000e+01	
					         2.10329	-4.00000e+01	
					         2.10495	-3.90000e+01	
					         2.10662	-3.80000e+01	
					         2.10829	-3.70000e+01	
					         2.10995	-3.60000e+01	
					         2.11162	-3.40000e+01	
					         2.11329	-3.30000e+01	
					         2.11495	-3.20000e+01	
					         2.11662	-3.00000e+01	
					         2.11829	-2.90000e+01	
					         2.11995	-2.70000e+01	
					         2.12162	-2.60000e+01	
					         2.12329	-2.40000e+01	
					         2.12495	-2.30000e+01	
					         2.12662	-2.20000e+01	
					         2.12829	-2.00000e+01	
					         2.12995	-1.90000e+01	
					         2.13162	-1.80000e+01	
					         2.13329	-1.70000e+01	
					         2.13495	-1.50000e+01	
					         2.13662	-1.30000e+01	
					         2.13829	-1.10000e+01	
					         2.13995	-9.00000e+00	
					         2.14162	-7.00000e+00	
					         2.14329	-5.00000e+00	
					         2.14495	-3.00000e+00	
					         2.14662	-1.00000e+00	
					         2.14829	0.00000e+00	
					         2.14995	1.00000e+00	
					         2.15162	2.00000e+00	
					         2.15329	2.00000e+00	
					         2.15495	1.00000e+00	
					         2.15662	0.00000e+00	
					         2.15829	-2.00000e+00	
					         2.15995	-4.00000e+00	
					         2.16162	-6.00000e+00	
					         2.16329	-8.00000e+00	
					         2.16495	-1.00000e+01	
					         2.16662	-1.20000e+01	
					         2.16829	-1.40000e+01	
					         2.16995	-1.50000e+01	
					         2.17162	-1.60000e+01	
					         2.17329	-1.60000e+01	
					         2.17495	-1.60000e+01	
					         2.17662	-1.60000e+01	
					         2.17829	-1.60000e+01	
					         2.17995	-1.50000e+01	
					         2.18162	-1.50000e+01	
					         2.18329	-1.40000e+01	
					         2.18495	-1.40000e+01	
					         2.18662	-1.30000e+01	
					         2.18829	-1.30000e+01	
					         2.18995	-1.30000e+01	
					         2.19162	-1.30000e+01	
					         2.19329	-1.30000e+01	
					         2.19495	-1.30000e+01	
					         2.19662	-1.30000e+01	
					         2.19829	-1.30000e+01	
					         2.19995	-1.30000e+01	
					         2.20162	-1.30000e+01	
					         2.20329	-1.40000e+01	
					         2.20495	-1.40000e+01	
					         2.20662	-1.40000e+01	
					         2.20829	-1.40000e+01	
					         2.20995	-1.40000e+01	
					         2.21162	-1.30000e+01	
					         2.21329	-1.30000e+01	
					         2.21495	-1.30000e+01	
					         2.21662	-1.30000e+01	
					         2.21829	-1.20000e+01	
					         2.21995	-1.20000e+01	
					         2.22162	-1.10000e+01	
					         2.22329	-1.10000e+01	
					         2.22495	-1.00000e+01	
					         2.22662	-1.00000e+01	
					         2.22829	-9.00000e+00	
					         2.22995	-8.00000e+00	
					         2.23162	-7.00000e+00	
					         2.23329	-6.00000e+00	
					         2.23495	-5.00000e+00	
					         2.23662	-3.00000e+00	
					         2.23829	-1.00000e+00	
					         2.23995	1.00000e+00	
					         2.24162	3.00000e+00	
					         2.24329	5.00000e+00	
					         2.24495	8.00000e+00	
					         2.24662	1.00000e+01	
					         2.24829	1.30000e+01	
					         2.24995	1.50000e+01	
					         2.25162	1.80000e+01	
					         2.25329	2.00000e+01	
					         2.25495	2.20000e+01	
					         2.25662	2.40000e+01	
					         2.25829	2.50000e+01	
					         2.25995	2.60000e+01	
					         2.26162	2.70000e+01	
					         2.26329	2.60000e+01	
					         2.26495	2.60000e+01	
					         2.26662	2.40000e+01	
					         2.26829	2.20000e+01	
					         2.26995	1.90000e+01	
					         2.27162	1.60000e+01	
					         2.27329	1.30000e+01	
					         2.27495	9.00000e+00	
					         2.27662	5.00000e+00	
					         2.27829	1.00000e+00	
					         2.27995	-3.00000e+00	
					         2.28162	-7.00000e+00	
					         2.28329	-1.10000e+01	
					         2.28495	-1.50000e+01	
					         2.28662	-1.90000e+01	
					         2.28829	-2.20000e+01	
					         2.28995	-2.40000e+01	
					         2.29162	-2.70000e+01	
					         2.29329	-2.90000e+01	
					         2.29495	-3.00000e+01	
					         2.29662	-3.10000e+01	
					         2.29829	-3.20000e+01	
					         2.29995	-3.30000e+01	
					         2.30162	-3.30000e+01	
					         2.30329	-3.30000e+01	
					         2.30495	-3.30000e+01	
					         2.30662	-3.20000e+01	
					         2.30829	-3.20000e+01	
					         2.30995	-3.10000e+01	
					         2.31162	-3.00000e+01	
					         2.31329	-3.00000e+01	
					         2.31495	-2.90000e+01	
					         2.31662	-2.80000e+01	
					         2.31829	-2.80000e+01	
					         2.31995	-2.70000e+01	
					         2.32162	-2.60000e+01	
					         2.32329	-2.50000e+01	
					         2.32495	-2.40000e+01	
					         2.32662	-2.40000e+01	
					         2.32829	-2.30000e+01	
					         2.32995	-2.20000e+01	
					         2.33162	-2.20000e+01	
					         2.33329	-2.10000e+01	
					         2.33495	-2.10000e+01	
					         2.33662	-2.10000e+01	
					         2.33829	-2.20000e+01	
					         2.33995	-2.20000e+01	
					         2.34162	-2.30000e+01	
					         2.34329	-2.40000e+01	
					         2.34495	-2.50000e+01	
					         2.34662	-2.60000e+01	
					         2.34829	-2.60000e+01	
					         2.34995	-2.70000e+01	
					         2.35162	-2.70000e+01	
					         2.35329	-2.80000e+01	
					         2.35495	-2.80000e+01	
					         2.35662	-2.70000e+01	
					         2.35829	-2.70000e+01	
					         2.35995	-2.60000e+01	
					         2.36162	-2.50000e+01	
					         2.36329	-2.40000e+01	
					         2.36495	-2.40000e+01	
					         2.36662	-2.30000e+01	
					         2.36829	-2.20000e+01	
					         2.36995	-2.10000e+01	
					         2.37162	-2.00000e+01	
					         2.37329	-1.90000e+01	
					         2.37495	-1.80000e+01	
					         2.37662	-1.70000e+01	
					         2.37829	-1.60000e+01	
					         2.37995	-1.60000e+01	
					         2.38162	-1.50000e+01	
					         2.38329	-1.50000e+01	
					         2.38495	-1.40000e+01	
					         2.38662	-1.40000e+01	
					         2.38829	-1.40000e+01	
					         2.38995	-1.30000e+01	
					         2.39162	-1.30000e+01	
					         2.39329	-1.20000e+01	
					         2.39495	-1.20000e+01	
					         2.39662	-1.10000e+01	
					         2.39829	-1.10000e+01	
					         2.39995	-1.00000e+01	
					         2.40162	-9.00000e+00	
					         2.40329	-9.00000e+00	
					         2.40495	-8.00000e+00	
					         2.40662	-7.00000e+00	
					         2.40829	-6.00000e+00	
					         2.40995	-6.00000e+00	
					         2.41162	-5.00000e+00	
					         2.41329	-5.00000e+00	
					         2.41495	-5.00000e+00	
					         2.41662	-5.00000e+00	
					         2.41829	-5.00000e+00	
					         2.41995	-5.00000e+00	
					         2.42162	-5.00000e+00	
					         2.42329	-5.00000e+00	
					         2.42495	-5.00000e+00	
					         2.42662	-5.00000e+00	
					         2.42829	-5.00000e+00	
					         2.42995	-5.00000e+00	
					         2.43162	-5.00000e+00	
					         2.43329	-5.00000e+00	
					         2.43495	-4.00000e+00	
					         2.43662	-4.00000e+00	
					         2.43829	-3.00000e+00	
					         2.43995	-2.00000e+00	
					         2.44162	-1.00000e+00	
					         2.44329	-1.00000e+00	
					         2.44495	0.00000e+00	
					         2.44662	1.00000e+00	
					         2.44829	1.00000e+00	
					         2.44995	2.00000e+00	
					         2.45162	3.00000e+00	
					         2.45329	3.00000e+00	
					         2.45495	4.00000e+00	
					         2.45662	4.00000e+00	
					         2.45829	4.00000e+00	
					         2.45995	4.00000e+00	
					         2.46162	4.00000e+00	
					         2.46329	4.00000e+00	
					         2.46495	4.00000e+00	
					         2.46662	5.00000e+00	
					         2.46829	5.00000e+00	
					         2.46995	5.00000e+00	
					         2.47162	6.00000e+00	
					         2.47329	6.00000e+00	
					         2.47495	7.00000e+00	
					         2.47662	7.00000e+00	
					         2.47829	8.00000e+00	
					         2.47995	9.00000e+00	
					         2.48162	1.10000e+01	
					         2.48329	1.30000e+01	
					         2.48495	1.60000e+01	
					         2.48662	2.00000e+01	
					         2.48829	2.60000e+01	
					         2.48995	3.30000e+01	
					         2.49162	4.10000e+01	
					         2.49329	5.20000e+01	
					         2.49495	6.50000e+01	
					         2.49662	8.00000e+01	
					         2.49829	9.80000e+01	
					         2.49995	1.18000e+02	
					         2.50162	1.41000e+02	
					         2.50329	1.65000e+02	
					         2.50495	1.90000e+02	
					         2.50662	2.15000e+02	
					         2.50829	2.39000e+02	
					         2.50995	2.60000e+02	
					         2.51162	2.77000e+02	
					         2.51329	2.87000e+02	
					         2.51495	2.90000e+02	
					         2.51662	2.84000e+02	
					         2.51829	2.70000e+02	
					         2.51995	2.48000e+02	
					         2.52162	2.19000e+02	
					         2.52329	1.83000e+02	
					         2.52495	1.42000e+02	
					         2.52662	9.70000e+01	
					         2.52829	5.00000e+01	
					         2.52995	4.00000e+00	
					         2.53162	-4.00000e+01	
					         2.53329	-8.00000e+01	
					         2.53495	-1.14000e+02	
					         2.53662	-1.41000e+02	
					         2.53829	-1.62000e+02	
					         2.53995	-1.76000e+02	
					         2.54162	-1.84000e+02	
					         2.54329	-1.86000e+02	
					         2.54495	-1.84000e+02	
					         2.54662	-1.77000e+02	
					         2.54829	-1.68000e+02	
					         2.54995	-1.57000e+02	
					         2.55162	-1.44000e+02	
					         2.55329	-1.30000e+02	
					         2.55495	-1.16000e+02	
					         2.55662	-1.03000e+02	
					         2.55829	-9.00000e+01	
					         2.55995	-7.80000e+01	
					         2.56162	-6.80000e+01	
					         2.56329	-5.80000e+01	
					         2.56495	-5.00000e+01	
