Grayscale intensity, in dB

Time (s) :	Trace 1 : 	Trace 2 : 	Trace 3 : 		Ecg : 		
0.00079   	-2.49838e+01	-4.96921e+01	-3.67641e+01		         0.00000	3.31000e+02	
0.02089   	-2.49627e+01	-4.53293e+01	-3.35104e+01		         0.00167	3.42000e+02	
0.04099   	-2.68782e+01	-4.65720e+01	-3.35779e+01		         0.00333	3.45000e+02	
0.06110   	-2.83399e+01	-5.44863e+01	-3.36434e+01		         0.00500	3.39000e+02	
0.08120   	-2.89129e+01	-5.31047e+01	-3.11786e+01		         0.00667	3.23000e+02	
0.10131   	-2.91074e+01	-5.12748e+01	-3.37806e+01		         0.00833	2.99000e+02	
0.12141   	-2.73055e+01	-4.65525e+01	-3.24332e+01		         0.01000	2.68000e+02	
0.14151   	-2.69102e+01	-4.12710e+01	-3.44593e+01		         0.01167	2.30000e+02	
0.16162   	-2.60245e+01	-3.75511e+01	-3.74523e+01		         0.01333	1.88000e+02	
0.18173   	-2.50726e+01	-3.83150e+01	-3.62230e+01		         0.01500	1.44000e+02	
0.20182   	-2.50030e+01	-4.03371e+01	-3.81995e+01		         0.01667	9.80000e+01	
0.22193   	-2.74269e+01	-4.02102e+01	-3.99941e+01		         0.01833	5.30000e+01	
0.24204   	-2.86753e+01	-4.55216e+01	-3.76362e+01		         0.02000	9.00000e+00	
0.26214   	-2.90955e+01	-4.89842e+01	-3.79349e+01		         0.02167	-3.20000e+01	
0.28225   	-2.96461e+01	-5.14666e+01	-3.77648e+01		         0.02333	-7.10000e+01	
0.30235   	-3.01931e+01	-5.13724e+01	-3.76423e+01		         0.02500	-1.05000e+02	
0.32245   	-3.10025e+01	-5.16594e+01	-3.87867e+01		         0.02667	-1.34000e+02	
0.34256   	-3.15438e+01	-5.23582e+01	-3.89437e+01		         0.02833	-1.59000e+02	
0.36266   	-3.15512e+01	-5.17429e+01	-4.08540e+01		         0.03000	-1.78000e+02	
0.38277   	-3.00137e+01	-5.01229e+01	-4.03188e+01		         0.03167	-1.91000e+02	
0.40287   	-2.88907e+01	-5.08632e+01	-4.10490e+01		         0.03333	-2.00000e+02	
0.42298   	-3.02286e+01	-5.33201e+01	-4.25813e+01		         0.03500	-2.03000e+02	
0.44308   	-3.20335e+01	-5.20936e+01	-4.29805e+01		         0.03667	-2.02000e+02	
0.46318   	-3.17999e+01	-5.05174e+01	-4.44740e+01		         0.03833	-1.98000e+02	
0.48329   	-3.19732e+01	-4.38132e+01	-4.57101e+01		         0.04000	-1.90000e+02	
0.50339   	-3.15976e+01	-4.34641e+01	-4.56076e+01		         0.04167	-1.80000e+02	
0.52350   	-2.88257e+01	-4.13295e+01	-4.57020e+01		         0.04333	-1.69000e+02	
0.54360   	-2.71651e+01	-4.05346e+01	-4.52671e+01		         0.04500	-1.56000e+02	
0.56370   	-2.66979e+01	-4.14291e+01	-4.58565e+01		         0.04667	-1.43000e+02	
0.58381   	-2.65486e+01	-3.90882e+01	-4.45467e+01		         0.04833	-1.30000e+02	
0.60391   	-2.61968e+01	-3.64486e+01	-4.44838e+01		         0.05000	-1.18000e+02	
0.62402   	-2.56776e+01	-3.56312e+01	-4.49629e+01		         0.05167	-1.06000e+02	
0.64412   	-2.59140e+01	-3.54985e+01	-4.51395e+01		         0.05333	-9.50000e+01	
0.66423   	-2.69130e+01	-3.62514e+01	-4.57927e+01		         0.05500	-8.60000e+01	
0.68433   	-2.66770e+01	-3.63154e+01	-4.57755e+01		         0.05667	-7.70000e+01	
0.70443   	-2.52533e+01	-4.04454e+01	-4.62474e+01		         0.05833	-6.90000e+01	
0.72454   	-2.58831e+01	-4.04722e+01	-4.54789e+01		         0.06000	-6.30000e+01	
0.74464   	-2.35207e+01	-4.09287e+01	-4.37840e+01		         0.06167	-5.70000e+01	
0.76475   	-2.25219e+01	-4.09560e+01	-4.07036e+01		         0.06333	-5.30000e+01	
0.78485   	-2.25138e+01	-4.12819e+01	-4.06578e+01		         0.06500	-4.90000e+01	
0.80498   	-2.33843e+01	-4.09571e+01	-4.05897e+01		         0.06667	-4.60000e+01	
0.82506   	-1.99601e+01	-4.08354e+01	-3.40492e+01		         0.06833	-4.30000e+01	
0.84517   	-2.15424e+01	-4.26418e+01	-3.24207e+01		         0.07000	-4.10000e+01	
0.86527   	-2.43243e+01	-4.09559e+01	-3.29409e+01		         0.07167	-3.90000e+01	
0.88537   	-2.47281e+01	-3.93350e+01	-3.05848e+01		         0.07333	-3.70000e+01	
0.90548   	-2.34456e+01	-3.61861e+01	-3.17024e+01		         0.07500	-3.60000e+01	
0.92558   	-2.39262e+01	-3.67402e+01	-3.10601e+01		         0.07667	-3.40000e+01	
0.94569   	-2.29717e+01	-3.70187e+01	-3.03170e+01		         0.07833	-3.30000e+01	
0.96579   	-2.25584e+01	-3.74755e+01	-3.29688e+01		         0.08000	-3.20000e+01	
0.98589   	-2.34245e+01	-3.76197e+01	-3.49511e+01		         0.08167	-3.10000e+01	
1.00600   	-2.82242e+01	-3.79796e+01	-3.74200e+01		         0.08333	-3.00000e+01	
1.02610   	-3.00182e+01	-4.13371e+01	-3.65192e+01		         0.08500	-2.90000e+01	
1.04621   	-3.08370e+01	-4.17192e+01	-3.95138e+01		         0.08667	-2.80000e+01	
1.06631   	-3.19546e+01	-4.50964e+01	-4.05330e+01		         0.08833	-2.70000e+01	
1.08642   	-3.23880e+01	-4.63637e+01	-4.25969e+01		         0.09000	-2.50000e+01	
1.10652   	-3.22491e+01	-4.72454e+01	-4.31411e+01		         0.09167	-2.40000e+01	
1.12663   	-3.24681e+01	-4.81504e+01	-4.43476e+01		         0.09333	-2.30000e+01	
1.14673   	-3.20263e+01	-4.88457e+01	-4.49440e+01		         0.09500	-2.10000e+01	
1.16683   	-3.14642e+01	-5.02351e+01	-4.38962e+01		         0.09667	-1.90000e+01	
1.18694   	-3.13162e+01	-4.81426e+01	-4.71596e+01		         0.09833	-1.70000e+01	
1.20704   	-3.21504e+01	-4.64582e+01	-4.50196e+01		         0.10000	-1.50000e+01	
1.22715   	-3.61222e+01	-4.77544e+01	-4.58729e+01		         0.10167	-1.30000e+01	
1.24725   	-3.88087e+01	-4.68930e+01	-4.77356e+01		         0.10333	-1.20000e+01	
1.26735   	-3.94843e+01	-4.53364e+01	-4.83537e+01		         0.10500	-1.00000e+01	
1.28746   	-3.85292e+01	-4.13790e+01	-4.83567e+01		         0.10667	-9.00000e+00	
1.30756   	-3.74541e+01	-4.08481e+01	-4.81036e+01		         0.10833	-8.00000e+00	
1.32767   	-3.41861e+01	-3.80884e+01	-4.68840e+01		         0.11000	-7.00000e+00	
1.34777   	-3.11955e+01	-3.94596e+01	-4.63686e+01		         0.11167	-6.00000e+00	
1.36788   	-2.90480e+01	-3.77089e+01	-4.66304e+01		         0.11333	-6.00000e+00	
1.38798   	-2.75990e+01	-3.71950e+01	-4.67853e+01		         0.11500	-6.00000e+00	
1.40809   	-2.71455e+01	-3.36625e+01	-4.63350e+01		         0.11667	-6.00000e+00	
1.42819   	-2.62803e+01	-3.33156e+01	-4.63553e+01		         0.11833	-6.00000e+00	
1.44829   	-2.61349e+01	-3.32003e+01	-4.54584e+01		         0.12000	-6.00000e+00	
1.46840   	-2.63334e+01	-3.40525e+01	-4.56777e+01		         0.12167	-6.00000e+00	
1.48850   	-2.66921e+01	-3.46248e+01	-4.65055e+01		         0.12333	-5.00000e+00	
1.50861   	-2.60498e+01	-3.48543e+01	-4.61276e+01		         0.12500	-5.00000e+00	
1.52871   	-2.52886e+01	-3.65227e+01	-4.60886e+01		         0.12667	-4.00000e+00	
1.54881   	-2.51785e+01	-3.86905e+01	-4.59145e+01		         0.12833	-3.00000e+00	
1.56892   	-2.41660e+01	-4.04916e+01	-4.50707e+01		         0.13000	-1.00000e+00	
1.58902   	-2.31556e+01	-4.09537e+01	-4.48030e+01		         0.13167	0.00000e+00	
1.60913   	-2.18569e+01	-4.21302e+01	-4.41850e+01		         0.13333	2.00000e+00	
1.62923   	-2.11074e+01	-4.06800e+01	-3.74792e+01		         0.13500	3.00000e+00	
1.64933   	-2.06807e+01	-4.17361e+01	-3.44876e+01		         0.13667	5.00000e+00	
1.66944   	-2.38554e+01	-4.07388e+01	-3.34740e+01		         0.13833	6.00000e+00	
1.68954   	-2.45205e+01	-3.88679e+01	-3.35327e+01		         0.14000	7.00000e+00	
1.70965   	-2.46352e+01	-3.82684e+01	-3.09311e+01		         0.14167	8.00000e+00	
1.72975   	-2.38972e+01	-3.60734e+01	-3.10103e+01		         0.14333	9.00000e+00	
1.74986   	-2.30197e+01	-3.71335e+01	-3.17569e+01		         0.14500	1.00000e+01	
1.76996   	-2.30638e+01	-3.67662e+01	-3.00482e+01		         0.14667	1.10000e+01	
1.79007   	-2.39510e+01	-3.72258e+01	-3.34915e+01		         0.14833	1.10000e+01	
1.81017   	-2.60994e+01	-3.86265e+01	-3.47152e+01		         0.15000	1.20000e+01	
1.83027   	-2.99164e+01	-3.97065e+01	-3.67324e+01		         0.15167	1.30000e+01	
1.85071   	-3.03811e+01	-4.26261e+01	-3.67109e+01		         0.15333	1.40000e+01	
1.87049   	-3.17392e+01	-4.64999e+01	-3.67737e+01		         0.15500	1.40000e+01	
1.89059   	-3.27010e+01	-4.76883e+01	-3.79302e+01		         0.15667	1.50000e+01	
1.91069   	-3.26769e+01	-4.85943e+01	-3.98786e+01		         0.15833	1.60000e+01	
1.93079   	-3.25777e+01	-4.92387e+01	-4.12470e+01		         0.16000	1.70000e+01	
1.95090   	-3.25434e+01	-5.06831e+01	-4.26621e+01		         0.16167	1.80000e+01	
1.97100   	-3.27847e+01	-5.03125e+01	-4.34399e+01		         0.16333	1.90000e+01	
1.99111   	-3.09482e+01	-5.05745e+01	-4.13257e+01		         0.16500	2.10000e+01	
2.01121   	-3.02823e+01	-4.71042e+01	-4.22004e+01		         0.16667	2.20000e+01	
2.03131   	-3.02625e+01	-4.99689e+01	-4.09252e+01		         0.16833	2.30000e+01	
2.05142   	-3.22922e+01	-4.90989e+01	-4.33026e+01		         0.17000	2.40000e+01	
2.07152   	-3.15082e+01	-4.81152e+01	-4.47656e+01		         0.17167	2.50000e+01	
2.09163   	-3.12566e+01	-4.69530e+01	-4.51971e+01		         0.17333	2.60000e+01	
2.11173   	-3.07592e+01	-4.21780e+01	-4.51480e+01		         0.17500	2.70000e+01	
2.13183   	-2.96754e+01	-4.14852e+01	-4.52748e+01		         0.17667	2.80000e+01	
2.15194   	-2.87139e+01	-4.33548e+01	-4.39850e+01		         0.17833	2.90000e+01	
2.17205   	-2.72932e+01	-4.51555e+01	-4.46142e+01		         0.18000	3.00000e+01	
2.19215   	-2.65766e+01	-4.28665e+01	-4.43115e+01		         0.18167	3.10000e+01	
2.21225   	-2.62991e+01	-4.13859e+01	-4.51716e+01		         0.18333	3.20000e+01	
2.23254   	-2.59779e+01	-4.12839e+01	-4.49216e+01		         0.18500	3.30000e+01	
2.25246   	-2.56792e+01	-4.10333e+01	-4.39986e+01		         0.18667	3.50000e+01	
2.27257   	-2.59309e+01	-4.15758e+01	-4.45040e+01		         0.18833	3.60000e+01	
2.29267   	-2.53881e+01	-4.29557e+01	-4.46324e+01		         0.19000	3.80000e+01	
2.31277   	-2.48757e+01	-4.30894e+01	-4.53233e+01		         0.19167	4.00000e+01	
2.33289   	-2.45969e+01	-4.46157e+01	-4.55470e+01		         0.19333	4.20000e+01	
2.35298   	-2.45084e+01	-4.66013e+01	-4.51230e+01		         0.19500	4.50000e+01	
2.37309   	-2.44185e+01	-4.70998e+01	-4.55859e+01		         0.19667	4.70000e+01	
2.39319   	-2.47811e+01	-4.86275e+01	-4.65737e+01		         0.19833	5.00000e+01	
2.41330   	-2.55053e+01	-5.21891e+01	-4.49194e+01		         0.20000	5.30000e+01	
2.43340   	-2.65423e+01	-5.35653e+01	-4.32878e+01		         0.20167	5.60000e+01	
2.45351   	-2.80295e+01	-5.18889e+01	-3.96740e+01		         0.20333	5.90000e+01	
2.47361   	-3.00875e+01	-5.08522e+01	-3.83606e+01		         0.20500	6.20000e+01	
2.49371   	-3.04045e+01	-4.81908e+01	-3.65453e+01		         0.20667	6.50000e+01	
2.51382   	-2.96319e+01	-4.77341e+01	-3.56444e+01		         0.20833	6.80000e+01	
2.53392   	-2.93869e+01	-4.68953e+01	-3.51240e+01		         0.21000	7.10000e+01	
					         0.21167	7.40000e+01	
					         0.21333	7.60000e+01	
					         0.21500	7.80000e+01	
					         0.21667	8.00000e+01	
					         0.21833	8.10000e+01	
					         0.22000	8.20000e+01	
					         0.22167	8.20000e+01	
					         0.22333	8.30000e+01	
					         0.22500	8.30000e+01	
					         0.22667	8.30000e+01	
					         0.22833	8.30000e+01	
					         0.23000	8.20000e+01	
					         0.23167	8.20000e+01	
					         0.23333	8.10000e+01	
					         0.23500	8.00000e+01	
					         0.23667	7.90000e+01	
					         0.23833	7.80000e+01	
					         0.24000	7.70000e+01	
					         0.24167	7.50000e+01	
					         0.24333	7.40000e+01	
					         0.24500	7.30000e+01	
					         0.24667	7.10000e+01	
					         0.24833	7.00000e+01	
					         0.25000	6.80000e+01	
					         0.25167	6.70000e+01	
					         0.25333	6.60000e+01	
					         0.25500	6.50000e+01	
					         0.25667	6.40000e+01	
					         0.25833	6.30000e+01	
					         0.26000	6.20000e+01	
					         0.26167	6.10000e+01	
					         0.26333	6.00000e+01	
					         0.26500	5.80000e+01	
					         0.26667	5.60000e+01	
					         0.26833	5.40000e+01	
					         0.27000	5.10000e+01	
					         0.27167	4.80000e+01	
					         0.27333	4.50000e+01	
					         0.27500	4.00000e+01	
					         0.27667	3.60000e+01	
					         0.27833	3.10000e+01	
					         0.28000	2.60000e+01	
					         0.28167	2.00000e+01	
					         0.28333	1.40000e+01	
					         0.28500	8.00000e+00	
					         0.28667	3.00000e+00	
					         0.28833	-3.00000e+00	
					         0.29000	-8.00000e+00	
					         0.29167	-1.30000e+01	
					         0.29333	-1.70000e+01	
					         0.29500	-2.20000e+01	
					         0.29667	-2.60000e+01	
					         0.29833	-3.00000e+01	
					         0.30000	-3.30000e+01	
					         0.30167	-3.60000e+01	
					         0.30333	-3.90000e+01	
					         0.30500	-4.10000e+01	
					         0.30667	-4.30000e+01	
					         0.30833	-4.50000e+01	
					         0.31000	-4.70000e+01	
					         0.31167	-4.90000e+01	
					         0.31333	-5.10000e+01	
					         0.31500	-5.20000e+01	
					         0.31667	-5.30000e+01	
					         0.31833	-5.40000e+01	
					         0.32000	-5.50000e+01	
					         0.32167	-5.60000e+01	
					         0.32333	-5.70000e+01	
					         0.32500	-5.80000e+01	
					         0.32667	-5.90000e+01	
					         0.32833	-6.00000e+01	
					         0.33000	-6.00000e+01	
					         0.33167	-6.10000e+01	
					         0.33333	-6.20000e+01	
					         0.33500	-6.20000e+01	
					         0.33667	-6.30000e+01	
					         0.33833	-6.40000e+01	
					         0.34000	-6.40000e+01	
					         0.34167	-6.40000e+01	
					         0.34333	-6.40000e+01	
					         0.34500	-6.40000e+01	
					         0.34667	-6.30000e+01	
					         0.34833	-6.20000e+01	
					         0.35000	-6.00000e+01	
					         0.35167	-5.80000e+01	
					         0.35333	-5.60000e+01	
					         0.35500	-5.30000e+01	
					         0.35667	-5.10000e+01	
					         0.35833	-4.80000e+01	
					         0.36000	-4.50000e+01	
					         0.36167	-4.20000e+01	
					         0.36333	-4.00000e+01	
					         0.36500	-3.80000e+01	
					         0.36667	-3.70000e+01	
					         0.36833	-3.60000e+01	
					         0.37000	-3.60000e+01	
					         0.37167	-3.60000e+01	
					         0.37333	-3.50000e+01	
					         0.37500	-3.50000e+01	
					         0.37667	-3.50000e+01	
					         0.37833	-3.40000e+01	
					         0.38000	-3.40000e+01	
					         0.38167	-3.30000e+01	
					         0.38333	-3.20000e+01	
					         0.38500	-3.10000e+01	
					         0.38667	-2.90000e+01	
					         0.38833	-2.70000e+01	
					         0.39000	-2.60000e+01	
					         0.39167	-2.40000e+01	
					         0.39333	-2.20000e+01	
					         0.39500	-2.10000e+01	
					         0.39667	-2.00000e+01	
					         0.39833	-1.90000e+01	
					         0.40000	-1.90000e+01	
					         0.40167	-1.90000e+01	
					         0.40333	-1.90000e+01	
					         0.40500	-1.90000e+01	
					         0.40667	-2.00000e+01	
					         0.40833	-2.00000e+01	
					         0.41000	-2.00000e+01	
					         0.41167	-1.90000e+01	
					         0.41333	-1.90000e+01	
					         0.41500	-1.70000e+01	
					         0.41667	-1.60000e+01	
					         0.41833	-1.40000e+01	
					         0.42000	-1.20000e+01	
					         0.42167	-9.00000e+00	
					         0.42333	-7.00000e+00	
					         0.42500	-4.00000e+00	
					         0.42667	-2.00000e+00	
					         0.42833	0.00000e+00	
					         0.43000	2.00000e+00	
					         0.43167	3.00000e+00	
					         0.43333	4.00000e+00	
					         0.43500	4.00000e+00	
					         0.43667	5.00000e+00	
					         0.43833	5.00000e+00	
					         0.44000	5.00000e+00	
					         0.44167	5.00000e+00	
					         0.44333	5.00000e+00	
					         0.44500	5.00000e+00	
					         0.44667	5.00000e+00	
					         0.44833	5.00000e+00	
					         0.45000	5.00000e+00	
					         0.45167	5.00000e+00	
					         0.45333	5.00000e+00	
					         0.45500	5.00000e+00	
					         0.45667	5.00000e+00	
					         0.45833	4.00000e+00	
					         0.46000	4.00000e+00	
					         0.46167	4.00000e+00	
					         0.46333	3.00000e+00	
					         0.46500	2.00000e+00	
					         0.46667	2.00000e+00	
					         0.46833	1.00000e+00	
					         0.47000	1.00000e+00	
					         0.47167	0.00000e+00	
					         0.47333	-1.00000e+00	
					         0.47500	-2.00000e+00	
					         0.47667	-3.00000e+00	
					         0.47833	-4.00000e+00	
					         0.48000	-5.00000e+00	
					         0.48167	-6.00000e+00	
					         0.48333	-7.00000e+00	
					         0.48500	-7.00000e+00	
					         0.48667	-8.00000e+00	
					         0.48833	-8.00000e+00	
					         0.49000	-9.00000e+00	
					         0.49167	-9.00000e+00	
					         0.49333	-9.00000e+00	
					         0.49500	-9.00000e+00	
					         0.49667	-9.00000e+00	
					         0.49833	-8.00000e+00	
					         0.50000	-8.00000e+00	
					         0.50167	-9.00000e+00	
					         0.50333	-9.00000e+00	
					         0.50500	-9.00000e+00	
					         0.50667	-1.00000e+01	
					         0.50833	-1.00000e+01	
					         0.51000	-1.10000e+01	
					         0.51167	-1.10000e+01	
					         0.51333	-1.20000e+01	
					         0.51500	-1.20000e+01	
					         0.51667	-1.30000e+01	
					         0.51833	-1.30000e+01	
					         0.52000	-1.30000e+01	
					         0.52167	-1.30000e+01	
					         0.52333	-1.40000e+01	
					         0.52500	-1.40000e+01	
					         0.52667	-1.50000e+01	
					         0.52833	-1.50000e+01	
					         0.53000	-1.60000e+01	
					         0.53167	-1.70000e+01	
					         0.53333	-1.70000e+01	
					         0.53500	-1.80000e+01	
					         0.53667	-1.90000e+01	
					         0.53833	-1.90000e+01	
					         0.54000	-2.00000e+01	
					         0.54167	-2.00000e+01	
					         0.54333	-2.00000e+01	
					         0.54500	-2.00000e+01	
					         0.54667	-2.00000e+01	
					         0.54833	-2.00000e+01	
					         0.55000	-2.00000e+01	
					         0.55167	-1.90000e+01	
					         0.55333	-1.90000e+01	
					         0.55500	-1.80000e+01	
					         0.55667	-1.70000e+01	
					         0.55833	-1.50000e+01	
					         0.56000	-1.40000e+01	
					         0.56167	-1.20000e+01	
					         0.56333	-1.00000e+01	
					         0.56500	-8.00000e+00	
					         0.56667	-6.00000e+00	
					         0.56833	-3.00000e+00	
					         0.57000	0.00000e+00	
					         0.57167	2.00000e+00	
					         0.57333	5.00000e+00	
					         0.57500	8.00000e+00	
					         0.57667	1.10000e+01	
					         0.57833	1.30000e+01	
					         0.58000	1.60000e+01	
					         0.58167	1.80000e+01	
					         0.58333	2.00000e+01	
					         0.58500	2.30000e+01	
					         0.58667	2.60000e+01	
					         0.58833	2.80000e+01	
					         0.59000	3.10000e+01	
					         0.59167	3.40000e+01	
					         0.59333	3.60000e+01	
					         0.59500	4.00000e+01	
					         0.59667	4.30000e+01	
					         0.59833	4.60000e+01	
					         0.60000	5.00000e+01	
					         0.60167	5.40000e+01	
					         0.60333	5.90000e+01	
					         0.60500	6.30000e+01	
					         0.60667	6.70000e+01	
					         0.60833	7.20000e+01	
					         0.61000	7.60000e+01	
					         0.61167	8.00000e+01	
					         0.61333	8.40000e+01	
					         0.61500	8.80000e+01	
					         0.61667	9.20000e+01	
					         0.61833	9.50000e+01	
					         0.62000	9.80000e+01	
					         0.62167	1.01000e+02	
					         0.62333	1.02000e+02	
					         0.62500	1.03000e+02	
					         0.62667	1.02000e+02	
					         0.62833	1.01000e+02	
					         0.63000	9.80000e+01	
					         0.63167	9.50000e+01	
					         0.63333	9.20000e+01	
					         0.63500	8.70000e+01	
					         0.63667	8.20000e+01	
					         0.63833	7.60000e+01	
					         0.64000	6.90000e+01	
					         0.64167	6.20000e+01	
					         0.64333	5.50000e+01	
					         0.64500	4.80000e+01	
					         0.64667	4.10000e+01	
					         0.64833	3.40000e+01	
					         0.65000	2.70000e+01	
					         0.65167	1.90000e+01	
					         0.65333	1.20000e+01	
					         0.65500	4.00000e+00	
					         0.65667	-4.00000e+00	
					         0.65833	-1.10000e+01	
					         0.66000	-1.90000e+01	
					         0.66167	-2.60000e+01	
					         0.66333	-3.30000e+01	
					         0.66500	-4.00000e+01	
					         0.66667	-4.60000e+01	
					         0.66833	-5.20000e+01	
					         0.67000	-5.70000e+01	
					         0.67167	-6.20000e+01	
					         0.67333	-6.60000e+01	
					         0.67500	-6.90000e+01	
					         0.67667	-7.20000e+01	
					         0.67833	-7.50000e+01	
					         0.68000	-7.70000e+01	
					         0.68167	-7.90000e+01	
					         0.68333	-8.10000e+01	
					         0.68500	-8.20000e+01	
					         0.68667	-8.30000e+01	
					         0.68833	-8.40000e+01	
					         0.69000	-8.50000e+01	
					         0.69167	-8.60000e+01	
					         0.69333	-8.60000e+01	
					         0.69500	-8.60000e+01	
					         0.69667	-8.50000e+01	
					         0.69833	-8.50000e+01	
					         0.70000	-8.40000e+01	
					         0.70167	-8.30000e+01	
					         0.70333	-8.10000e+01	
					         0.70500	-8.00000e+01	
					         0.70667	-7.80000e+01	
					         0.70833	-7.70000e+01	
					         0.71000	-7.50000e+01	
					         0.71167	-7.20000e+01	
					         0.71333	-7.00000e+01	
					         0.71500	-6.80000e+01	
					         0.71667	-6.60000e+01	
					         0.71833	-6.50000e+01	
					         0.72000	-6.30000e+01	
					         0.72167	-6.20000e+01	
					         0.72333	-6.00000e+01	
					         0.72500	-6.00000e+01	
					         0.72667	-5.90000e+01	
					         0.72833	-5.80000e+01	
					         0.73000	-5.80000e+01	
					         0.73167	-5.70000e+01	
					         0.73333	-5.70000e+01	
					         0.73500	-5.60000e+01	
					         0.73667	-5.50000e+01	
					         0.73833	-5.50000e+01	
					         0.74000	-5.40000e+01	
					         0.74167	-5.30000e+01	
					         0.74333	-5.20000e+01	
					         0.74500	-5.00000e+01	
					         0.74667	-4.90000e+01	
					         0.74833	-4.80000e+01	
					         0.75000	-4.60000e+01	
					         0.75167	-4.50000e+01	
					         0.75333	-4.30000e+01	
					         0.75500	-4.20000e+01	
					         0.75667	-4.00000e+01	
					         0.75833	-3.80000e+01	
					         0.76000	-3.60000e+01	
					         0.76167	-3.30000e+01	
					         0.76333	-2.90000e+01	
					         0.76500	-2.40000e+01	
					         0.76667	-1.90000e+01	
					         0.76833	-1.30000e+01	
					         0.77000	-6.00000e+00	
					         0.77167	1.00000e+00	
					         0.77333	8.00000e+00	
					         0.77500	1.70000e+01	
					         0.77667	2.60000e+01	
					         0.77833	3.60000e+01	
					         0.78000	4.80000e+01	
					         0.78167	6.40000e+01	
					         0.78333	8.30000e+01	
					         0.78500	1.07000e+02	
					         0.78667	1.33000e+02	
					         0.78833	1.61000e+02	
					         0.79000	1.90000e+02	
					         0.79167	2.17000e+02	
					         0.79333	2.44000e+02	
					         0.79500	2.67000e+02	
					         0.79667	2.86000e+02	
					         0.79833	2.99000e+02	
					         0.80000	3.07000e+02	
					         0.80167	3.06000e+02	
					         0.80333	2.97000e+02	
					         0.80500	2.79000e+02	
					         0.80667	2.53000e+02	
					         0.80833	2.21000e+02	
					         0.81000	1.83000e+02	
					         0.81167	1.42000e+02	
					         0.81333	9.80000e+01	
					         0.81500	5.50000e+01	
					         0.81667	1.20000e+01	
					         0.81833	-2.90000e+01	
					         0.82000	-6.70000e+01	
					         0.82167	-1.02000e+02	
					         0.82333	-1.32000e+02	
					         0.82500	-1.57000e+02	
					         0.82667	-1.78000e+02	
					         0.82833	-1.93000e+02	
					         0.83000	-2.02000e+02	
					         0.83167	-2.07000e+02	
					         0.83333	-2.07000e+02	
					         0.83500	-2.03000e+02	
					         0.83667	-1.96000e+02	
					         0.83833	-1.86000e+02	
					         0.84000	-1.74000e+02	
					         0.84167	-1.60000e+02	
					         0.84333	-1.47000e+02	
					         0.84500	-1.33000e+02	
					         0.84667	-1.19000e+02	
					         0.84833	-1.07000e+02	
					         0.85000	-9.50000e+01	
					         0.85167	-8.50000e+01	
					         0.85333	-7.60000e+01	
					         0.85500	-6.80000e+01	
					         0.85667	-6.10000e+01	
					         0.85833	-5.50000e+01	
					         0.86000	-4.90000e+01	
					         0.86167	-4.50000e+01	
					         0.86333	-4.10000e+01	
					         0.86500	-3.80000e+01	
					         0.86667	-3.60000e+01	
					         0.86833	-3.40000e+01	
					         0.87000	-3.20000e+01	
					         0.87167	-3.00000e+01	
					         0.87333	-2.90000e+01	
					         0.87500	-2.80000e+01	
					         0.87667	-2.60000e+01	
					         0.87833	-2.50000e+01	
					         0.88000	-2.50000e+01	
					         0.88167	-2.40000e+01	
					         0.88333	-2.30000e+01	
					         0.88500	-2.20000e+01	
					         0.88667	-2.10000e+01	
					         0.88833	-2.00000e+01	
					         0.89000	-1.90000e+01	
					         0.89167	-1.80000e+01	
					         0.89333	-1.70000e+01	
					         0.89500	-1.70000e+01	
					         0.89667	-1.60000e+01	
					         0.89833	-1.50000e+01	
					         0.90000	-1.50000e+01	
					         0.90167	-1.40000e+01	
					         0.90333	-1.40000e+01	
					         0.90500	-1.30000e+01	
					         0.90667	-1.20000e+01	
					         0.90833	-1.20000e+01	
					         0.91000	-1.10000e+01	
					         0.91167	-1.00000e+01	
					         0.91333	-9.00000e+00	
					         0.91500	-8.00000e+00	
					         0.91667	-7.00000e+00	
					         0.91833	-5.00000e+00	
					         0.92000	-4.00000e+00	
					         0.92167	-3.00000e+00	
					         0.92333	-2.00000e+00	
					         0.92500	-1.00000e+00	
					         0.92667	0.00000e+00	
					         0.92833	1.00000e+00	
					         0.93000	2.00000e+00	
					         0.93167	3.00000e+00	
					         0.93333	4.00000e+00	
					         0.93500	5.00000e+00	
					         0.93667	6.00000e+00	
					         0.93833	7.00000e+00	
					         0.94000	8.00000e+00	
					         0.94167	9.00000e+00	
					         0.94333	1.00000e+01	
					         0.94500	1.10000e+01	
					         0.94667	1.30000e+01	
					         0.94833	1.40000e+01	
					         0.95000	1.60000e+01	
					         0.95167	1.80000e+01	
					         0.95333	2.00000e+01	
					         0.95500	2.10000e+01	
					         0.95667	2.30000e+01	
					         0.95833	2.50000e+01	
					         0.96000	2.60000e+01	
					         0.96167	2.70000e+01	
					         0.96333	2.80000e+01	
					         0.96500	2.90000e+01	
					         0.96667	3.00000e+01	
					         0.96833	3.10000e+01	
					         0.97000	3.20000e+01	
					         0.97167	3.30000e+01	
					         0.97333	3.30000e+01	
					         0.97500	3.40000e+01	
					         0.97667	3.50000e+01	
					         0.97833	3.60000e+01	
					         0.98000	3.70000e+01	
					         0.98167	3.80000e+01	
					         0.98333	3.90000e+01	
					         0.98500	4.00000e+01	
					         0.98667	4.20000e+01	
					         0.98833	4.40000e+01	
					         0.99000	4.50000e+01	
					         0.99167	4.70000e+01	
					         0.99333	4.90000e+01	
					         0.99500	5.10000e+01	
					         0.99667	5.20000e+01	
					         0.99833	5.40000e+01	
					         1.00000	5.60000e+01	
					         1.00167	5.80000e+01	
					         1.00333	6.00000e+01	
					         1.00500	6.10000e+01	
					         1.00667	6.30000e+01	
					         1.00833	6.40000e+01	
					         1.01000	6.50000e+01	
					         1.01167	6.70000e+01	
					         1.01333	6.80000e+01	
					         1.01500	7.00000e+01	
					         1.01667	7.20000e+01	
					         1.01833	7.30000e+01	
					         1.02000	7.40000e+01	
					         1.02167	7.60000e+01	
					         1.02333	7.70000e+01	
					         1.02500	7.70000e+01	
					         1.02667	7.80000e+01	
					         1.02833	7.80000e+01	
					         1.03000	7.80000e+01	
					         1.03167	7.80000e+01	
					         1.03333	7.80000e+01	
					         1.03500	7.70000e+01	
					         1.03667	7.50000e+01	
					         1.03833	7.40000e+01	
					         1.04000	7.30000e+01	
					         1.04167	7.20000e+01	
					         1.04333	7.10000e+01	
					         1.04500	7.00000e+01	
					         1.04667	6.90000e+01	
					         1.04833	6.80000e+01	
					         1.05000	6.70000e+01	
					         1.05167	6.60000e+01	
					         1.05333	6.50000e+01	
					         1.05500	6.30000e+01	
					         1.05667	6.20000e+01	
					         1.05833	5.90000e+01	
					         1.06000	5.70000e+01	
					         1.06167	5.40000e+01	
					         1.06333	5.10000e+01	
					         1.06500	4.70000e+01	
					         1.06667	4.20000e+01	
					         1.06833	3.80000e+01	
					         1.07000	3.30000e+01	
					         1.07167	2.90000e+01	
					         1.07333	2.40000e+01	
					         1.07500	1.90000e+01	
					         1.07667	1.50000e+01	
					         1.07833	1.10000e+01	
					         1.08000	7.00000e+00	
					         1.08167	3.00000e+00	
					         1.08333	0.00000e+00	
					         1.08500	-3.00000e+00	
					         1.08667	-6.00000e+00	
					         1.08833	-9.00000e+00	
					         1.09000	-1.20000e+01	
					         1.09167	-1.40000e+01	
					         1.09333	-1.70000e+01	
					         1.09500	-2.00000e+01	
					         1.09667	-2.40000e+01	
					         1.09833	-2.70000e+01	
					         1.10000	-3.00000e+01	
					         1.10167	-3.40000e+01	
					         1.10333	-3.70000e+01	
					         1.10500	-4.10000e+01	
					         1.10667	-4.40000e+01	
					         1.10833	-4.70000e+01	
					         1.11000	-5.00000e+01	
					         1.11167	-5.20000e+01	
					         1.11333	-5.40000e+01	
					         1.11500	-5.60000e+01	
					         1.11667	-5.70000e+01	
					         1.11833	-5.80000e+01	
					         1.12000	-5.90000e+01	
					         1.12167	-5.90000e+01	
					         1.12333	-5.90000e+01	
					         1.12500	-5.90000e+01	
					         1.12667	-5.90000e+01	
					         1.12833	-5.90000e+01	
					         1.13000	-5.90000e+01	
					         1.13167	-5.90000e+01	
					         1.13333	-5.90000e+01	
					         1.13500	-5.90000e+01	
					         1.13667	-5.90000e+01	
					         1.13833	-5.90000e+01	
					         1.14000	-5.90000e+01	
					         1.14167	-5.90000e+01	
					         1.14333	-5.80000e+01	
					         1.14500	-5.80000e+01	
					         1.14667	-5.80000e+01	
					         1.14833	-5.80000e+01	
					         1.15000	-5.80000e+01	
					         1.15167	-5.70000e+01	
					         1.15333	-5.60000e+01	
					         1.15500	-5.50000e+01	
					         1.15667	-5.40000e+01	
					         1.15833	-5.30000e+01	
					         1.16000	-5.10000e+01	
					         1.16167	-4.90000e+01	
					         1.16333	-4.70000e+01	
					         1.16500	-4.50000e+01	
					         1.16667	-4.20000e+01	
					         1.16833	-4.00000e+01	
					         1.17000	-3.80000e+01	
					         1.17167	-3.60000e+01	
					         1.17333	-3.40000e+01	
					         1.17500	-3.20000e+01	
					         1.17667	-3.00000e+01	
					         1.17833	-2.90000e+01	
					         1.18000	-2.70000e+01	
					         1.18167	-2.60000e+01	
					         1.18333	-2.50000e+01	
					         1.18500	-2.40000e+01	
					         1.18667	-2.30000e+01	
					         1.18833	-2.10000e+01	
					         1.19000	-2.00000e+01	
					         1.19167	-1.90000e+01	
					         1.19333	-1.80000e+01	
					         1.19500	-1.70000e+01	
					         1.19667	-1.60000e+01	
					         1.19833	-1.50000e+01	
					         1.20000	-1.40000e+01	
					         1.20167	-1.30000e+01	
					         1.20333	-1.20000e+01	
					         1.20500	-1.20000e+01	
					         1.20667	-1.10000e+01	
					         1.20833	-1.00000e+01	
					         1.21000	-9.00000e+00	
					         1.21167	-9.00000e+00	
					         1.21333	-8.00000e+00	
					         1.21500	-7.00000e+00	
					         1.21667	-7.00000e+00	
					         1.21833	-6.00000e+00	
					         1.22000	-6.00000e+00	
					         1.22167	-5.00000e+00	
					         1.22333	-5.00000e+00	
					         1.22500	-4.00000e+00	
					         1.22667	-4.00000e+00	
					         1.22833	-3.00000e+00	
					         1.23000	-2.00000e+00	
					         1.23167	-2.00000e+00	
					         1.23333	-1.00000e+00	
					         1.23500	-1.00000e+00	
					         1.23667	0.00000e+00	
					         1.23833	0.00000e+00	
					         1.24000	0.00000e+00	
					         1.24167	1.00000e+00	
					         1.24333	1.00000e+00	
					         1.24500	0.00000e+00	
					         1.24667	0.00000e+00	
					         1.24833	0.00000e+00	
					         1.25000	0.00000e+00	
					         1.25167	-1.00000e+00	
					         1.25333	-1.00000e+00	
					         1.25500	-1.00000e+00	
					         1.25667	-2.00000e+00	
					         1.25833	-3.00000e+00	
					         1.26000	-3.00000e+00	
					         1.26167	-4.00000e+00	
					         1.26333	-4.00000e+00	
					         1.26500	-4.00000e+00	
					         1.26667	-4.00000e+00	
					         1.26833	-4.00000e+00	
					         1.27000	-5.00000e+00	
					         1.27167	-5.00000e+00	
					         1.27333	-5.00000e+00	
					         1.27500	-5.00000e+00	
					         1.27667	-6.00000e+00	
					         1.27833	-6.00000e+00	
					         1.28000	-7.00000e+00	
					         1.28167	-7.00000e+00	
					         1.28333	-8.00000e+00	
					         1.28500	-8.00000e+00	
					         1.28667	-9.00000e+00	
					         1.28833	-9.00000e+00	
					         1.29000	-1.00000e+01	
					         1.29167	-1.10000e+01	
					         1.29333	-1.20000e+01	
					         1.29500	-1.20000e+01	
					         1.29667	-1.30000e+01	
					         1.29833	-1.40000e+01	
					         1.30000	-1.50000e+01	
					         1.30167	-1.60000e+01	
					         1.30333	-1.60000e+01	
					         1.30500	-1.70000e+01	
					         1.30667	-1.70000e+01	
					         1.30833	-1.70000e+01	
					         1.31000	-1.70000e+01	
					         1.31167	-1.70000e+01	
					         1.31333	-1.70000e+01	
					         1.31500	-1.60000e+01	
					         1.31667	-1.60000e+01	
					         1.31833	-1.50000e+01	
					         1.32000	-1.50000e+01	
					         1.32167	-1.40000e+01	
					         1.32333	-1.40000e+01	
					         1.32500	-1.40000e+01	
					         1.32667	-1.40000e+01	
					         1.32833	-1.40000e+01	
					         1.33000	-1.40000e+01	
					         1.33167	-1.50000e+01	
					         1.33333	-1.50000e+01	
					         1.33500	-1.60000e+01	
					         1.33667	-1.60000e+01	
					         1.33833	-1.70000e+01	
					         1.34000	-1.70000e+01	
					         1.34167	-1.80000e+01	
					         1.34333	-1.80000e+01	
					         1.34500	-1.80000e+01	
					         1.34667	-1.80000e+01	
					         1.34833	-1.80000e+01	
					         1.35000	-1.80000e+01	
					         1.35167	-1.80000e+01	
					         1.35333	-1.80000e+01	
					         1.35500	-1.80000e+01	
					         1.35667	-1.80000e+01	
					         1.35833	-1.80000e+01	
					         1.36000	-1.80000e+01	
					         1.36167	-1.80000e+01	
					         1.36333	-1.80000e+01	
					         1.36500	-1.80000e+01	
					         1.36667	-1.80000e+01	
					         1.36833	-1.80000e+01	
					         1.37000	-1.80000e+01	
					         1.37167	-1.80000e+01	
					         1.37333	-1.80000e+01	
					         1.37500	-1.80000e+01	
					         1.37667	-1.80000e+01	
					         1.37833	-1.70000e+01	
					         1.38000	-1.70000e+01	
					         1.38167	-1.70000e+01	
					         1.38333	-1.60000e+01	
					         1.38500	-1.60000e+01	
					         1.38667	-1.50000e+01	
					         1.38833	-1.30000e+01	
					         1.39000	-1.10000e+01	
					         1.39167	-9.00000e+00	
					         1.39333	-7.00000e+00	
					         1.39500	-4.00000e+00	
					         1.39667	-1.00000e+00	
					         1.39833	3.00000e+00	
					         1.40000	7.00000e+00	
					         1.40167	1.10000e+01	
					         1.40333	1.50000e+01	
					         1.40500	1.90000e+01	
					         1.40667	2.30000e+01	
					         1.40833	2.70000e+01	
					         1.41000	3.10000e+01	
					         1.41167	3.40000e+01	
					         1.41333	3.70000e+01	
					         1.41500	4.00000e+01	
					         1.41667	4.20000e+01	
					         1.41833	4.40000e+01	
					         1.42000	4.60000e+01	
					         1.42167	4.90000e+01	
					         1.42333	5.10000e+01	
					         1.42500	5.40000e+01	
					         1.42667	5.60000e+01	
					         1.42833	5.90000e+01	
					         1.43000	6.30000e+01	
					         1.43167	6.60000e+01	
					         1.43333	7.00000e+01	
					         1.43500	7.40000e+01	
					         1.43667	7.80000e+01	
					         1.43833	8.20000e+01	
					         1.44000	8.60000e+01	
					         1.44167	8.90000e+01	
					         1.44333	9.20000e+01	
					         1.44500	9.40000e+01	
					         1.44667	9.40000e+01	
					         1.44833	9.40000e+01	
					         1.45000	9.30000e+01	
					         1.45167	9.10000e+01	
					         1.45333	8.90000e+01	
					         1.45500	8.50000e+01	
					         1.45667	8.10000e+01	
					         1.45833	7.70000e+01	
					         1.46000	7.10000e+01	
					         1.46167	6.60000e+01	
					         1.46333	6.00000e+01	
					         1.46500	5.40000e+01	
					         1.46667	4.70000e+01	
					         1.46833	4.10000e+01	
					         1.47000	3.50000e+01	
					         1.47167	2.90000e+01	
					         1.47333	2.30000e+01	
					         1.47500	1.70000e+01	
					         1.47667	1.00000e+01	
					         1.47833	3.00000e+00	
					         1.48000	-4.00000e+00	
					         1.48167	-1.10000e+01	
					         1.48333	-1.80000e+01	
					         1.48500	-2.50000e+01	
					         1.48667	-3.20000e+01	
					         1.48833	-3.90000e+01	
					         1.49000	-4.50000e+01	
					         1.49167	-5.20000e+01	
					         1.49333	-5.70000e+01	
					         1.49500	-6.20000e+01	
					         1.49667	-6.60000e+01	
					         1.49833	-6.90000e+01	
					         1.50000	-7.20000e+01	
					         1.50167	-7.40000e+01	
					         1.50333	-7.50000e+01	
					         1.50500	-7.70000e+01	
					         1.50667	-7.70000e+01	
					         1.50833	-7.80000e+01	
					         1.51000	-7.80000e+01	
					         1.51167	-7.80000e+01	
					         1.51333	-7.80000e+01	
					         1.51500	-7.80000e+01	
					         1.51667	-7.80000e+01	
					         1.51833	-7.70000e+01	
					         1.52000	-7.70000e+01	
					         1.52167	-7.60000e+01	
					         1.52333	-7.50000e+01	
					         1.52500	-7.40000e+01	
					         1.52667	-7.30000e+01	
					         1.52833	-7.20000e+01	
					         1.53000	-7.10000e+01	
					         1.53167	-7.10000e+01	
					         1.53333	-7.00000e+01	
					         1.53500	-6.90000e+01	
					         1.53667	-6.90000e+01	
					         1.53833	-6.80000e+01	
					         1.54000	-6.70000e+01	
					         1.54167	-6.60000e+01	
					         1.54333	-6.40000e+01	
					         1.54500	-6.30000e+01	
					         1.54667	-6.10000e+01	
					         1.54833	-5.90000e+01	
					         1.55000	-5.70000e+01	
					         1.55167	-5.50000e+01	
					         1.55333	-5.30000e+01	
					         1.55500	-5.10000e+01	
					         1.55667	-4.80000e+01	
					         1.55833	-4.70000e+01	
					         1.56000	-4.50000e+01	
					         1.56167	-4.40000e+01	
					         1.56333	-4.30000e+01	
					         1.56500	-4.30000e+01	
					         1.56667	-4.20000e+01	
					         1.56833	-4.20000e+01	
					         1.57000	-4.20000e+01	
					         1.57167	-4.20000e+01	
					         1.57333	-4.20000e+01	
					         1.57500	-4.20000e+01	
					         1.57667	-4.10000e+01	
					         1.57833	-4.00000e+01	
					         1.58000	-3.90000e+01	
					         1.58167	-3.80000e+01	
					         1.58333	-3.50000e+01	
					         1.58500	-3.20000e+01	
					         1.58667	-2.80000e+01	
					         1.58833	-2.20000e+01	
					         1.59000	-1.60000e+01	
					         1.59167	-9.00000e+00	
					         1.59333	-1.00000e+00	
					         1.59500	7.00000e+00	
					         1.59667	1.50000e+01	
					         1.59833	2.40000e+01	
					         1.60000	3.50000e+01	
					         1.60167	4.60000e+01	
					         1.60333	6.10000e+01	
					         1.60500	7.80000e+01	
					         1.60667	9.90000e+01	
					         1.60833	1.24000e+02	
					         1.61000	1.50000e+02	
					         1.61167	1.79000e+02	
					         1.61333	2.07000e+02	
					         1.61500	2.33000e+02	
					         1.61667	2.58000e+02	
					         1.61833	2.78000e+02	
					         1.62000	2.95000e+02	
					         1.62167	3.06000e+02	
					         1.62333	3.10000e+02	
					         1.62500	3.06000e+02	
					         1.62667	2.93000e+02	
					         1.62833	2.71000e+02	
					         1.63000	2.42000e+02	
					         1.63167	2.07000e+02	
					         1.63333	1.68000e+02	
					         1.63500	1.25000e+02	
					         1.63667	8.10000e+01	
					         1.63833	3.80000e+01	
					         1.64000	-5.00000e+00	
					         1.64167	-4.50000e+01	
					         1.64333	-8.20000e+01	
					         1.64500	-1.14000e+02	
					         1.64667	-1.43000e+02	
					         1.64833	-1.66000e+02	
					         1.65000	-1.84000e+02	
					         1.65167	-1.97000e+02	
					         1.65333	-2.04000e+02	
					         1.65500	-2.07000e+02	
					         1.65667	-2.05000e+02	
					         1.65833	-2.00000e+02	
					         1.66000	-1.92000e+02	
					         1.66167	-1.81000e+02	
					         1.66333	-1.69000e+02	
					         1.66500	-1.56000e+02	
					         1.66667	-1.43000e+02	
					         1.66833	-1.31000e+02	
					         1.67000	-1.19000e+02	
					         1.67167	-1.08000e+02	
					         1.67333	-9.80000e+01	
					         1.67500	-8.90000e+01	
					         1.67667	-8.00000e+01	
					         1.67833	-7.30000e+01	
					         1.68000	-6.60000e+01	
					         1.68167	-6.00000e+01	
					         1.68333	-5.50000e+01	
					         1.68500	-5.00000e+01	
					         1.68667	-4.60000e+01	
					         1.68833	-4.20000e+01	
					         1.69000	-3.80000e+01	
					         1.69167	-3.50000e+01	
					         1.69333	-3.30000e+01	
					         1.69500	-3.10000e+01	
					         1.69667	-3.00000e+01	
					         1.69833	-2.90000e+01	
					         1.70000	-2.80000e+01	
					         1.70167	-2.70000e+01	
					         1.70333	-2.70000e+01	
					         1.70500	-2.60000e+01	
					         1.70667	-2.50000e+01	
					         1.70833	-2.50000e+01	
					         1.71000	-2.40000e+01	
					         1.71167	-2.20000e+01	
					         1.71333	-2.10000e+01	
					         1.71500	-1.90000e+01	
					         1.71667	-1.80000e+01	
					         1.71833	-1.60000e+01	
					         1.72000	-1.50000e+01	
					         1.72167	-1.30000e+01	
					         1.72333	-1.20000e+01	
					         1.72500	-1.00000e+01	
					         1.72667	-9.00000e+00	
					         1.72833	-8.00000e+00	
					         1.73000	-7.00000e+00	
					         1.73167	-6.00000e+00	
					         1.73333	-6.00000e+00	
					         1.73500	-5.00000e+00	
					         1.73667	-4.00000e+00	
					         1.73833	-4.00000e+00	
					         1.74000	-3.00000e+00	
					         1.74167	-3.00000e+00	
					         1.74333	-3.00000e+00	
					         1.74500	-3.00000e+00	
					         1.74667	-2.00000e+00	
					         1.74833	-2.00000e+00	
					         1.75000	-2.00000e+00	
					         1.75167	-1.00000e+00	
					         1.75333	-1.00000e+00	
					         1.75500	0.00000e+00	
					         1.75667	1.00000e+00	
					         1.75833	1.00000e+00	
					         1.76000	2.00000e+00	
					         1.76167	3.00000e+00	
					         1.76333	4.00000e+00	
					         1.76500	6.00000e+00	
					         1.76667	7.00000e+00	
					         1.76833	9.00000e+00	
					         1.77000	1.00000e+01	
					         1.77167	1.10000e+01	
					         1.77333	1.30000e+01	
					         1.77500	1.40000e+01	
					         1.77667	1.50000e+01	
					         1.77833	1.60000e+01	
					         1.78000	1.80000e+01	
					         1.78167	1.90000e+01	
					         1.78333	2.10000e+01	
					         1.78500	2.20000e+01	
					         1.78667	2.40000e+01	
					         1.78833	2.50000e+01	
					         1.79000	2.70000e+01	
					         1.79167	2.80000e+01	
					         1.79333	2.90000e+01	
					         1.79500	3.10000e+01	
					         1.79667	3.20000e+01	
					         1.79833	3.30000e+01	
					         1.80000	3.40000e+01	
					         1.80167	3.60000e+01	
					         1.80333	3.70000e+01	
					         1.80500	3.70000e+01	
					         1.80667	3.90000e+01	
					         1.80833	4.00000e+01	
					         1.81000	4.10000e+01	
					         1.81167	4.30000e+01	
					         1.81333	4.50000e+01	
					         1.81500	4.70000e+01	
					         1.81667	4.90000e+01	
					         1.81833	5.10000e+01	
					         1.82000	5.30000e+01	
					         1.82167	5.50000e+01	
					         1.82333	5.70000e+01	
					         1.82500	5.90000e+01	
					         1.82667	6.10000e+01	
					         1.82833	6.30000e+01	
					         1.83000	6.50000e+01	
					         1.83167	6.70000e+01	
					         1.83333	6.80000e+01	
					         1.83500	6.90000e+01	
					         1.83667	7.00000e+01	
					         1.83833	7.10000e+01	
					         1.84000	7.20000e+01	
					         1.84167	7.20000e+01	
					         1.84333	7.30000e+01	
					         1.84500	7.30000e+01	
					         1.84667	7.30000e+01	
					         1.84833	7.30000e+01	
					         1.85000	7.30000e+01	
					         1.85167	7.30000e+01	
					         1.85333	7.30000e+01	
					         1.85500	7.20000e+01	
					         1.85667	7.10000e+01	
					         1.85833	7.00000e+01	
					         1.86000	6.90000e+01	
					         1.86167	6.80000e+01	
					         1.86333	6.70000e+01	
					         1.86500	6.60000e+01	
					         1.86667	6.50000e+01	
					         1.86833	6.40000e+01	
					         1.87000	6.30000e+01	
					         1.87167	6.30000e+01	
					         1.87333	6.20000e+01	
					         1.87500	6.20000e+01	
					         1.87667	6.10000e+01	
					         1.87833	6.10000e+01	
					         1.88000	6.00000e+01	
					         1.88167	5.90000e+01	
					         1.88333	5.70000e+01	
					         1.88500	5.50000e+01	
					         1.88667	5.30000e+01	
					         1.88833	5.10000e+01	
					         1.89000	4.80000e+01	
					         1.89167	4.50000e+01	
					         1.89333	4.20000e+01	
					         1.89500	3.80000e+01	
					         1.89667	3.40000e+01	
					         1.89833	3.00000e+01	
					         1.90000	2.50000e+01	
					         1.90167	2.00000e+01	
					         1.90333	1.50000e+01	
					         1.90500	9.00000e+00	
					         1.90667	4.00000e+00	
					         1.90833	-2.00000e+00	
					         1.91000	-7.00000e+00	
					         1.91167	-1.30000e+01	
					         1.91333	-1.80000e+01	
					         1.91500	-2.30000e+01	
					         1.91667	-2.80000e+01	
					         1.91833	-3.30000e+01	
					         1.92000	-3.70000e+01	
					         1.92167	-4.00000e+01	
					         1.92333	-4.30000e+01	
					         1.92500	-4.60000e+01	
					         1.92667	-4.80000e+01	
					         1.92833	-5.00000e+01	
					         1.93000	-5.20000e+01	
					         1.93167	-5.30000e+01	
					         1.93333	-5.50000e+01	
					         1.93500	-5.60000e+01	
					         1.93667	-5.80000e+01	
					         1.93833	-5.90000e+01	
					         1.94000	-6.10000e+01	
					         1.94167	-6.20000e+01	
					         1.94333	-6.30000e+01	
					         1.94500	-6.40000e+01	
					         1.94667	-6.50000e+01	
					         1.94833	-6.60000e+01	
					         1.95000	-6.60000e+01	
					         1.95167	-6.60000e+01	
					         1.95333	-6.60000e+01	
					         1.95500	-6.50000e+01	
					         1.95667	-6.40000e+01	
					         1.95833	-6.30000e+01	
					         1.96000	-6.20000e+01	
					         1.96167	-6.10000e+01	
					         1.96333	-6.00000e+01	
					         1.96500	-5.90000e+01	
					         1.96667	-5.80000e+01	
					         1.96833	-5.70000e+01	
					         1.97000	-5.60000e+01	
					         1.97167	-5.50000e+01	
					         1.97333	-5.30000e+01	
					         1.97500	-5.20000e+01	
					         1.97667	-5.00000e+01	
					         1.97833	-4.80000e+01	
					         1.98000	-4.70000e+01	
					         1.98167	-4.50000e+01	
					         1.98333	-4.30000e+01	
					         1.98500	-4.10000e+01	
					         1.98667	-3.90000e+01	
					         1.98833	-3.70000e+01	
					         1.99000	-3.60000e+01	
					         1.99167	-3.40000e+01	
					         1.99333	-3.30000e+01	
					         1.99500	-3.30000e+01	
					         1.99667	-3.20000e+01	
					         1.99833	-3.20000e+01	
					         2.00000	-3.10000e+01	
					         2.00167	-3.10000e+01	
					         2.00333	-3.00000e+01	
					         2.00500	-3.00000e+01	
					         2.00667	-2.90000e+01	
					         2.00833	-2.80000e+01	
					         2.01000	-2.70000e+01	
					         2.01167	-2.60000e+01	
					         2.01333	-2.50000e+01	
					         2.01500	-2.40000e+01	
					         2.01667	-2.20000e+01	
					         2.01833	-2.10000e+01	
					         2.02000	-1.90000e+01	
					         2.02167	-1.80000e+01	
					         2.02333	-1.70000e+01	
					         2.02500	-1.60000e+01	
					         2.02667	-1.40000e+01	
					         2.02833	-1.30000e+01	
					         2.03000	-1.20000e+01	
					         2.03167	-1.10000e+01	
					         2.03333	-1.00000e+01	
					         2.03500	-9.00000e+00	
					         2.03667	-9.00000e+00	
					         2.03833	-8.00000e+00	
					         2.04000	-8.00000e+00	
					         2.04167	-7.00000e+00	
					         2.04333	-7.00000e+00	
					         2.04500	-6.00000e+00	
					         2.04667	-5.00000e+00	
					         2.04833	-5.00000e+00	
					         2.05000	-4.00000e+00	
					         2.05167	-4.00000e+00	
					         2.05333	-3.00000e+00	
					         2.05500	-2.00000e+00	
					         2.05667	-1.00000e+00	
					         2.05833	0.00000e+00	
					         2.06000	1.00000e+00	
					         2.06167	2.00000e+00	
					         2.06333	2.00000e+00	
					         2.06500	3.00000e+00	
					         2.06667	3.00000e+00	
					         2.06833	4.00000e+00	
					         2.07000	4.00000e+00	
					         2.07167	4.00000e+00	
					         2.07333	4.00000e+00	
					         2.07500	3.00000e+00	
					         2.07667	3.00000e+00	
					         2.07833	2.00000e+00	
					         2.08000	2.00000e+00	
					         2.08167	1.00000e+00	
					         2.08333	1.00000e+00	
					         2.08500	0.00000e+00	
					         2.08667	0.00000e+00	
					         2.08833	0.00000e+00	
					         2.09000	1.00000e+00	
					         2.09167	1.00000e+00	
					         2.09333	1.00000e+00	
					         2.09500	1.00000e+00	
					         2.09667	1.00000e+00	
					         2.09833	1.00000e+00	
					         2.10000	1.00000e+00	
					         2.10167	0.00000e+00	
					         2.10333	0.00000e+00	
					         2.10500	0.00000e+00	
					         2.10667	-1.00000e+00	
					         2.10833	-1.00000e+00	
					         2.11000	-1.00000e+00	
					         2.11167	-1.00000e+00	
					         2.11333	-1.00000e+00	
					         2.11500	-1.00000e+00	
					         2.11667	-1.00000e+00	
					         2.11833	-1.00000e+00	
					         2.12000	-1.00000e+00	
					         2.12167	0.00000e+00	
					         2.12333	0.00000e+00	
					         2.12500	0.00000e+00	
					         2.12667	0.00000e+00	
					         2.12833	-1.00000e+00	
					         2.13000	-1.00000e+00	
					         2.13167	-2.00000e+00	
					         2.13333	-2.00000e+00	
					         2.13500	-3.00000e+00	
					         2.13667	-3.00000e+00	
					         2.13833	-4.00000e+00	
					         2.14000	-4.00000e+00	
					         2.14167	-4.00000e+00	
					         2.14333	-4.00000e+00	
					         2.14500	-4.00000e+00	
					         2.14667	-4.00000e+00	
					         2.14833	-4.00000e+00	
					         2.15000	-4.00000e+00	
					         2.15167	-4.00000e+00	
					         2.15333	-4.00000e+00	
					         2.15500	-4.00000e+00	
					         2.15667	-4.00000e+00	
					         2.15833	-4.00000e+00	
					         2.16000	-5.00000e+00	
					         2.16167	-5.00000e+00	
					         2.16333	-6.00000e+00	
					         2.16500	-7.00000e+00	
					         2.16667	-8.00000e+00	
					         2.16833	-8.00000e+00	
					         2.17000	-9.00000e+00	
					         2.17167	-1.00000e+01	
					         2.17333	-1.00000e+01	
					         2.17500	-1.10000e+01	
					         2.17667	-1.10000e+01	
					         2.17833	-1.10000e+01	
					         2.18000	-1.10000e+01	
					         2.18167	-1.10000e+01	
					         2.18333	-1.10000e+01	
					         2.18500	-1.10000e+01	
					         2.18667	-1.10000e+01	
					         2.18833	-1.10000e+01	
					         2.19000	-1.10000e+01	
					         2.19167	-1.10000e+01	
					         2.19333	-1.00000e+01	
					         2.19500	-1.00000e+01	
					         2.19667	-1.00000e+01	
					         2.19833	-1.00000e+01	
					         2.20000	-1.00000e+01	
					         2.20167	-1.00000e+01	
					         2.20333	-1.00000e+01	
					         2.20500	-1.00000e+01	
					         2.20667	-1.10000e+01	
					         2.20833	-1.10000e+01	
					         2.21000	-1.20000e+01	
					         2.21167	-1.20000e+01	
					         2.21333	-1.30000e+01	
					         2.21500	-1.40000e+01	
					         2.21667	-1.40000e+01	
					         2.21833	-1.50000e+01	
					         2.22000	-1.50000e+01	
					         2.22167	-1.50000e+01	
					         2.22333	-1.40000e+01	
					         2.22500	-1.40000e+01	
					         2.22667	-1.30000e+01	
					         2.22833	-1.20000e+01	
					         2.23000	-1.10000e+01	
					         2.23167	-1.00000e+01	
					         2.23333	-9.00000e+00	
					         2.23500	-8.00000e+00	
					         2.23667	-7.00000e+00	
					         2.23833	-6.00000e+00	
					         2.24000	-5.00000e+00	
					         2.24167	-5.00000e+00	
					         2.24333	-4.00000e+00	
					         2.24500	-4.00000e+00	
					         2.24667	-4.00000e+00	
					         2.24833	-3.00000e+00	
					         2.25000	-3.00000e+00	
					         2.25167	-3.00000e+00	
					         2.25333	-4.00000e+00	
					         2.25500	-4.00000e+00	
					         2.25667	-4.00000e+00	
					         2.25833	-5.00000e+00	
					         2.26000	-6.00000e+00	
					         2.26167	-6.00000e+00	
					         2.26333	-7.00000e+00	
					         2.26500	-7.00000e+00	
					         2.26667	-7.00000e+00	
					         2.26833	-6.00000e+00	
					         2.27000	-5.00000e+00	
					         2.27167	-3.00000e+00	
					         2.27333	0.00000e+00	
					         2.27500	3.00000e+00	
					         2.27667	7.00000e+00	
					         2.27833	1.10000e+01	
					         2.28000	1.50000e+01	
					         2.28167	2.00000e+01	
					         2.28333	2.40000e+01	
					         2.28500	2.90000e+01	
					         2.28667	3.20000e+01	
					         2.28833	3.60000e+01	
					         2.29000	3.90000e+01	
					         2.29167	4.10000e+01	
					         2.29333	4.30000e+01	
					         2.29500	4.40000e+01	
					         2.29667	4.50000e+01	
					         2.29833	4.70000e+01	
					         2.30000	4.80000e+01	
					         2.30167	5.00000e+01	
					         2.30333	5.20000e+01	
					         2.30500	5.40000e+01	
					         2.30667	5.70000e+01	
					         2.30833	6.00000e+01	
					         2.31000	6.30000e+01	
					         2.31167	6.70000e+01	
					         2.31333	7.10000e+01	
					         2.31500	7.50000e+01	
					         2.31667	7.90000e+01	
					         2.31833	8.30000e+01	
					         2.32000	8.60000e+01	
					         2.32167	9.00000e+01	
					         2.32333	9.40000e+01	
					         2.32500	9.70000e+01	
					         2.32667	9.90000e+01	
					         2.32833	1.01000e+02	
					         2.33000	1.02000e+02	
					         2.33167	1.03000e+02	
					         2.33333	1.02000e+02	
					         2.33500	1.01000e+02	
					         2.33667	9.80000e+01	
					         2.33833	9.50000e+01	
					         2.34000	9.10000e+01	
					         2.34167	8.60000e+01	
					         2.34333	8.10000e+01	
					         2.34500	7.50000e+01	
					         2.34667	6.80000e+01	
					         2.34833	6.00000e+01	
					         2.35000	5.30000e+01	
					         2.35167	4.50000e+01	
					         2.35333	3.80000e+01	
					         2.35500	3.00000e+01	
					         2.35667	2.30000e+01	
					         2.35833	1.50000e+01	
					         2.36000	8.00000e+00	
					         2.36167	0.00000e+00	
					         2.36333	-7.00000e+00	
					         2.36500	-1.50000e+01	
					         2.36667	-2.20000e+01	
					         2.36833	-2.90000e+01	
					         2.37000	-3.60000e+01	
					         2.37167	-4.20000e+01	
					         2.37333	-4.90000e+01	
					         2.37500	-5.50000e+01	
					         2.37667	-6.00000e+01	
					         2.37833	-6.50000e+01	
					         2.38000	-7.00000e+01	
					         2.38167	-7.40000e+01	
					         2.38333	-7.80000e+01	
					         2.38500	-8.10000e+01	
					         2.38667	-8.40000e+01	
					         2.38833	-8.50000e+01	
					         2.39000	-8.70000e+01	
					         2.39167	-8.80000e+01	
					         2.39333	-8.80000e+01	
					         2.39500	-8.80000e+01	
					         2.39667	-8.70000e+01	
					         2.39833	-8.60000e+01	
					         2.40000	-8.50000e+01	
					         2.40167	-8.30000e+01	
					         2.40333	-8.10000e+01	
					         2.40500	-7.90000e+01	
					         2.40667	-7.70000e+01	
					         2.40833	-7.40000e+01	
					         2.41000	-7.20000e+01	
					         2.41167	-7.00000e+01	
					         2.41333	-6.70000e+01	
					         2.41500	-6.50000e+01	
					         2.41667	-6.40000e+01	
					         2.41833	-6.20000e+01	
					         2.42000	-6.10000e+01	
					         2.42167	-6.00000e+01	
					         2.42333	-5.90000e+01	
					         2.42500	-5.80000e+01	
					         2.42667	-5.80000e+01	
					         2.42833	-5.70000e+01	
					         2.43000	-5.70000e+01	
					         2.43167	-5.70000e+01	
					         2.43333	-5.70000e+01	
					         2.43500	-5.70000e+01	
					         2.43667	-5.70000e+01	
					         2.43833	-5.70000e+01	
					         2.44000	-5.70000e+01	
					         2.44167	-5.70000e+01	
					         2.44333	-5.70000e+01	
					         2.44500	-5.60000e+01	
					         2.44667	-5.60000e+01	
					         2.44833	-5.50000e+01	
					         2.45000	-5.50000e+01	
					         2.45167	-5.40000e+01	
					         2.45333	-5.30000e+01	
					         2.45500	-5.10000e+01	
					         2.45667	-5.00000e+01	
					         2.45833	-4.80000e+01	
					         2.46000	-4.60000e+01	
					         2.46167	-4.40000e+01	
					         2.46333	-4.10000e+01	
					         2.46500	-3.90000e+01	
					         2.46667	-3.70000e+01	
					         2.46833	-3.40000e+01	
					         2.47000	-3.00000e+01	
					         2.47167	-2.60000e+01	
					         2.47333	-2.00000e+01	
					         2.47500	-1.40000e+01	
					         2.47667	-7.00000e+00	
					         2.47833	0.00000e+00	
					         2.48000	8.00000e+00	
					         2.48167	1.60000e+01	
					         2.48333	2.60000e+01	
					         2.48500	3.80000e+01	
					         2.48667	5.20000e+01	
					         2.48833	6.90000e+01	
					         2.49000	9.00000e+01	
					         2.49167	1.15000e+02	
					         2.49333	1.43000e+02	
					         2.49500	1.73000e+02	
					         2.49667	2.04000e+02	
					         2.49833	2.34000e+02	
					         2.50000	2.62000e+02	
					         2.50167	2.87000e+02	
					         2.50333	3.07000e+02	
					         2.50500	3.22000e+02	
					         2.50667	3.30000e+02	
					         2.50833	3.30000e+02	
					         2.51000	3.21000e+02	
					         2.51167	3.03000e+02	
					         2.51333	2.76000e+02	
					         2.51500	2.42000e+02	
					         2.51667	2.03000e+02	
					         2.51833	1.60000e+02	
					         2.52000	1.14000e+02	
					         2.52167	6.80000e+01	
					         2.52333	2.30000e+01	
					         2.52500	-2.00000e+01	
					         2.52667	-6.10000e+01	
					         2.52833	-9.80000e+01	
					         2.53000	-1.30000e+02	
					         2.53167	-1.58000e+02	
					         2.53333	-1.80000e+02	
					         2.53500	-1.97000e+02	
					         2.53667	-2.08000e+02	
					         2.53833	-2.15000e+02	
					         2.54000	-2.16000e+02	
					         2.54167	-2.13000e+02	
					         2.54333	-2.07000e+02	
					         2.54500	-1.98000e+02	
					         2.54667	-1.86000e+02	
					         2.54833	-1.74000e+02	
					         2.55000	-1.60000e+02	
					         2.55167	-1.47000e+02	
					         2.55333	-1.34000e+02	
					         2.55500	-1.21000e+02	
