Grayscale intensity, in dB

Time (s) :	Trace 1 : 	Trace 2 : 	Trace 3 : 		Ecg : 		
0.00138   	-2.69867e+01	-3.03278e+01	-2.61441e+01		         0.00000	2.04000e+02	
0.02214   	-2.64257e+01	-3.03663e+01	-2.56025e+01		         0.00167	2.08000e+02	
0.04289   	-2.61729e+01	-2.90451e+01	-2.61226e+01		         0.00333	2.07000e+02	
0.06365   	-2.59279e+01	-3.08984e+01	-2.39179e+01		         0.00500	2.02000e+02	
0.08440   	-2.62865e+01	-2.94675e+01	-2.13067e+01		         0.00667	1.92000e+02	
0.10515   	-2.60468e+01	-2.93027e+01	-2.02868e+01		         0.00833	1.76000e+02	
0.12590   	-2.69651e+01	-2.80654e+01	-2.00294e+01		         0.01000	1.55000e+02	
0.14666   	-2.79649e+01	-2.70174e+01	-2.51108e+01		         0.01167	1.29000e+02	
0.16741   	-2.83900e+01	-2.59640e+01	-2.17391e+01		         0.01333	9.80000e+01	
0.18817   	-2.90443e+01	-2.44860e+01	-2.28410e+01		         0.01500	6.50000e+01	
0.20892   	-2.27256e+01	-2.22351e+01	-2.61092e+01		         0.01667	2.80000e+01	
0.22967   	-1.76323e+01	-2.10166e+01	-2.71995e+01		         0.01833	-9.00000e+00	
0.25043   	-1.69175e+01	-2.12237e+01	-2.85374e+01		         0.02000	-4.60000e+01	
0.27118   	-1.63503e+01	-1.98685e+01	-3.37310e+01		         0.02167	-8.20000e+01	
0.29193   	-1.69979e+01	-2.00858e+01	-3.65195e+01		         0.02333	-1.16000e+02	
0.31269   	-1.84549e+01	-2.14462e+01	-3.72168e+01		         0.02500	-1.46000e+02	
0.33345   	-2.02586e+01	-2.42438e+01	-3.97960e+01		         0.02667	-1.70000e+02	
0.35419   	-2.29323e+01	-2.93675e+01	-4.39901e+01		         0.02833	-1.89000e+02	
0.37494   	-2.32225e+01	-3.14863e+01	-4.68476e+01		         0.03000	-2.02000e+02	
0.39570   	-2.18131e+01	-3.43999e+01	-4.80619e+01		         0.03167	-2.09000e+02	
0.41645   	-1.99783e+01	-3.57950e+01	-4.67875e+01		         0.03333	-2.10000e+02	
0.43721   	-1.99889e+01	-3.41862e+01	-4.53322e+01		         0.03500	-2.06000e+02	
0.45796   	-1.95930e+01	-3.34270e+01	-4.69159e+01		         0.03667	-1.97000e+02	
0.47872   	-2.13876e+01	-3.20350e+01	-4.94854e+01		         0.03833	-1.85000e+02	
0.49947   	-2.13832e+01	-3.59404e+01	-5.02515e+01		         0.04000	-1.70000e+02	
0.52022   	-2.22158e+01	-3.89401e+01	-5.11733e+01		         0.04167	-1.54000e+02	
0.54097   	-2.22818e+01	-3.86933e+01	-5.19392e+01		         0.04333	-1.37000e+02	
0.56173   	-2.47035e+01	-4.14825e+01	-5.04736e+01		         0.04500	-1.19000e+02	
0.58248   	-2.44501e+01	-3.98830e+01	-4.85889e+01		         0.04667	-1.02000e+02	
0.60323   	-2.47713e+01	-3.68446e+01	-4.73228e+01		         0.04833	-8.60000e+01	
0.62398   	-2.43001e+01	-3.16457e+01	-4.67485e+01		         0.05000	-7.00000e+01	
0.64475   	-2.62768e+01	-2.89317e+01	-4.59022e+01		         0.05167	-5.60000e+01	
0.66549   	-2.64328e+01	-2.82264e+01	-4.51737e+01		         0.05333	-4.40000e+01	
0.68625   	-2.65504e+01	-2.64759e+01	-4.24719e+01		         0.05500	-3.20000e+01	
0.70700   	-2.59701e+01	-2.57551e+01	-3.91305e+01		         0.05667	-2.30000e+01	
0.72776   	-2.73003e+01	-2.55546e+01	-3.60256e+01		         0.05833	-1.50000e+01	
0.74851   	-2.91113e+01	-2.70804e+01	-2.98159e+01		         0.06000	-8.00000e+00	
0.76926   	-2.91768e+01	-3.09803e+01	-2.43838e+01		         0.06167	-2.00000e+00	
0.79001   	-2.71932e+01	-3.05033e+01	-1.98100e+01		         0.06333	2.00000e+00	
0.81077   	-2.64366e+01	-3.17045e+01	-1.52450e+01		         0.06500	6.00000e+00	
0.83152   	-2.65304e+01	-3.13864e+01	-1.60577e+01		         0.06667	9.00000e+00	
0.85228   	-2.55268e+01	-2.94351e+01	-1.62517e+01		         0.06833	1.10000e+01	
0.87303   	-2.62682e+01	-3.05685e+01	-1.77081e+01		         0.07000	1.20000e+01	
0.89378   	-2.60271e+01	-3.12592e+01	-1.88524e+01		         0.07167	1.30000e+01	
0.91453   	-2.61877e+01	-3.06471e+01	-1.96150e+01		         0.07333	1.40000e+01	
0.93529   	-2.67019e+01	-3.06088e+01	-1.96426e+01		         0.07500	1.40000e+01	
0.95604   	-2.77148e+01	-2.83247e+01	-2.04766e+01		         0.07667	1.50000e+01	
0.97680   	-2.89135e+01	-2.67568e+01	-2.30742e+01		         0.07833	1.50000e+01	
0.99755   	-2.95923e+01	-2.46063e+01	-1.97746e+01		         0.08000	1.50000e+01	
1.01830   	-2.97436e+01	-2.33313e+01	-1.77318e+01		         0.08167	1.50000e+01	
1.03905   	-2.57159e+01	-2.12545e+01	-2.06450e+01		         0.08333	1.50000e+01	
1.05981   	-1.88020e+01	-2.02151e+01	-2.61921e+01		         0.08500	1.50000e+01	
1.08056   	-1.74118e+01	-2.10772e+01	-2.65795e+01		         0.08667	1.50000e+01	
1.10131   	-1.74420e+01	-2.21544e+01	-2.94187e+01		         0.08833	1.50000e+01	
1.12207   	-1.87714e+01	-2.36155e+01	-3.24300e+01		         0.09000	1.50000e+01	
1.14282   	-2.20373e+01	-2.58945e+01	-3.27486e+01		         0.09167	1.40000e+01	
1.16357   	-2.49196e+01	-2.68295e+01	-3.15828e+01		         0.09333	1.40000e+01	
1.18433   	-2.61596e+01	-2.87896e+01	-3.83508e+01		         0.09500	1.40000e+01	
1.20508   	-2.69420e+01	-3.26293e+01	-4.08251e+01		         0.09667	1.40000e+01	
1.22584   	-2.72446e+01	-3.53910e+01	-4.25504e+01		         0.09833	1.50000e+01	
1.24659   	-2.68487e+01	-3.63550e+01	-4.40302e+01		         0.10000	1.50000e+01	
1.26734   	-2.45357e+01	-3.70660e+01	-4.22519e+01		         0.10167	1.50000e+01	
1.28809   	-2.35679e+01	-3.55958e+01	-4.17943e+01		         0.10333	1.50000e+01	
1.30885   	-2.21397e+01	-3.64571e+01	-4.43994e+01		         0.10500	1.60000e+01	
1.32960   	-2.27589e+01	-3.66917e+01	-4.41275e+01		         0.10667	1.60000e+01	
1.35035   	-2.46874e+01	-3.61686e+01	-4.83668e+01		         0.10833	1.70000e+01	
1.37111   	-2.69467e+01	-3.74115e+01	-4.68764e+01		         0.11000	1.70000e+01	
1.39186   	-2.90423e+01	-3.77362e+01	-4.28372e+01		         0.11167	1.70000e+01	
1.41262   	-3.03370e+01	-3.73403e+01	-3.70945e+01		         0.11333	1.70000e+01	
1.43337   	-2.96474e+01	-3.66418e+01	-3.17688e+01		         0.11500	1.70000e+01	
1.45412   	-2.80206e+01	-3.23315e+01	-3.03791e+01		         0.11667	1.70000e+01	
1.47488   	-2.53263e+01	-3.11722e+01	-2.93714e+01		         0.11833	1.60000e+01	
1.49563   	-2.37164e+01	-2.93520e+01	-2.92849e+01		         0.12000	1.60000e+01	
1.51638   	-2.17515e+01	-2.79363e+01	-2.93576e+01		         0.12167	1.60000e+01	
1.53713   	-2.22347e+01	-2.77688e+01	-2.66323e+01		         0.12333	1.50000e+01	
1.55789   	-2.58466e+01	-2.64878e+01	-2.52551e+01		         0.12500	1.50000e+01	
1.57864   	-2.89649e+01	-2.67718e+01	-2.30697e+01		         0.12667	1.50000e+01	
1.59940   	-2.88604e+01	-2.92580e+01	-2.33150e+01		         0.12833	1.50000e+01	
1.62015   	-2.85776e+01	-2.97054e+01	-2.45717e+01		         0.13000	1.50000e+01	
1.64091   	-2.83133e+01	-3.02258e+01	-2.40752e+01		         0.13167	1.50000e+01	
1.66166   	-2.84577e+01	-2.89865e+01	-2.51288e+01		         0.13333	1.50000e+01	
1.68241   	-2.84208e+01	-2.91006e+01	-2.68914e+01		         0.13500	1.60000e+01	
1.70316   	-2.90546e+01	-3.11557e+01	-2.72190e+01		         0.13667	1.70000e+01	
1.72392   	-2.93712e+01	-3.06749e+01	-2.67151e+01		         0.13833	1.70000e+01	
1.74467   	-2.99297e+01	-3.12888e+01	-2.55604e+01		         0.14000	1.80000e+01	
1.76543   	-3.06518e+01	-3.11555e+01	-2.47695e+01		         0.14167	1.90000e+01	
1.78617   	-3.11915e+01	-3.01016e+01	-2.30358e+01		         0.14333	1.90000e+01	
1.80693   	-3.05480e+01	-2.92061e+01	-2.48403e+01		         0.14500	2.00000e+01	
1.82768   	-3.02834e+01	-2.86020e+01	-2.24889e+01		         0.14667	2.00000e+01	
1.84844   	-3.07616e+01	-2.75331e+01	-2.37341e+01		         0.14833	2.00000e+01	
1.86919   	-3.10445e+01	-2.65026e+01	-2.63238e+01		         0.15000	1.90000e+01	
1.88994   	-3.09261e+01	-2.49787e+01	-2.67851e+01		         0.15167	1.90000e+01	
1.91070   	-3.11775e+01	-2.55106e+01	-2.68842e+01		         0.15333	1.90000e+01	
1.93145   	-3.14855e+01	-2.53290e+01	-2.80785e+01		         0.15500	1.90000e+01	
1.95220   	-3.00995e+01	-2.40030e+01	-2.88940e+01		         0.15667	1.80000e+01	
1.97296   	-2.96145e+01	-2.65771e+01	-3.20704e+01		         0.15833	1.80000e+01	
1.99371   	-2.96821e+01	-2.81067e+01	-3.37485e+01		         0.16000	1.80000e+01	
2.01446   	-3.10240e+01	-3.09655e+01	-3.57199e+01		         0.16167	1.80000e+01	
2.03521   	-3.27542e+01	-3.39074e+01	-3.78292e+01		         0.16333	1.80000e+01	
2.05597   	-3.26762e+01	-3.84356e+01	-3.83874e+01		         0.16500	1.70000e+01	
2.07672   	-3.28694e+01	-3.95132e+01	-4.06655e+01		         0.16667	1.70000e+01	
2.09748   	-3.19505e+01	-4.09313e+01	-3.98575e+01		         0.16833	1.70000e+01	
2.11823   	-3.25898e+01	-4.04881e+01	-3.82757e+01		         0.17000	1.80000e+01	
2.13899   	-3.20768e+01	-4.18105e+01	-3.75514e+01		         0.17167	1.80000e+01	
2.15974   	-3.26040e+01	-4.02412e+01	-3.65745e+01		         0.17333	1.80000e+01	
2.18049   	-3.24772e+01	-3.89154e+01	-3.81444e+01		         0.17500	1.90000e+01	
2.20124   	-3.27037e+01	-3.80031e+01	-3.74273e+01		         0.17667	1.90000e+01	
2.22200   	-3.30196e+01	-3.54778e+01	-3.52954e+01		         0.17833	2.00000e+01	
2.24275   	-3.17695e+01	-3.59400e+01	-3.25682e+01		         0.18000	2.10000e+01	
2.26350   	-2.97733e+01	-3.39561e+01	-3.37560e+01		         0.18167	2.20000e+01	
2.28426   	-2.81677e+01	-3.42267e+01	-3.47678e+01		         0.18333	2.30000e+01	
2.30501   	-2.88424e+01	-3.03845e+01	-3.45107e+01		         0.18500	2.40000e+01	
2.32576   	-2.94676e+01	-2.98723e+01	-3.28513e+01		         0.18667	2.60000e+01	
2.34652   	-2.99136e+01	-2.98648e+01	-3.22147e+01		         0.18833	2.70000e+01	
2.36727   	-3.10319e+01	-2.80427e+01	-3.30671e+01		         0.19000	2.90000e+01	
2.38803   	-3.18606e+01	-2.62846e+01	-3.37728e+01		         0.19167	3.00000e+01	
2.40878   	-3.05493e+01	-2.79931e+01	-3.55773e+01		         0.19333	3.10000e+01	
2.42953   	-3.17100e+01	-2.74450e+01	-3.68865e+01		         0.19500	3.10000e+01	
2.45028   	-3.05081e+01	-2.85482e+01	-3.27851e+01		         0.19667	3.20000e+01	
2.47104   	-2.98409e+01	-2.90283e+01	-3.53799e+01		         0.19833	3.20000e+01	
2.49179   	-2.98115e+01	-2.91033e+01	-3.72888e+01		         0.20000	3.20000e+01	
2.51254   	-2.94587e+01	-2.83066e+01	-3.86119e+01		         0.20167	3.20000e+01	
					         0.20333	3.20000e+01	
					         0.20500	3.20000e+01	
					         0.20667	3.20000e+01	
					         0.20833	3.20000e+01	
					         0.21000	3.20000e+01	
					         0.21167	3.30000e+01	
					         0.21333	3.40000e+01	
					         0.21500	3.50000e+01	
					         0.21667	3.60000e+01	
					         0.21833	3.80000e+01	
					         0.22000	4.00000e+01	
					         0.22167	4.10000e+01	
					         0.22333	4.30000e+01	
					         0.22500	4.40000e+01	
					         0.22667	4.60000e+01	
					         0.22833	4.70000e+01	
					         0.23000	4.80000e+01	
					         0.23167	4.80000e+01	
					         0.23333	4.90000e+01	
					         0.23500	4.90000e+01	
					         0.23667	4.90000e+01	
					         0.23833	4.80000e+01	
					         0.24000	4.80000e+01	
					         0.24167	4.70000e+01	
					         0.24333	4.60000e+01	
					         0.24500	4.50000e+01	
					         0.24667	4.30000e+01	
					         0.24833	4.10000e+01	
					         0.25000	3.90000e+01	
					         0.25167	3.60000e+01	
					         0.25333	3.40000e+01	
					         0.25500	3.10000e+01	
					         0.25667	2.90000e+01	
					         0.25833	2.70000e+01	
					         0.26000	2.50000e+01	
					         0.26167	2.40000e+01	
					         0.26333	2.30000e+01	
					         0.26500	2.20000e+01	
					         0.26667	2.10000e+01	
					         0.26833	2.10000e+01	
					         0.27000	2.00000e+01	
					         0.27167	1.90000e+01	
					         0.27333	1.80000e+01	
					         0.27500	1.60000e+01	
					         0.27667	1.50000e+01	
					         0.27833	1.20000e+01	
					         0.28000	9.00000e+00	
					         0.28167	6.00000e+00	
					         0.28333	2.00000e+00	
					         0.28500	-2.00000e+00	
					         0.28667	-7.00000e+00	
					         0.28833	-1.10000e+01	
					         0.29000	-1.60000e+01	
					         0.29167	-2.00000e+01	
					         0.29333	-2.40000e+01	
					         0.29500	-2.80000e+01	
					         0.29667	-3.20000e+01	
					         0.29833	-3.50000e+01	
					         0.30000	-3.80000e+01	
					         0.30167	-4.00000e+01	
					         0.30333	-4.20000e+01	
					         0.30500	-4.40000e+01	
					         0.30667	-4.60000e+01	
					         0.30833	-4.70000e+01	
					         0.31000	-4.80000e+01	
					         0.31167	-4.80000e+01	
					         0.31333	-4.90000e+01	
					         0.31500	-4.90000e+01	
					         0.31667	-5.00000e+01	
					         0.31833	-5.00000e+01	
					         0.32000	-5.00000e+01	
					         0.32167	-5.00000e+01	
					         0.32333	-5.10000e+01	
					         0.32500	-5.10000e+01	
					         0.32667	-5.10000e+01	
					         0.32833	-5.10000e+01	
					         0.33000	-5.10000e+01	
					         0.33167	-5.10000e+01	
					         0.33333	-5.00000e+01	
					         0.33500	-5.00000e+01	
					         0.33667	-4.90000e+01	
					         0.33833	-4.80000e+01	
					         0.34000	-4.80000e+01	
					         0.34167	-4.70000e+01	
					         0.34333	-4.60000e+01	
					         0.34500	-4.50000e+01	
					         0.34667	-4.30000e+01	
					         0.34833	-4.20000e+01	
					         0.35000	-4.10000e+01	
					         0.35167	-4.00000e+01	
					         0.35333	-3.90000e+01	
					         0.35500	-3.80000e+01	
					         0.35667	-3.70000e+01	
					         0.35833	-3.70000e+01	
					         0.36000	-3.70000e+01	
					         0.36167	-3.60000e+01	
					         0.36333	-3.60000e+01	
					         0.36500	-3.60000e+01	
					         0.36667	-3.60000e+01	
					         0.36833	-3.60000e+01	
					         0.37000	-3.60000e+01	
					         0.37167	-3.60000e+01	
					         0.37333	-3.60000e+01	
					         0.37500	-3.60000e+01	
					         0.37667	-3.50000e+01	
					         0.37833	-3.50000e+01	
					         0.38000	-3.40000e+01	
					         0.38167	-3.30000e+01	
					         0.38333	-3.20000e+01	
					         0.38500	-3.10000e+01	
					         0.38667	-3.00000e+01	
					         0.38833	-2.90000e+01	
					         0.39000	-2.80000e+01	
					         0.39167	-2.80000e+01	
					         0.39333	-2.70000e+01	
					         0.39500	-2.60000e+01	
					         0.39667	-2.50000e+01	
					         0.39833	-2.50000e+01	
					         0.40000	-2.40000e+01	
					         0.40167	-2.40000e+01	
					         0.40333	-2.40000e+01	
					         0.40500	-2.40000e+01	
					         0.40667	-2.30000e+01	
					         0.40833	-2.30000e+01	
					         0.41000	-2.30000e+01	
					         0.41167	-2.30000e+01	
					         0.41333	-2.30000e+01	
					         0.41500	-2.30000e+01	
					         0.41667	-2.30000e+01	
					         0.41833	-2.30000e+01	
					         0.42000	-2.30000e+01	
					         0.42167	-2.30000e+01	
					         0.42333	-2.20000e+01	
					         0.42500	-2.20000e+01	
					         0.42667	-2.10000e+01	
					         0.42833	-2.10000e+01	
					         0.43000	-2.00000e+01	
					         0.43167	-1.90000e+01	
					         0.43333	-1.90000e+01	
					         0.43500	-1.80000e+01	
					         0.43667	-1.80000e+01	
					         0.43833	-1.70000e+01	
					         0.44000	-1.70000e+01	
					         0.44167	-1.70000e+01	
					         0.44333	-1.70000e+01	
					         0.44500	-1.80000e+01	
					         0.44667	-1.80000e+01	
					         0.44833	-1.80000e+01	
					         0.45000	-1.80000e+01	
					         0.45167	-1.80000e+01	
					         0.45333	-1.90000e+01	
					         0.45500	-1.90000e+01	
					         0.45667	-1.80000e+01	
					         0.45833	-1.80000e+01	
					         0.46000	-1.70000e+01	
					         0.46167	-1.60000e+01	
					         0.46333	-1.50000e+01	
					         0.46500	-1.40000e+01	
					         0.46667	-1.30000e+01	
					         0.46833	-1.20000e+01	
					         0.47000	-1.10000e+01	
					         0.47167	-1.00000e+01	
					         0.47333	-9.00000e+00	
					         0.47500	-8.00000e+00	
					         0.47667	-8.00000e+00	
					         0.47833	-8.00000e+00	
					         0.48000	-8.00000e+00	
					         0.48167	-8.00000e+00	
					         0.48333	-8.00000e+00	
					         0.48500	-8.00000e+00	
					         0.48667	-8.00000e+00	
					         0.48833	-8.00000e+00	
					         0.49000	-8.00000e+00	
					         0.49167	-8.00000e+00	
					         0.49333	-7.00000e+00	
					         0.49500	-7.00000e+00	
					         0.49667	-6.00000e+00	
					         0.49833	-5.00000e+00	
					         0.50000	-3.00000e+00	
					         0.50167	-2.00000e+00	
					         0.50333	-1.00000e+00	
					         0.50500	0.00000e+00	
					         0.50667	2.00000e+00	
					         0.50833	3.00000e+00	
					         0.51000	4.00000e+00	
					         0.51167	4.00000e+00	
					         0.51333	5.00000e+00	
					         0.51500	5.00000e+00	
					         0.51667	6.00000e+00	
					         0.51833	6.00000e+00	
					         0.52000	5.00000e+00	
					         0.52167	5.00000e+00	
					         0.52333	5.00000e+00	
					         0.52500	4.00000e+00	
					         0.52667	3.00000e+00	
					         0.52833	3.00000e+00	
					         0.53000	3.00000e+00	
					         0.53167	2.00000e+00	
					         0.53333	2.00000e+00	
					         0.53500	2.00000e+00	
					         0.53667	3.00000e+00	
					         0.53833	3.00000e+00	
					         0.54000	3.00000e+00	
					         0.54167	4.00000e+00	
					         0.54333	5.00000e+00	
					         0.54500	5.00000e+00	
					         0.54667	6.00000e+00	
					         0.54833	6.00000e+00	
					         0.55000	7.00000e+00	
					         0.55167	7.00000e+00	
					         0.55333	8.00000e+00	
					         0.55500	9.00000e+00	
					         0.55667	9.00000e+00	
					         0.55833	1.00000e+01	
					         0.56000	1.00000e+01	
					         0.56167	1.00000e+01	
					         0.56333	1.10000e+01	
					         0.56500	1.10000e+01	
					         0.56667	1.10000e+01	
					         0.56833	1.10000e+01	
					         0.57000	1.10000e+01	
					         0.57167	1.00000e+01	
					         0.57333	9.00000e+00	
					         0.57500	9.00000e+00	
					         0.57667	8.00000e+00	
					         0.57833	7.00000e+00	
					         0.58000	6.00000e+00	
					         0.58167	5.00000e+00	
					         0.58333	4.00000e+00	
					         0.58500	3.00000e+00	
					         0.58667	2.00000e+00	
					         0.58833	1.00000e+00	
					         0.59000	1.00000e+00	
					         0.59167	0.00000e+00	
					         0.59333	0.00000e+00	
					         0.59500	1.00000e+00	
					         0.59667	2.00000e+00	
					         0.59833	3.00000e+00	
					         0.60000	4.00000e+00	
					         0.60167	6.00000e+00	
					         0.60333	8.00000e+00	
					         0.60500	1.10000e+01	
					         0.60667	1.30000e+01	
					         0.60833	1.50000e+01	
					         0.61000	1.70000e+01	
					         0.61167	1.80000e+01	
					         0.61333	1.90000e+01	
					         0.61500	1.90000e+01	
					         0.61667	1.90000e+01	
					         0.61833	1.80000e+01	
					         0.62000	1.60000e+01	
					         0.62167	1.40000e+01	
					         0.62333	1.20000e+01	
					         0.62500	1.00000e+01	
					         0.62667	8.00000e+00	
					         0.62833	6.00000e+00	
					         0.63000	5.00000e+00	
					         0.63167	3.00000e+00	
					         0.63333	2.00000e+00	
					         0.63500	2.00000e+00	
					         0.63667	1.00000e+00	
					         0.63833	1.00000e+00	
					         0.64000	1.00000e+00	
					         0.64167	0.00000e+00	
					         0.64333	0.00000e+00	
					         0.64500	0.00000e+00	
					         0.64667	0.00000e+00	
					         0.64833	0.00000e+00	
					         0.65000	0.00000e+00	
					         0.65167	-1.00000e+00	
					         0.65333	-1.00000e+00	
					         0.65500	-2.00000e+00	
					         0.65667	-2.00000e+00	
					         0.65833	-3.00000e+00	
					         0.66000	-3.00000e+00	
					         0.66167	-4.00000e+00	
					         0.66333	-5.00000e+00	
					         0.66500	-6.00000e+00	
					         0.66667	-7.00000e+00	
					         0.66833	-8.00000e+00	
					         0.67000	-9.00000e+00	
					         0.67167	-1.00000e+01	
					         0.67333	-1.10000e+01	
					         0.67500	-1.10000e+01	
					         0.67667	-1.20000e+01	
					         0.67833	-1.20000e+01	
					         0.68000	-1.20000e+01	
					         0.68167	-1.20000e+01	
					         0.68333	-1.10000e+01	
					         0.68500	-1.00000e+01	
					         0.68667	-1.00000e+01	
					         0.68833	-9.00000e+00	
					         0.69000	-8.00000e+00	
					         0.69167	-7.00000e+00	
					         0.69333	-6.00000e+00	
					         0.69500	-5.00000e+00	
					         0.69667	-4.00000e+00	
					         0.69833	-4.00000e+00	
					         0.70000	-4.00000e+00	
					         0.70167	-3.00000e+00	
					         0.70333	-4.00000e+00	
					         0.70500	-4.00000e+00	
					         0.70667	-4.00000e+00	
					         0.70833	-5.00000e+00	
					         0.71000	-6.00000e+00	
					         0.71167	-7.00000e+00	
					         0.71333	-8.00000e+00	
					         0.71500	-8.00000e+00	
					         0.71667	-9.00000e+00	
					         0.71833	-1.00000e+01	
					         0.72000	-1.10000e+01	
					         0.72167	-1.20000e+01	
					         0.72333	-1.20000e+01	
					         0.72500	-1.20000e+01	
					         0.72667	-1.30000e+01	
					         0.72833	-1.20000e+01	
					         0.73000	-1.20000e+01	
					         0.73167	-1.10000e+01	
					         0.73333	-1.00000e+01	
					         0.73500	-9.00000e+00	
					         0.73667	-8.00000e+00	
					         0.73833	-8.00000e+00	
					         0.74000	-7.00000e+00	
					         0.74167	-6.00000e+00	
					         0.74333	-5.00000e+00	
					         0.74500	-5.00000e+00	
					         0.74667	-5.00000e+00	
					         0.74833	-5.00000e+00	
					         0.75000	-5.00000e+00	
					         0.75167	-6.00000e+00	
					         0.75333	-6.00000e+00	
					         0.75500	-7.00000e+00	
					         0.75667	-7.00000e+00	
					         0.75833	-8.00000e+00	
					         0.76000	-8.00000e+00	
					         0.76167	-8.00000e+00	
					         0.76333	-8.00000e+00	
					         0.76500	-8.00000e+00	
					         0.76667	-8.00000e+00	
					         0.76833	-8.00000e+00	
					         0.77000	-8.00000e+00	
					         0.77167	-7.00000e+00	
					         0.77333	-7.00000e+00	
					         0.77500	-7.00000e+00	
					         0.77667	-6.00000e+00	
					         0.77833	-6.00000e+00	
					         0.78000	-5.00000e+00	
					         0.78167	-5.00000e+00	
					         0.78333	-4.00000e+00	
					         0.78500	-3.00000e+00	
					         0.78667	-2.00000e+00	
					         0.78833	-1.00000e+00	
					         0.79000	0.00000e+00	
					         0.79167	1.00000e+00	
					         0.79333	3.00000e+00	
					         0.79500	5.00000e+00	
					         0.79667	7.00000e+00	
					         0.79833	1.10000e+01	
					         0.80000	1.50000e+01	
					         0.80167	2.10000e+01	
					         0.80333	2.90000e+01	
					         0.80500	3.70000e+01	
					         0.80667	4.70000e+01	
					         0.80833	5.90000e+01	
					         0.81000	7.10000e+01	
					         0.81167	8.50000e+01	
					         0.81333	9.90000e+01	
					         0.81500	1.14000e+02	
					         0.81667	1.29000e+02	
					         0.81833	1.44000e+02	
					         0.82000	1.57000e+02	
					         0.82167	1.69000e+02	
					         0.82333	1.78000e+02	
					         0.82500	1.85000e+02	
					         0.82667	1.89000e+02	
					         0.82833	1.89000e+02	
					         0.83000	1.84000e+02	
					         0.83167	1.74000e+02	
					         0.83333	1.59000e+02	
					         0.83500	1.39000e+02	
					         0.83667	1.14000e+02	
					         0.83833	8.60000e+01	
					         0.84000	5.40000e+01	
					         0.84167	2.00000e+01	
					         0.84333	-1.50000e+01	
					         0.84500	-5.00000e+01	
					         0.84667	-8.40000e+01	
					         0.84833	-1.15000e+02	
					         0.85000	-1.42000e+02	
					         0.85167	-1.64000e+02	
					         0.85333	-1.81000e+02	
					         0.85500	-1.93000e+02	
					         0.85667	-1.99000e+02	
					         0.85833	-2.00000e+02	
					         0.86000	-1.96000e+02	
					         0.86167	-1.89000e+02	
					         0.86333	-1.78000e+02	
					         0.86500	-1.66000e+02	
					         0.86667	-1.52000e+02	
					         0.86833	-1.38000e+02	
					         0.87000	-1.23000e+02	
					         0.87167	-1.07000e+02	
					         0.87333	-9.20000e+01	
					         0.87500	-7.80000e+01	
					         0.87667	-6.40000e+01	
					         0.87833	-5.10000e+01	
					         0.88000	-4.00000e+01	
					         0.88167	-2.90000e+01	
					         0.88333	-1.90000e+01	
					         0.88500	-1.10000e+01	
					         0.88667	-3.00000e+00	
					         0.88833	3.00000e+00	
					         0.89000	8.00000e+00	
					         0.89167	1.30000e+01	
					         0.89333	1.50000e+01	
					         0.89500	1.70000e+01	
					         0.89667	1.80000e+01	
					         0.89833	1.80000e+01	
					         0.90000	1.80000e+01	
					         0.90167	1.70000e+01	
					         0.90333	1.60000e+01	
					         0.90500	1.60000e+01	
					         0.90667	1.50000e+01	
					         0.90833	1.40000e+01	
					         0.91000	1.40000e+01	
					         0.91167	1.30000e+01	
					         0.91333	1.30000e+01	
					         0.91500	1.30000e+01	
					         0.91667	1.30000e+01	
					         0.91833	1.40000e+01	
					         0.92000	1.40000e+01	
					         0.92167	1.40000e+01	
					         0.92333	1.40000e+01	
					         0.92500	1.50000e+01	
					         0.92667	1.50000e+01	
					         0.92833	1.50000e+01	
					         0.93000	1.50000e+01	
					         0.93167	1.50000e+01	
					         0.93333	1.50000e+01	
					         0.93500	1.40000e+01	
					         0.93667	1.40000e+01	
					         0.93833	1.30000e+01	
					         0.94000	1.30000e+01	
					         0.94167	1.20000e+01	
					         0.94333	1.20000e+01	
					         0.94500	1.10000e+01	
					         0.94667	1.00000e+01	
					         0.94833	1.00000e+01	
					         0.95000	9.00000e+00	
					         0.95167	9.00000e+00	
					         0.95333	9.00000e+00	
					         0.95500	9.00000e+00	
					         0.95667	9.00000e+00	
					         0.95833	1.00000e+01	
					         0.96000	1.10000e+01	
					         0.96167	1.20000e+01	
					         0.96333	1.30000e+01	
					         0.96500	1.40000e+01	
					         0.96667	1.50000e+01	
					         0.96833	1.60000e+01	
					         0.97000	1.70000e+01	
					         0.97167	1.70000e+01	
					         0.97333	1.80000e+01	
					         0.97500	1.80000e+01	
					         0.97667	1.90000e+01	
					         0.97833	1.90000e+01	
					         0.98000	1.90000e+01	
					         0.98167	1.90000e+01	
					         0.98333	1.90000e+01	
					         0.98500	1.90000e+01	
					         0.98667	1.90000e+01	
					         0.98833	1.90000e+01	
					         0.99000	1.90000e+01	
					         0.99167	1.80000e+01	
					         0.99333	1.80000e+01	
					         0.99500	1.80000e+01	
					         0.99667	1.80000e+01	
					         0.99833	1.80000e+01	
					         1.00000	1.90000e+01	
					         1.00167	1.90000e+01	
					         1.00333	1.90000e+01	
					         1.00500	1.90000e+01	
					         1.00667	2.00000e+01	
					         1.00833	2.00000e+01	
					         1.01000	2.10000e+01	
					         1.01167	2.10000e+01	
					         1.01333	2.20000e+01	
					         1.01500	2.30000e+01	
					         1.01667	2.40000e+01	
					         1.01833	2.50000e+01	
					         1.02000	2.60000e+01	
					         1.02167	2.70000e+01	
					         1.02333	2.80000e+01	
					         1.02500	2.90000e+01	
					         1.02667	3.00000e+01	
					         1.02833	3.00000e+01	
					         1.03000	3.10000e+01	
					         1.03167	3.20000e+01	
					         1.03333	3.30000e+01	
					         1.03500	3.40000e+01	
					         1.03667	3.50000e+01	
					         1.03833	3.60000e+01	
					         1.04000	3.70000e+01	
					         1.04167	3.80000e+01	
					         1.04333	3.90000e+01	
					         1.04500	4.10000e+01	
					         1.04667	4.20000e+01	
					         1.04833	4.40000e+01	
					         1.05000	4.50000e+01	
					         1.05167	4.60000e+01	
					         1.05333	4.70000e+01	
					         1.05500	4.80000e+01	
					         1.05667	4.80000e+01	
					         1.05833	4.90000e+01	
					         1.06000	4.80000e+01	
					         1.06167	4.80000e+01	
					         1.06333	4.70000e+01	
					         1.06500	4.60000e+01	
					         1.06667	4.50000e+01	
					         1.06833	4.40000e+01	
					         1.07000	4.30000e+01	
					         1.07167	4.20000e+01	
					         1.07333	4.10000e+01	
					         1.07500	4.00000e+01	
					         1.07667	3.90000e+01	
					         1.07833	3.80000e+01	
					         1.08000	3.80000e+01	
					         1.08167	3.70000e+01	
					         1.08333	3.60000e+01	
					         1.08500	3.50000e+01	
					         1.08667	3.30000e+01	
					         1.08833	3.10000e+01	
					         1.09000	2.90000e+01	
					         1.09167	2.70000e+01	
					         1.09333	2.50000e+01	
					         1.09500	2.20000e+01	
					         1.09667	1.90000e+01	
					         1.09833	1.60000e+01	
					         1.10000	1.20000e+01	
					         1.10167	9.00000e+00	
					         1.10333	6.00000e+00	
					         1.10500	2.00000e+00	
					         1.10667	-1.00000e+00	
					         1.10833	-5.00000e+00	
					         1.11000	-8.00000e+00	
					         1.11167	-1.10000e+01	
					         1.11333	-1.50000e+01	
					         1.11500	-1.80000e+01	
					         1.11667	-2.10000e+01	
					         1.11833	-2.40000e+01	
					         1.12000	-2.60000e+01	
					         1.12167	-2.90000e+01	
					         1.12333	-3.20000e+01	
					         1.12500	-3.40000e+01	
					         1.12667	-3.60000e+01	
					         1.12833	-3.80000e+01	
					         1.13000	-4.00000e+01	
					         1.13167	-4.10000e+01	
					         1.13333	-4.30000e+01	
					         1.13500	-4.40000e+01	
					         1.13667	-4.50000e+01	
					         1.13833	-4.50000e+01	
					         1.14000	-4.60000e+01	
					         1.14167	-4.70000e+01	
					         1.14333	-4.70000e+01	
					         1.14500	-4.80000e+01	
					         1.14667	-4.80000e+01	
					         1.14833	-4.90000e+01	
					         1.15000	-4.90000e+01	
					         1.15167	-5.00000e+01	
					         1.15333	-5.00000e+01	
					         1.15500	-5.10000e+01	
					         1.15667	-5.10000e+01	
					         1.15833	-5.10000e+01	
					         1.16000	-5.10000e+01	
					         1.16167	-5.10000e+01	
					         1.16333	-5.10000e+01	
					         1.16500	-5.00000e+01	
					         1.16667	-4.90000e+01	
					         1.16833	-4.80000e+01	
					         1.17000	-4.70000e+01	
					         1.17167	-4.50000e+01	
					         1.17333	-4.40000e+01	
					         1.17500	-4.20000e+01	
					         1.17667	-4.10000e+01	
					         1.17833	-3.90000e+01	
					         1.18000	-3.80000e+01	
					         1.18167	-3.70000e+01	
					         1.18333	-3.60000e+01	
					         1.18500	-3.50000e+01	
					         1.18667	-3.40000e+01	
					         1.18833	-3.40000e+01	
					         1.19000	-3.30000e+01	
					         1.19167	-3.30000e+01	
					         1.19333	-3.30000e+01	
					         1.19500	-3.40000e+01	
					         1.19667	-3.40000e+01	
					         1.19833	-3.50000e+01	
					         1.20000	-3.60000e+01	
					         1.20167	-3.70000e+01	
					         1.20333	-3.70000e+01	
					         1.20500	-3.80000e+01	
					         1.20667	-3.80000e+01	
					         1.20833	-3.70000e+01	
					         1.21000	-3.70000e+01	
					         1.21167	-3.60000e+01	
					         1.21333	-3.40000e+01	
					         1.21500	-3.20000e+01	
					         1.21667	-3.00000e+01	
					         1.21833	-2.70000e+01	
					         1.22000	-2.50000e+01	
					         1.22167	-2.20000e+01	
					         1.22333	-2.00000e+01	
					         1.22500	-1.90000e+01	
					         1.22667	-1.70000e+01	
					         1.22833	-1.70000e+01	
					         1.23000	-1.60000e+01	
					         1.23167	-1.70000e+01	
					         1.23333	-1.70000e+01	
					         1.23500	-1.80000e+01	
					         1.23667	-1.90000e+01	
					         1.23833	-2.00000e+01	
					         1.24000	-2.20000e+01	
					         1.24167	-2.30000e+01	
					         1.24333	-2.40000e+01	
					         1.24500	-2.50000e+01	
					         1.24667	-2.50000e+01	
					         1.24833	-2.50000e+01	
					         1.25000	-2.50000e+01	
					         1.25167	-2.50000e+01	
					         1.25333	-2.40000e+01	
					         1.25500	-2.40000e+01	
					         1.25667	-2.30000e+01	
					         1.25833	-2.20000e+01	
					         1.26000	-2.10000e+01	
					         1.26167	-2.10000e+01	
					         1.26333	-2.00000e+01	
					         1.26500	-2.00000e+01	
					         1.26667	-1.90000e+01	
					         1.26833	-1.90000e+01	
					         1.27000	-1.80000e+01	
					         1.27167	-1.80000e+01	
					         1.27333	-1.70000e+01	
					         1.27500	-1.70000e+01	
					         1.27667	-1.70000e+01	
					         1.27833	-1.60000e+01	
					         1.28000	-1.60000e+01	
					         1.28167	-1.60000e+01	
					         1.28333	-1.50000e+01	
					         1.28500	-1.50000e+01	
					         1.28667	-1.40000e+01	
					         1.28833	-1.40000e+01	
					         1.29000	-1.40000e+01	
					         1.29167	-1.30000e+01	
					         1.29333	-1.30000e+01	
					         1.29500	-1.30000e+01	
					         1.29667	-1.20000e+01	
					         1.29833	-1.20000e+01	
					         1.30000	-1.10000e+01	
					         1.30167	-1.10000e+01	
					         1.30333	-1.10000e+01	
					         1.30500	-1.10000e+01	
					         1.30667	-1.20000e+01	
					         1.30833	-1.20000e+01	
					         1.31000	-1.20000e+01	
					         1.31167	-1.20000e+01	
					         1.31333	-1.20000e+01	
					         1.31500	-1.20000e+01	
					         1.31667	-1.30000e+01	
					         1.31833	-1.20000e+01	
					         1.32000	-1.20000e+01	
					         1.32167	-1.20000e+01	
					         1.32333	-1.10000e+01	
					         1.32500	-1.00000e+01	
					         1.32667	-9.00000e+00	
					         1.32833	-8.00000e+00	
					         1.33000	-7.00000e+00	
					         1.33167	-6.00000e+00	
					         1.33333	-5.00000e+00	
					         1.33500	-4.00000e+00	
					         1.33667	-3.00000e+00	
					         1.33833	-2.00000e+00	
					         1.34000	-1.00000e+00	
					         1.34167	0.00000e+00	
					         1.34333	1.00000e+00	
					         1.34500	1.00000e+00	
					         1.34667	2.00000e+00	
					         1.34833	2.00000e+00	
					         1.35000	3.00000e+00	
					         1.35167	3.00000e+00	
					         1.35333	2.00000e+00	
					         1.35500	2.00000e+00	
					         1.35667	1.00000e+00	
					         1.35833	0.00000e+00	
					         1.36000	-1.00000e+00	
					         1.36167	-2.00000e+00	
					         1.36333	-3.00000e+00	
					         1.36500	-4.00000e+00	
					         1.36667	-5.00000e+00	
					         1.36833	-4.00000e+00	
					         1.37000	-4.00000e+00	
					         1.37167	-3.00000e+00	
					         1.37333	-1.00000e+00	
					         1.37500	1.00000e+00	
					         1.37667	3.00000e+00	
					         1.37833	5.00000e+00	
					         1.38000	8.00000e+00	
					         1.38167	1.00000e+01	
					         1.38333	1.20000e+01	
					         1.38500	1.30000e+01	
					         1.38667	1.40000e+01	
					         1.38833	1.50000e+01	
					         1.39000	1.50000e+01	
					         1.39167	1.40000e+01	
					         1.39333	1.30000e+01	
					         1.39500	1.20000e+01	
					         1.39667	1.10000e+01	
					         1.39833	9.00000e+00	
					         1.40000	8.00000e+00	
					         1.40167	7.00000e+00	
					         1.40333	6.00000e+00	
					         1.40500	5.00000e+00	
					         1.40667	4.00000e+00	
					         1.40833	4.00000e+00	
					         1.41000	4.00000e+00	
					         1.41167	4.00000e+00	
					         1.41333	4.00000e+00	
					         1.41500	4.00000e+00	
					         1.41667	4.00000e+00	
					         1.41833	5.00000e+00	
					         1.42000	5.00000e+00	
					         1.42167	6.00000e+00	
					         1.42333	7.00000e+00	
					         1.42500	7.00000e+00	
					         1.42667	8.00000e+00	
					         1.42833	9.00000e+00	
					         1.43000	9.00000e+00	
					         1.43167	1.00000e+01	
					         1.43333	1.00000e+01	
					         1.43500	1.10000e+01	
					         1.43667	1.10000e+01	
					         1.43833	1.10000e+01	
					         1.44000	1.10000e+01	
					         1.44167	1.10000e+01	
					         1.44333	1.00000e+01	
					         1.44500	1.00000e+01	
					         1.44667	9.00000e+00	
					         1.44833	9.00000e+00	
					         1.45000	9.00000e+00	
					         1.45167	9.00000e+00	
					         1.45333	9.00000e+00	
					         1.45500	9.00000e+00	
					         1.45667	9.00000e+00	
					         1.45833	9.00000e+00	
					         1.46000	9.00000e+00	
					         1.46167	9.00000e+00	
					         1.46333	9.00000e+00	
					         1.46500	9.00000e+00	
					         1.46667	8.00000e+00	
					         1.46833	8.00000e+00	
					         1.47000	7.00000e+00	
					         1.47167	5.00000e+00	
					         1.47333	4.00000e+00	
					         1.47500	3.00000e+00	
					         1.47667	2.00000e+00	
					         1.47833	0.00000e+00	
					         1.48000	-1.00000e+00	
					         1.48167	-2.00000e+00	
					         1.48333	-3.00000e+00	
					         1.48500	-4.00000e+00	
					         1.48667	-4.00000e+00	
					         1.48833	-5.00000e+00	
					         1.49000	-5.00000e+00	
					         1.49167	-6.00000e+00	
					         1.49333	-6.00000e+00	
					         1.49500	-6.00000e+00	
					         1.49667	-7.00000e+00	
					         1.49833	-7.00000e+00	
					         1.50000	-7.00000e+00	
					         1.50167	-8.00000e+00	
					         1.50333	-8.00000e+00	
					         1.50500	-8.00000e+00	
					         1.50667	-9.00000e+00	
					         1.50833	-9.00000e+00	
					         1.51000	-9.00000e+00	
					         1.51167	-8.00000e+00	
					         1.51333	-8.00000e+00	
					         1.51500	-7.00000e+00	
					         1.51667	-7.00000e+00	
					         1.51833	-6.00000e+00	
					         1.52000	-6.00000e+00	
					         1.52167	-5.00000e+00	
					         1.52333	-5.00000e+00	
					         1.52500	-5.00000e+00	
					         1.52667	-5.00000e+00	
					         1.52833	-5.00000e+00	
					         1.53000	-5.00000e+00	
					         1.53167	-6.00000e+00	
					         1.53333	-6.00000e+00	
					         1.53500	-7.00000e+00	
					         1.53667	-8.00000e+00	
					         1.53833	-9.00000e+00	
					         1.54000	-9.00000e+00	
					         1.54167	-1.00000e+01	
					         1.54333	-1.00000e+01	
					         1.54500	-1.10000e+01	
					         1.54667	-1.10000e+01	
					         1.54833	-1.10000e+01	
					         1.55000	-1.10000e+01	
					         1.55167	-1.10000e+01	
					         1.55333	-1.10000e+01	
					         1.55500	-1.10000e+01	
					         1.55667	-1.10000e+01	
					         1.55833	-1.10000e+01	
					         1.56000	-1.10000e+01	
					         1.56167	-1.10000e+01	
					         1.56333	-1.10000e+01	
					         1.56500	-1.10000e+01	
					         1.56667	-1.10000e+01	
					         1.56833	-1.10000e+01	
					         1.57000	-1.00000e+01	
					         1.57167	-1.00000e+01	
					         1.57333	-9.00000e+00	
					         1.57500	-9.00000e+00	
					         1.57667	-8.00000e+00	
					         1.57833	-8.00000e+00	
					         1.58000	-7.00000e+00	
					         1.58167	-7.00000e+00	
					         1.58333	-6.00000e+00	
					         1.58500	-6.00000e+00	
					         1.58667	-5.00000e+00	
					         1.58833	-5.00000e+00	
					         1.59000	-4.00000e+00	
					         1.59167	-3.00000e+00	
					         1.59333	-2.00000e+00	
					         1.59500	-1.00000e+00	
					         1.59667	0.00000e+00	
					         1.59833	1.00000e+00	
					         1.60000	1.00000e+00	
					         1.60167	2.00000e+00	
					         1.60333	2.00000e+00	
					         1.60500	1.00000e+00	
					         1.60667	1.00000e+00	
					         1.60833	0.00000e+00	
					         1.61000	-1.00000e+00	
					         1.61167	-2.00000e+00	
					         1.61333	-4.00000e+00	
					         1.61500	-5.00000e+00	
					         1.61667	-6.00000e+00	
					         1.61833	-6.00000e+00	
					         1.62000	-6.00000e+00	
					         1.62167	-6.00000e+00	
					         1.62333	-4.00000e+00	
					         1.62500	-1.00000e+00	
					         1.62667	3.00000e+00	
					         1.62833	8.00000e+00	
					         1.63000	1.50000e+01	
					         1.63167	2.40000e+01	
					         1.63333	3.40000e+01	
					         1.63500	4.60000e+01	
					         1.63667	5.90000e+01	
					         1.63833	7.40000e+01	
					         1.64000	9.10000e+01	
					         1.64167	1.07000e+02	
					         1.64333	1.25000e+02	
					         1.64500	1.42000e+02	
					         1.64667	1.59000e+02	
					         1.64833	1.74000e+02	
					         1.65000	1.88000e+02	
					         1.65167	1.99000e+02	
					         1.65333	2.07000e+02	
					         1.65500	2.12000e+02	
					         1.65667	2.12000e+02	
					         1.65833	2.08000e+02	
					         1.66000	1.98000e+02	
					         1.66167	1.82000e+02	
					         1.66333	1.61000e+02	
					         1.66500	1.35000e+02	
					         1.66667	1.05000e+02	
					         1.66833	7.10000e+01	
					         1.67000	3.50000e+01	
					         1.67167	-1.00000e+00	
					         1.67333	-3.70000e+01	
					         1.67500	-7.20000e+01	
					         1.67667	-1.04000e+02	
					         1.67833	-1.32000e+02	
					         1.68000	-1.56000e+02	
					         1.68167	-1.73000e+02	
					         1.68333	-1.85000e+02	
					         1.68500	-1.92000e+02	
					         1.68667	-1.93000e+02	
					         1.68833	-1.89000e+02	
					         1.69000	-1.82000e+02	
					         1.69167	-1.72000e+02	
					         1.69333	-1.59000e+02	
					         1.69500	-1.45000e+02	
					         1.69667	-1.30000e+02	
					         1.69833	-1.15000e+02	
					         1.70000	-1.00000e+02	
					         1.70167	-8.60000e+01	
					         1.70333	-7.30000e+01	
					         1.70500	-6.10000e+01	
					         1.70667	-5.10000e+01	
					         1.70833	-4.10000e+01	
					         1.71000	-3.30000e+01	
					         1.71167	-2.60000e+01	
					         1.71333	-2.00000e+01	
					         1.71500	-1.50000e+01	
					         1.71667	-1.10000e+01	
					         1.71833	-7.00000e+00	
					         1.72000	-4.00000e+00	
					         1.72167	-2.00000e+00	
					         1.72333	1.00000e+00	
					         1.72500	3.00000e+00	
					         1.72667	5.00000e+00	
					         1.72833	7.00000e+00	
					         1.73000	9.00000e+00	
					         1.73167	1.10000e+01	
					         1.73333	1.30000e+01	
					         1.73500	1.40000e+01	
					         1.73667	1.50000e+01	
					         1.73833	1.60000e+01	
					         1.74000	1.60000e+01	
					         1.74167	1.60000e+01	
					         1.74333	1.70000e+01	
					         1.74500	1.60000e+01	
					         1.74667	1.60000e+01	
					         1.74833	1.50000e+01	
					         1.75000	1.40000e+01	
					         1.75167	1.30000e+01	
					         1.75333	1.30000e+01	
					         1.75500	1.20000e+01	
					         1.75667	1.10000e+01	
					         1.75833	1.10000e+01	
					         1.76000	1.10000e+01	
					         1.76167	1.00000e+01	
					         1.76333	1.00000e+01	
					         1.76500	1.00000e+01	
					         1.76667	1.00000e+01	
					         1.76833	1.00000e+01	
					         1.77000	1.00000e+01	
					         1.77167	1.00000e+01	
					         1.77333	1.00000e+01	
					         1.77500	1.00000e+01	
					         1.77667	1.00000e+01	
					         1.77833	1.10000e+01	
					         1.78000	1.10000e+01	
					         1.78167	1.20000e+01	
					         1.78333	1.30000e+01	
					         1.78500	1.40000e+01	
					         1.78667	1.40000e+01	
					         1.78833	1.50000e+01	
					         1.79000	1.50000e+01	
					         1.79167	1.60000e+01	
					         1.79333	1.60000e+01	
					         1.79500	1.60000e+01	
					         1.79667	1.50000e+01	
					         1.79833	1.50000e+01	
					         1.80000	1.40000e+01	
					         1.80167	1.30000e+01	
					         1.80333	1.20000e+01	
					         1.80500	1.20000e+01	
					         1.80667	1.20000e+01	
					         1.80833	1.20000e+01	
					         1.81000	1.20000e+01	
					         1.81167	1.20000e+01	
					         1.81333	1.30000e+01	
					         1.81500	1.40000e+01	
					         1.81667	1.40000e+01	
					         1.81833	1.50000e+01	
					         1.82000	1.60000e+01	
					         1.82167	1.70000e+01	
					         1.82333	1.70000e+01	
					         1.82500	1.80000e+01	
					         1.82667	1.90000e+01	
					         1.82833	2.00000e+01	
					         1.83000	2.00000e+01	
					         1.83167	2.10000e+01	
					         1.83333	2.20000e+01	
					         1.83500	2.30000e+01	
					         1.83667	2.40000e+01	
					         1.83833	2.60000e+01	
					         1.84000	2.70000e+01	
					         1.84167	2.80000e+01	
					         1.84333	3.00000e+01	
					         1.84500	3.10000e+01	
					         1.84667	3.30000e+01	
					         1.84833	3.40000e+01	
					         1.85000	3.50000e+01	
					         1.85167	3.60000e+01	
					         1.85333	3.60000e+01	
					         1.85500	3.70000e+01	
					         1.85667	3.70000e+01	
					         1.85833	3.60000e+01	
					         1.86000	3.60000e+01	
					         1.86167	3.50000e+01	
					         1.86333	3.40000e+01	
					         1.86500	3.30000e+01	
					         1.86667	3.20000e+01	
					         1.86833	3.20000e+01	
					         1.87000	3.20000e+01	
					         1.87167	3.20000e+01	
					         1.87333	3.20000e+01	
					         1.87500	3.30000e+01	
					         1.87667	3.50000e+01	
					         1.87833	3.60000e+01	
					         1.88000	3.80000e+01	
					         1.88167	3.90000e+01	
					         1.88333	4.10000e+01	
					         1.88500	4.30000e+01	
					         1.88667	4.40000e+01	
					         1.88833	4.60000e+01	
					         1.89000	4.70000e+01	
					         1.89167	4.80000e+01	
					         1.89333	4.90000e+01	
					         1.89500	5.00000e+01	
					         1.89667	5.00000e+01	
					         1.89833	4.90000e+01	
					         1.90000	4.90000e+01	
					         1.90167	4.80000e+01	
					         1.90333	4.70000e+01	
					         1.90500	4.60000e+01	
					         1.90667	4.50000e+01	
					         1.90833	4.30000e+01	
					         1.91000	4.20000e+01	
					         1.91167	4.00000e+01	
					         1.91333	3.80000e+01	
					         1.91500	3.60000e+01	
					         1.91667	3.40000e+01	
					         1.91833	3.20000e+01	
					         1.92000	3.00000e+01	
					         1.92167	2.80000e+01	
					         1.92333	2.60000e+01	
					         1.92500	2.30000e+01	
					         1.92667	2.10000e+01	
					         1.92833	1.80000e+01	
					         1.93000	1.60000e+01	
					         1.93167	1.20000e+01	
					         1.93333	9.00000e+00	
					         1.93500	6.00000e+00	
					         1.93667	2.00000e+00	
					         1.93833	-2.00000e+00	
					         1.94000	-6.00000e+00	
					         1.94167	-1.10000e+01	
					         1.94333	-1.50000e+01	
					         1.94500	-1.90000e+01	
					         1.94667	-2.30000e+01	
					         1.94833	-2.70000e+01	
					         1.95000	-3.00000e+01	
					         1.95167	-3.30000e+01	
					         1.95333	-3.60000e+01	
					         1.95500	-3.80000e+01	
					         1.95667	-4.00000e+01	
					         1.95833	-4.10000e+01	
					         1.96000	-4.30000e+01	
					         1.96167	-4.30000e+01	
					         1.96333	-4.40000e+01	
					         1.96500	-4.40000e+01	
					         1.96667	-4.50000e+01	
					         1.96833	-4.50000e+01	
					         1.97000	-4.50000e+01	
					         1.97167	-4.50000e+01	
					         1.97333	-4.50000e+01	
					         1.97500	-4.50000e+01	
					         1.97667	-4.50000e+01	
					         1.97833	-4.50000e+01	
					         1.98000	-4.60000e+01	
					         1.98167	-4.60000e+01	
					         1.98333	-4.60000e+01	
					         1.98500	-4.60000e+01	
					         1.98667	-4.70000e+01	
					         1.98833	-4.70000e+01	
					         1.99000	-4.70000e+01	
					         1.99167	-4.80000e+01	
					         1.99333	-4.80000e+01	
					         1.99500	-4.80000e+01	
					         1.99667	-4.80000e+01	
					         1.99833	-4.80000e+01	
					         2.00000	-4.70000e+01	
					         2.00167	-4.70000e+01	
					         2.00333	-4.60000e+01	
					         2.00500	-4.50000e+01	
					         2.00667	-4.40000e+01	
					         2.00833	-4.30000e+01	
					         2.01000	-4.20000e+01	
					         2.01167	-4.00000e+01	
					         2.01333	-3.90000e+01	
					         2.01500	-3.70000e+01	
					         2.01667	-3.60000e+01	
					         2.01833	-3.50000e+01	
					         2.02000	-3.40000e+01	
					         2.02167	-3.30000e+01	
					         2.02333	-3.20000e+01	
					         2.02500	-3.10000e+01	
					         2.02667	-3.00000e+01	
					         2.02833	-2.90000e+01	
					         2.03000	-2.90000e+01	
					         2.03167	-2.80000e+01	
					         2.03333	-2.70000e+01	
					         2.03500	-2.70000e+01	
					         2.03667	-2.70000e+01	
					         2.03833	-2.60000e+01	
					         2.04000	-2.60000e+01	
					         2.04167	-2.70000e+01	
					         2.04333	-2.70000e+01	
					         2.04500	-2.80000e+01	
					         2.04667	-2.90000e+01	
					         2.04833	-2.90000e+01	
					         2.05000	-3.00000e+01	
					         2.05167	-3.00000e+01	
					         2.05333	-3.00000e+01	
					         2.05500	-3.00000e+01	
					         2.05667	-2.90000e+01	
					         2.05833	-2.80000e+01	
					         2.06000	-2.70000e+01	
					         2.06167	-2.50000e+01	
					         2.06333	-2.40000e+01	
					         2.06500	-2.20000e+01	
					         2.06667	-2.10000e+01	
					         2.06833	-1.90000e+01	
					         2.07000	-1.80000e+01	
					         2.07167	-1.70000e+01	
					         2.07333	-1.70000e+01	
					         2.07500	-1.60000e+01	
					         2.07667	-1.60000e+01	
					         2.07833	-1.60000e+01	
					         2.08000	-1.60000e+01	
					         2.08167	-1.60000e+01	
					         2.08333	-1.60000e+01	
					         2.08500	-1.60000e+01	
					         2.08667	-1.70000e+01	
					         2.08833	-1.70000e+01	
					         2.09000	-1.70000e+01	
					         2.09167	-1.60000e+01	
					         2.09333	-1.60000e+01	
					         2.09500	-1.60000e+01	
					         2.09667	-1.60000e+01	
					         2.09833	-1.60000e+01	
					         2.10000	-1.50000e+01	
					         2.10167	-1.50000e+01	
					         2.10333	-1.50000e+01	
					         2.10500	-1.50000e+01	
					         2.10667	-1.40000e+01	
					         2.10833	-1.30000e+01	
					         2.11000	-1.30000e+01	
					         2.11167	-1.20000e+01	
					         2.11333	-1.10000e+01	
					         2.11500	-1.00000e+01	
					         2.11667	-1.00000e+01	
					         2.11833	-9.00000e+00	
					         2.12000	-8.00000e+00	
					         2.12167	-8.00000e+00	
					         2.12333	-8.00000e+00	
					         2.12500	-8.00000e+00	
					         2.12667	-9.00000e+00	
					         2.12833	-1.00000e+01	
					         2.13000	-1.20000e+01	
					         2.13167	-1.40000e+01	
					         2.13333	-1.60000e+01	
					         2.13500	-1.80000e+01	
					         2.13667	-1.90000e+01	
					         2.13833	-2.00000e+01	
					         2.14000	-2.00000e+01	
					         2.14167	-2.00000e+01	
					         2.14333	-1.90000e+01	
					         2.14500	-1.80000e+01	
					         2.14667	-1.60000e+01	
					         2.14833	-1.40000e+01	
					         2.15000	-1.10000e+01	
					         2.15167	-7.00000e+00	
					         2.15333	-4.00000e+00	
					         2.15500	-1.00000e+00	
					         2.15667	2.00000e+00	
					         2.15833	4.00000e+00	
					         2.16000	6.00000e+00	
					         2.16167	7.00000e+00	
					         2.16333	8.00000e+00	
					         2.16500	9.00000e+00	
					         2.16667	9.00000e+00	
					         2.16833	9.00000e+00	
					         2.17000	9.00000e+00	
					         2.17167	8.00000e+00	
					         2.17333	7.00000e+00	
					         2.17500	6.00000e+00	
					         2.17667	5.00000e+00	
					         2.17833	4.00000e+00	
					         2.18000	3.00000e+00	
					         2.18167	2.00000e+00	
					         2.18333	1.00000e+00	
					         2.18500	0.00000e+00	
					         2.18667	-1.00000e+00	
					         2.18833	-2.00000e+00	
					         2.19000	-3.00000e+00	
					         2.19167	-4.00000e+00	
					         2.19333	-4.00000e+00	
					         2.19500	-5.00000e+00	
					         2.19667	-5.00000e+00	
					         2.19833	-4.00000e+00	
					         2.20000	-4.00000e+00	
					         2.20167	-3.00000e+00	
					         2.20333	-3.00000e+00	
					         2.20500	-1.00000e+00	
					         2.20667	0.00000e+00	
					         2.20833	1.00000e+00	
					         2.21000	2.00000e+00	
					         2.21167	4.00000e+00	
					         2.21333	5.00000e+00	
					         2.21500	5.00000e+00	
					         2.21667	6.00000e+00	
					         2.21833	6.00000e+00	
					         2.22000	6.00000e+00	
					         2.22167	6.00000e+00	
					         2.22333	5.00000e+00	
					         2.22500	5.00000e+00	
					         2.22667	4.00000e+00	
					         2.22833	3.00000e+00	
					         2.23000	2.00000e+00	
					         2.23167	1.00000e+00	
					         2.23333	0.00000e+00	
					         2.23500	-1.00000e+00	
					         2.23667	-1.00000e+00	
					         2.23833	-1.00000e+00	
					         2.24000	0.00000e+00	
					         2.24167	0.00000e+00	
					         2.24333	1.00000e+00	
					         2.24500	1.00000e+00	
					         2.24667	2.00000e+00	
					         2.24833	3.00000e+00	
					         2.25000	4.00000e+00	
					         2.25167	5.00000e+00	
					         2.25333	6.00000e+00	
					         2.25500	7.00000e+00	
					         2.25667	9.00000e+00	
					         2.25833	1.00000e+01	
					         2.26000	1.10000e+01	
					         2.26167	1.30000e+01	
					         2.26333	1.40000e+01	
					         2.26500	1.60000e+01	
					         2.26667	1.80000e+01	
					         2.26833	1.90000e+01	
					         2.27000	2.10000e+01	
					         2.27167	2.30000e+01	
					         2.27333	2.40000e+01	
					         2.27500	2.50000e+01	
					         2.27667	2.50000e+01	
					         2.27833	2.50000e+01	
					         2.28000	2.40000e+01	
					         2.28167	2.30000e+01	
					         2.28333	2.20000e+01	
					         2.28500	2.00000e+01	
					         2.28667	1.90000e+01	
					         2.28833	1.60000e+01	
					         2.29000	1.40000e+01	
					         2.29167	1.20000e+01	
					         2.29333	9.00000e+00	
					         2.29500	7.00000e+00	
					         2.29667	5.00000e+00	
					         2.29833	3.00000e+00	
					         2.30000	1.00000e+00	
					         2.30167	-1.00000e+00	
					         2.30333	-2.00000e+00	
					         2.30500	-3.00000e+00	
					         2.30667	-5.00000e+00	
					         2.30833	-6.00000e+00	
					         2.31000	-6.00000e+00	
					         2.31167	-7.00000e+00	
					         2.31333	-7.00000e+00	
					         2.31500	-7.00000e+00	
					         2.31667	-6.00000e+00	
					         2.31833	-5.00000e+00	
					         2.32000	-4.00000e+00	
					         2.32167	-3.00000e+00	
					         2.32333	-3.00000e+00	
					         2.32500	-2.00000e+00	
					         2.32667	-1.00000e+00	
					         2.32833	-1.00000e+00	
					         2.33000	-1.00000e+00	
					         2.33167	-1.00000e+00	
					         2.33333	-1.00000e+00	
					         2.33500	-2.00000e+00	
					         2.33667	-3.00000e+00	
					         2.33833	-4.00000e+00	
					         2.34000	-4.00000e+00	
					         2.34167	-5.00000e+00	
					         2.34333	-6.00000e+00	
					         2.34500	-6.00000e+00	
					         2.34667	-6.00000e+00	
					         2.34833	-6.00000e+00	
					         2.35000	-5.00000e+00	
					         2.35167	-4.00000e+00	
					         2.35333	-4.00000e+00	
					         2.35500	-3.00000e+00	
					         2.35667	-3.00000e+00	
					         2.35833	-3.00000e+00	
					         2.36000	-3.00000e+00	
					         2.36167	-3.00000e+00	
					         2.36333	-3.00000e+00	
					         2.36500	-3.00000e+00	
					         2.36667	-4.00000e+00	
					         2.36833	-5.00000e+00	
					         2.37000	-5.00000e+00	
					         2.37167	-6.00000e+00	
					         2.37333	-7.00000e+00	
					         2.37500	-7.00000e+00	
					         2.37667	-7.00000e+00	
					         2.37833	-7.00000e+00	
					         2.38000	-7.00000e+00	
					         2.38167	-7.00000e+00	
					         2.38333	-7.00000e+00	
					         2.38500	-7.00000e+00	
					         2.38667	-6.00000e+00	
					         2.38833	-6.00000e+00	
					         2.39000	-6.00000e+00	
					         2.39167	-6.00000e+00	
					         2.39333	-6.00000e+00	
					         2.39500	-7.00000e+00	
					         2.39667	-7.00000e+00	
					         2.39833	-7.00000e+00	
					         2.40000	-8.00000e+00	
					         2.40167	-8.00000e+00	
					         2.40333	-9.00000e+00	
					         2.40500	-9.00000e+00	
					         2.40667	-9.00000e+00	
					         2.40833	-9.00000e+00	
					         2.41000	-9.00000e+00	
					         2.41167	-8.00000e+00	
					         2.41333	-8.00000e+00	
					         2.41500	-7.00000e+00	
					         2.41667	-6.00000e+00	
					         2.41833	-6.00000e+00	
					         2.42000	-5.00000e+00	
					         2.42167	-4.00000e+00	
					         2.42333	-4.00000e+00	
					         2.42500	-3.00000e+00	
					         2.42667	-3.00000e+00	
					         2.42833	-3.00000e+00	
					         2.43000	-3.00000e+00	
					         2.43167	-3.00000e+00	
					         2.43333	-4.00000e+00	
					         2.43500	-4.00000e+00	
					         2.43667	-4.00000e+00	
					         2.43833	-5.00000e+00	
					         2.44000	-5.00000e+00	
					         2.44167	-5.00000e+00	
					         2.44333	-5.00000e+00	
					         2.44500	-5.00000e+00	
					         2.44667	-5.00000e+00	
					         2.44833	-5.00000e+00	
					         2.45000	-5.00000e+00	
					         2.45167	-4.00000e+00	
					         2.45333	-3.00000e+00	
					         2.45500	-2.00000e+00	
					         2.45667	-1.00000e+00	
					         2.45833	1.00000e+00	
					         2.46000	3.00000e+00	
					         2.46167	6.00000e+00	
					         2.46333	1.10000e+01	
					         2.46500	1.60000e+01	
					         2.46667	2.30000e+01	
					         2.46833	3.20000e+01	
					         2.47000	4.20000e+01	
					         2.47167	5.30000e+01	
					         2.47333	6.60000e+01	
					         2.47500	8.10000e+01	
					         2.47667	9.70000e+01	
					         2.47833	1.13000e+02	
					         2.48000	1.30000e+02	
					         2.48167	1.46000e+02	
					         2.48333	1.62000e+02	
					         2.48500	1.78000e+02	
					         2.48667	1.91000e+02	
					         2.48833	2.02000e+02	
					         2.49000	2.11000e+02	
					         2.49167	2.15000e+02	
					         2.49333	2.16000e+02	
					         2.49500	2.11000e+02	
					         2.49667	2.02000e+02	
					         2.49833	1.86000e+02	
					         2.50000	1.66000e+02	
					         2.50167	1.40000e+02	
					         2.50333	1.11000e+02	
					         2.50500	7.80000e+01	
					         2.50667	4.20000e+01	
					         2.50833	6.00000e+00	
					         2.51000	-3.10000e+01	
					         2.51167	-6.60000e+01	
					         2.51333	-9.80000e+01	
					         2.51500	-1.27000e+02	
					         2.51667	-1.51000e+02	
					         2.51833	-1.69000e+02	
					         2.52000	-1.82000e+02	
					         2.52167	-1.89000e+02	
					         2.52333	-1.90000e+02	
					         2.52500	-1.88000e+02	
					         2.52667	-1.81000e+02	
					         2.52833	-1.71000e+02	
					         2.53000	-1.59000e+02	
					         2.53167	-1.45000e+02	
					         2.53333	-1.30000e+02	
					         2.53500	-1.15000e+02	
