Grayscale intensity, in dB

Time (s) :	Trace 1 : 	Trace 2 : 	Trace 3 : 		Ecg : 		
0.00077   	-3.30485e+01	-4.86739e+01	-4.68108e+01		         0.00000	1.20000e+01	
0.01964   	-3.34475e+01	-4.79945e+01	-4.59320e+01		         0.00167	1.20000e+01	
0.03850   	-3.36220e+01	-4.69589e+01	-4.53676e+01		         0.00333	1.20000e+01	
0.05737   	-3.37243e+01	-4.59248e+01	-4.39095e+01		         0.00500	1.20000e+01	
0.07624   	-3.38906e+01	-4.58625e+01	-4.59815e+01		         0.00667	1.30000e+01	
0.09510   	-3.32656e+01	-4.60008e+01	-4.86800e+01		         0.00833	1.40000e+01	
0.11397   	-3.27814e+01	-4.57292e+01	-4.74928e+01		         0.01000	1.60000e+01	
0.13284   	-3.28063e+01	-4.37671e+01	-4.69878e+01		         0.01167	2.00000e+01	
0.15171   	-3.32969e+01	-3.93546e+01	-4.66449e+01		         0.01333	2.60000e+01	
0.17057   	-3.43036e+01	-3.94516e+01	-4.87102e+01		         0.01500	3.50000e+01	
0.18944   	-3.44049e+01	-3.57671e+01	-4.73755e+01		         0.01667	4.70000e+01	
0.20831   	-3.51748e+01	-3.37639e+01	-4.62034e+01		         0.01833	6.20000e+01	
0.22717   	-3.56173e+01	-3.43899e+01	-4.57674e+01		         0.02000	8.10000e+01	
0.24604   	-3.56016e+01	-3.37207e+01	-4.74411e+01		         0.02167	1.02000e+02	
0.26490   	-3.60274e+01	-3.49044e+01	-4.54531e+01		         0.02333	1.25000e+02	
0.28377   	-3.69487e+01	-3.60622e+01	-4.45924e+01		         0.02500	1.49000e+02	
0.30264   	-3.70986e+01	-3.63792e+01	-4.29144e+01		         0.02667	1.73000e+02	
0.32151   	-3.72633e+01	-3.74415e+01	-4.34173e+01		         0.02833	1.96000e+02	
0.34037   	-3.69005e+01	-3.85925e+01	-3.96250e+01		         0.03000	2.18000e+02	
0.35924   	-3.67861e+01	-4.01013e+01	-3.48041e+01		         0.03167	2.38000e+02	
0.37810   	-3.71533e+01	-3.99597e+01	-3.56215e+01		         0.03333	2.54000e+02	
0.39697   	-3.71124e+01	-3.97160e+01	-3.93030e+01		         0.03500	2.66000e+02	
0.41584   	-3.68162e+01	-4.05478e+01	-4.00199e+01		         0.03667	2.74000e+02	
0.43470   	-3.66461e+01	-4.17116e+01	-3.86074e+01		         0.03833	2.76000e+02	
0.45357   	-3.60732e+01	-4.01586e+01	-3.81898e+01		         0.04000	2.74000e+02	
0.47244   	-3.59228e+01	-4.08256e+01	-3.86658e+01		         0.04167	2.68000e+02	
0.49131   	-3.53968e+01	-4.21446e+01	-3.74159e+01		         0.04333	2.57000e+02	
0.51017   	-3.51008e+01	-4.18657e+01	-4.05520e+01		         0.04500	2.43000e+02	
0.52904   	-3.56932e+01	-4.16065e+01	-4.13432e+01		         0.04667	2.27000e+02	
0.54791   	-3.68779e+01	-3.96655e+01	-4.29875e+01		         0.04833	2.08000e+02	
0.56677   	-3.74632e+01	-3.82326e+01	-4.31125e+01		         0.05000	1.88000e+02	
0.58564   	-3.75335e+01	-3.76112e+01	-3.98732e+01		         0.05167	1.68000e+02	
0.60451   	-3.60178e+01	-3.66399e+01	-3.68311e+01		         0.05333	1.46000e+02	
0.62337   	-3.43518e+01	-3.67308e+01	-3.87463e+01		         0.05500	1.24000e+02	
0.64224   	-3.43586e+01	-3.58336e+01	-3.91583e+01		         0.05667	1.03000e+02	
0.66110   	-3.46093e+01	-3.44027e+01	-3.98359e+01		         0.05833	8.20000e+01	
0.67997   	-3.45850e+01	-3.45524e+01	-4.06868e+01		         0.06000	6.10000e+01	
0.69884   	-3.47750e+01	-3.53096e+01	-4.04383e+01		         0.06167	4.10000e+01	
0.71771   	-3.50375e+01	-3.67617e+01	-4.08324e+01		         0.06333	2.30000e+01	
0.73657   	-3.51525e+01	-3.78163e+01	-4.08343e+01		         0.06500	5.00000e+00	
0.75544   	-3.52348e+01	-3.82336e+01	-4.05617e+01		         0.06667	-1.10000e+01	
0.77431   	-3.53383e+01	-3.89078e+01	-4.10789e+01		         0.06833	-2.60000e+01	
0.79317   	-3.52764e+01	-4.00739e+01	-4.04712e+01		         0.07000	-3.90000e+01	
0.81204   	-3.57122e+01	-3.42694e+01	-4.07763e+01		         0.07167	-5.20000e+01	
0.83091   	-3.59765e+01	-3.91491e+01	-3.96191e+01		         0.07333	-6.30000e+01	
0.84977   	-3.61342e+01	-4.09089e+01	-4.05767e+01		         0.07500	-7.30000e+01	
0.86864   	-3.54161e+01	-4.12477e+01	-4.03120e+01		         0.07667	-8.10000e+01	
0.88751   	-3.49192e+01	-4.13122e+01	-4.26472e+01		         0.07833	-8.80000e+01	
0.90637   	-3.51469e+01	-4.19903e+01	-4.43007e+01		         0.08000	-9.30000e+01	
0.92524   	-3.53198e+01	-4.20241e+01	-4.40984e+01		         0.08167	-9.70000e+01	
0.94411   	-3.52932e+01	-4.11125e+01	-4.31338e+01		         0.08333	-1.00000e+02	
0.96297   	-3.50351e+01	-4.08528e+01	-4.43800e+01		         0.08500	-1.01000e+02	
0.98184   	-3.51636e+01	-4.16395e+01	-4.68135e+01		         0.08667	-1.02000e+02	
1.00071   	-3.59769e+01	-4.11050e+01	-4.42018e+01		         0.08833	-1.02000e+02	
1.01957   	-3.55964e+01	-4.06343e+01	-4.74909e+01		         0.09000	-1.00000e+02	
1.03844   	-3.58113e+01	-3.87531e+01	-4.80339e+01		         0.09167	-9.90000e+01	
1.05731   	-3.48253e+01	-3.91763e+01	-4.86517e+01		         0.09333	-9.70000e+01	
1.07617   	-3.42611e+01	-3.89153e+01	-4.75046e+01		         0.09500	-9.50000e+01	
1.09504   	-3.43782e+01	-3.63777e+01	-4.70119e+01		         0.09667	-9.40000e+01	
1.11391   	-3.44012e+01	-3.44198e+01	-4.71058e+01		         0.09833	-9.20000e+01	
1.13277   	-3.46741e+01	-3.33456e+01	-4.66802e+01		         0.10000	-9.10000e+01	
1.15164   	-3.55476e+01	-3.40450e+01	-4.71478e+01		         0.10167	-9.00000e+01	
1.17051   	-3.55845e+01	-3.40567e+01	-4.73786e+01		         0.10333	-9.00000e+01	
1.18937   	-3.60838e+01	-3.53097e+01	-4.62770e+01		         0.10500	-8.90000e+01	
1.20824   	-3.63371e+01	-3.66034e+01	-4.52742e+01		         0.10667	-8.90000e+01	
1.22711   	-3.61867e+01	-3.65102e+01	-4.52260e+01		         0.10833	-8.90000e+01	
1.24597   	-3.59635e+01	-3.75153e+01	-4.34692e+01		         0.11000	-8.80000e+01	
1.26484   	-3.59627e+01	-3.93888e+01	-4.18205e+01		         0.11167	-8.70000e+01	
1.28371   	-3.62178e+01	-4.08851e+01	-4.04646e+01		         0.11333	-8.70000e+01	
1.30258   	-3.65505e+01	-3.93165e+01	-3.85471e+01		         0.11500	-8.60000e+01	
1.32144   	-3.64906e+01	-4.14130e+01	-3.94935e+01		         0.11667	-8.50000e+01	
1.34031   	-3.65452e+01	-4.16106e+01	-3.86577e+01		         0.11833	-8.40000e+01	
1.35917   	-3.58413e+01	-4.13505e+01	-3.86535e+01		         0.12000	-8.20000e+01	
1.37804   	-3.57880e+01	-4.06551e+01	-3.81682e+01		         0.12167	-8.10000e+01	
1.39691   	-3.57574e+01	-4.06923e+01	-3.97418e+01		         0.12333	-7.90000e+01	
1.41578   	-3.52075e+01	-4.17792e+01	-3.84956e+01		         0.12500	-7.80000e+01	
1.43464   	-3.52713e+01	-4.13135e+01	-4.13227e+01		         0.12667	-7.60000e+01	
1.45351   	-3.57833e+01	-3.99985e+01	-4.31663e+01		         0.12833	-7.50000e+01	
1.47237   	-3.69734e+01	-4.08583e+01	-4.43919e+01		         0.13000	-7.40000e+01	
1.49124   	-3.79842e+01	-3.83706e+01	-4.30619e+01		         0.13167	-7.20000e+01	
1.51011   	-3.78439e+01	-3.72917e+01	-3.91463e+01		         0.13333	-7.10000e+01	
1.52898   	-3.61367e+01	-3.70543e+01	-3.80216e+01		         0.13500	-7.00000e+01	
1.54785   	-3.58798e+01	-3.78566e+01	-3.78120e+01		         0.13667	-6.90000e+01	
1.56671   	-3.53405e+01	-3.74329e+01	-3.74893e+01		         0.13833	-6.70000e+01	
1.58558   	-3.47737e+01	-3.70657e+01	-3.71657e+01		         0.14000	-6.60000e+01	
1.60444   	-3.50330e+01	-3.67793e+01	-3.85970e+01		         0.14167	-6.50000e+01	
1.62331   	-3.53182e+01	-3.74664e+01	-3.96226e+01		         0.14333	-6.30000e+01	
1.64217   	-3.54308e+01	-3.76743e+01	-3.96274e+01		         0.14500	-6.20000e+01	
1.66104   	-3.55095e+01	-3.77735e+01	-3.98915e+01		         0.14667	-6.10000e+01	
1.67991   	-3.54567e+01	-3.77951e+01	-3.99764e+01		         0.14833	-6.00000e+01	
1.69878   	-3.54352e+01	-3.85650e+01	-3.98163e+01		         0.15000	-5.80000e+01	
1.71764   	-3.54014e+01	-3.80855e+01	-3.97588e+01		         0.15167	-5.70000e+01	
1.73651   	-3.53150e+01	-3.84552e+01	-3.99527e+01		         0.15333	-5.60000e+01	
1.75538   	-3.52857e+01	-4.06600e+01	-4.05804e+01		         0.15500	-5.40000e+01	
1.77424   	-3.50168e+01	-4.14074e+01	-3.91987e+01		         0.15667	-5.30000e+01	
1.79311   	-3.50871e+01	-4.11579e+01	-3.94597e+01		         0.15833	-5.20000e+01	
1.81198   	-3.46423e+01	-4.18835e+01	-4.16432e+01		         0.16000	-5.10000e+01	
1.83084   	-3.52136e+01	-4.14316e+01	-4.29768e+01		         0.16167	-5.00000e+01	
1.84972   	-3.53345e+01	-4.10840e+01	-4.40742e+01		         0.16333	-4.90000e+01	
1.86858   	-3.54523e+01	-4.13999e+01	-4.33707e+01		         0.16500	-4.70000e+01	
1.88744   	-3.53538e+01	-3.97595e+01	-4.41182e+01		         0.16667	-4.60000e+01	
1.90631   	-3.55038e+01	-4.00656e+01	-4.53669e+01		         0.16833	-4.50000e+01	
1.92518   	-3.51730e+01	-4.23632e+01	-4.51398e+01		         0.17000	-4.40000e+01	
1.94405   	-3.48148e+01	-4.08090e+01	-4.64303e+01		         0.17167	-4.30000e+01	
1.96291   	-3.48482e+01	-4.20893e+01	-4.84423e+01		         0.17333	-4.20000e+01	
1.98178   	-3.44672e+01	-4.06234e+01	-4.83209e+01		         0.17500	-4.10000e+01	
2.00064   	-3.34658e+01	-3.82240e+01	-4.69048e+01		         0.17667	-4.00000e+01	
2.01951   	-3.36567e+01	-3.75251e+01	-4.79220e+01		         0.17833	-3.90000e+01	
2.03838   	-3.43859e+01	-3.61630e+01	-4.70146e+01		         0.18000	-3.80000e+01	
2.05724   	-3.51153e+01	-3.45656e+01	-4.78943e+01		         0.18167	-3.70000e+01	
2.07611   	-3.57965e+01	-3.44853e+01	-4.64047e+01		         0.18333	-3.60000e+01	
2.09498   	-3.58057e+01	-3.37566e+01	-4.33304e+01		         0.18500	-3.50000e+01	
2.11384   	-3.60294e+01	-3.60692e+01	-4.02145e+01		         0.18667	-3.40000e+01	
2.13271   	-3.62340e+01	-3.53279e+01	-4.17286e+01		         0.18833	-3.30000e+01	
2.15158   	-3.66894e+01	-3.73866e+01	-4.11810e+01		         0.19000	-3.30000e+01	
2.17044   	-3.74637e+01	-3.89595e+01	-4.10993e+01		         0.19167	-3.20000e+01	
2.18931   	-3.73240e+01	-3.84605e+01	-3.91990e+01		         0.19333	-3.10000e+01	
2.20818   	-3.75053e+01	-3.99131e+01	-3.93411e+01		         0.19500	-3.00000e+01	
2.22705   	-3.77670e+01	-4.04761e+01	-4.04160e+01		         0.19667	-3.00000e+01	
2.24591   	-3.77083e+01	-4.19218e+01	-3.64069e+01		         0.19833	-2.90000e+01	
2.26478   	-3.79857e+01	-4.11409e+01	-3.81782e+01		         0.20000	-2.80000e+01	
2.28364   	-3.72251e+01	-4.31216e+01	-3.73027e+01		         0.20167	-2.80000e+01	
2.30251   	-3.64007e+01	-4.41298e+01	-3.82742e+01		         0.20333	-2.70000e+01	
2.32138   	-3.55043e+01	-4.67689e+01	-3.95119e+01		         0.20500	-2.70000e+01	
2.34024   	-3.44208e+01	-4.85614e+01	-3.94937e+01		         0.20667	-2.60000e+01	
2.35911   	-3.41874e+01	-4.97268e+01	-4.23596e+01		         0.20833	-2.60000e+01	
2.37798   	-3.45277e+01	-5.00080e+01	-4.45294e+01		         0.21000	-2.50000e+01	
2.39685   	-3.57492e+01	-4.82486e+01	-4.52391e+01		         0.21167	-2.40000e+01	
2.41571   	-3.62770e+01	-4.60650e+01	-4.68349e+01		         0.21333	-2.30000e+01	
2.43458   	-3.57594e+01	-4.59670e+01	-4.42272e+01		         0.21500	-2.20000e+01	
2.45344   	-3.46115e+01	-4.47280e+01	-4.61299e+01		         0.21667	-2.00000e+01	
2.47231   	-3.44653e+01	-4.47034e+01	-4.62085e+01		         0.21833	-1.90000e+01	
2.49118   	-3.44695e+01	-4.18971e+01	-4.62004e+01		         0.22000	-1.70000e+01	
2.51005   	-3.40406e+01	-4.31359e+01	-4.57175e+01		         0.22167	-1.60000e+01	
2.52891   	-3.39473e+01	-4.10391e+01	-4.69918e+01		         0.22333	-1.50000e+01	
2.54778   	-3.38721e+01	-4.43377e+01	-4.67468e+01		         0.22500	-1.30000e+01	
2.56665   	-3.38256e+01	-4.50153e+01	-4.61154e+01		         0.22667	-1.20000e+01	
2.58551   	-3.37771e+01	-4.45049e+01	-4.64568e+01		         0.22833	-1.10000e+01	
2.60438   	-3.36123e+01	-4.51394e+01	-4.61742e+01		         0.23000	-1.10000e+01	
2.62324   	-3.36301e+01	-4.48114e+01	-4.61802e+01		         0.23167	-1.00000e+01	
2.64211   	-3.36054e+01	-4.80713e+01	-4.63904e+01		         0.23333	-1.00000e+01	
2.66098   	-3.29225e+01	-4.79784e+01	-4.59768e+01		         0.23500	-1.00000e+01	
2.67985   	-3.24201e+01	-5.10720e+01	-4.59046e+01		         0.23667	-9.00000e+00	
2.69871   	-3.30844e+01	-5.19740e+01	-4.58925e+01		         0.23833	-9.00000e+00	
2.71758   	-3.30050e+01	-5.35219e+01	-4.43393e+01		         0.24000	-9.00000e+00	
2.73644   	-3.27657e+01	-5.52849e+01	-4.28218e+01		         0.24167	-8.00000e+00	
2.75531   	-3.31302e+01	-5.65289e+01	-4.55462e+01		         0.24333	-7.00000e+00	
2.77418   	-3.32997e+01	-5.57199e+01	-4.70196e+01		         0.24500	-6.00000e+00	
2.79305   	-3.29880e+01	-5.68022e+01	-4.49115e+01		         0.24667	-4.00000e+00	
2.81191   	-3.26443e+01	-5.22976e+01	-4.60980e+01		         0.24833	-2.00000e+00	
2.83078   	-3.29608e+01	-5.21164e+01	-4.61966e+01		         0.25000	0.00000e+00	
					         0.25167	2.00000e+00	
					         0.25333	4.00000e+00	
					         0.25500	5.00000e+00	
					         0.25667	7.00000e+00	
					         0.25833	9.00000e+00	
					         0.26000	1.10000e+01	
					         0.26167	1.30000e+01	
					         0.26333	1.40000e+01	
					         0.26500	1.50000e+01	
					         0.26667	1.70000e+01	
					         0.26833	1.80000e+01	
					         0.27000	1.90000e+01	
					         0.27167	2.10000e+01	
					         0.27333	2.30000e+01	
					         0.27500	2.50000e+01	
					         0.27667	2.60000e+01	
					         0.27833	2.80000e+01	
					         0.28000	3.00000e+01	
					         0.28167	3.10000e+01	
					         0.28333	3.30000e+01	
					         0.28500	3.40000e+01	
					         0.28667	3.40000e+01	
					         0.28833	3.50000e+01	
					         0.29000	3.50000e+01	
					         0.29167	3.60000e+01	
					         0.29333	3.60000e+01	
					         0.29500	3.50000e+01	
					         0.29667	3.50000e+01	
					         0.29833	3.50000e+01	
					         0.30000	3.60000e+01	
					         0.30167	3.60000e+01	
					         0.30333	3.60000e+01	
					         0.30500	3.70000e+01	
					         0.30667	3.70000e+01	
					         0.30833	3.70000e+01	
					         0.31000	3.70000e+01	
					         0.31167	3.70000e+01	
					         0.31333	3.70000e+01	
					         0.31500	3.60000e+01	
					         0.31667	3.50000e+01	
					         0.31833	3.40000e+01	
					         0.32000	3.30000e+01	
					         0.32167	3.20000e+01	
					         0.32333	3.00000e+01	
					         0.32500	2.90000e+01	
					         0.32667	2.70000e+01	
					         0.32833	2.50000e+01	
					         0.33000	2.30000e+01	
					         0.33167	2.20000e+01	
					         0.33333	2.00000e+01	
					         0.33500	1.90000e+01	
					         0.33667	1.70000e+01	
					         0.33833	1.60000e+01	
					         0.34000	1.40000e+01	
					         0.34167	1.20000e+01	
					         0.34333	1.00000e+01	
					         0.34500	8.00000e+00	
					         0.34667	6.00000e+00	
					         0.34833	4.00000e+00	
					         0.35000	2.00000e+00	
					         0.35167	0.00000e+00	
					         0.35333	-3.00000e+00	
					         0.35500	-5.00000e+00	
					         0.35667	-7.00000e+00	
					         0.35833	-9.00000e+00	
					         0.36000	-1.10000e+01	
					         0.36167	-1.30000e+01	
					         0.36333	-1.50000e+01	
					         0.36500	-1.60000e+01	
					         0.36667	-1.70000e+01	
					         0.36833	-1.70000e+01	
					         0.37000	-1.70000e+01	
					         0.37167	-1.80000e+01	
					         0.37333	-1.80000e+01	
					         0.37500	-1.80000e+01	
					         0.37667	-1.80000e+01	
					         0.37833	-1.80000e+01	
					         0.38000	-1.80000e+01	
					         0.38167	-1.80000e+01	
					         0.38333	-1.80000e+01	
					         0.38500	-1.80000e+01	
					         0.38667	-1.90000e+01	
					         0.38833	-1.90000e+01	
					         0.39000	-1.90000e+01	
					         0.39167	-1.90000e+01	
					         0.39333	-1.90000e+01	
					         0.39500	-1.90000e+01	
					         0.39667	-1.90000e+01	
					         0.39833	-1.90000e+01	
					         0.40000	-1.90000e+01	
					         0.40167	-1.80000e+01	
					         0.40333	-1.80000e+01	
					         0.40500	-1.80000e+01	
					         0.40667	-1.70000e+01	
					         0.40833	-1.70000e+01	
					         0.41000	-1.70000e+01	
					         0.41167	-1.70000e+01	
					         0.41333	-1.80000e+01	
					         0.41500	-1.80000e+01	
					         0.41667	-1.90000e+01	
					         0.41833	-1.90000e+01	
					         0.42000	-1.90000e+01	
					         0.42167	-1.90000e+01	
					         0.42333	-1.90000e+01	
					         0.42500	-1.90000e+01	
					         0.42667	-1.90000e+01	
					         0.42833	-1.90000e+01	
					         0.43000	-1.80000e+01	
					         0.43167	-1.70000e+01	
					         0.43333	-1.60000e+01	
					         0.43500	-1.50000e+01	
					         0.43667	-1.40000e+01	
					         0.43833	-1.40000e+01	
					         0.44000	-1.30000e+01	
					         0.44167	-1.20000e+01	
					         0.44333	-1.20000e+01	
					         0.44500	-1.20000e+01	
					         0.44667	-1.10000e+01	
					         0.44833	-1.10000e+01	
					         0.45000	-1.10000e+01	
					         0.45167	-1.10000e+01	
					         0.45333	-1.10000e+01	
					         0.45500	-1.00000e+01	
					         0.45667	-1.00000e+01	
					         0.45833	-9.00000e+00	
					         0.46000	-9.00000e+00	
					         0.46167	-9.00000e+00	
					         0.46333	-8.00000e+00	
					         0.46500	-8.00000e+00	
					         0.46667	-8.00000e+00	
					         0.46833	-8.00000e+00	
					         0.47000	-7.00000e+00	
					         0.47167	-7.00000e+00	
					         0.47333	-6.00000e+00	
					         0.47500	-6.00000e+00	
					         0.47667	-6.00000e+00	
					         0.47833	-5.00000e+00	
					         0.48000	-5.00000e+00	
					         0.48167	-4.00000e+00	
					         0.48333	-4.00000e+00	
					         0.48500	-3.00000e+00	
					         0.48667	-3.00000e+00	
					         0.48833	-2.00000e+00	
					         0.49000	-2.00000e+00	
					         0.49167	-2.00000e+00	
					         0.49333	-2.00000e+00	
					         0.49500	-2.00000e+00	
					         0.49667	-3.00000e+00	
					         0.49833	-3.00000e+00	
					         0.50000	-4.00000e+00	
					         0.50167	-4.00000e+00	
					         0.50333	-5.00000e+00	
					         0.50500	-5.00000e+00	
					         0.50667	-5.00000e+00	
					         0.50833	-6.00000e+00	
					         0.51000	-6.00000e+00	
					         0.51167	-6.00000e+00	
					         0.51333	-6.00000e+00	
					         0.51500	-5.00000e+00	
					         0.51667	-5.00000e+00	
					         0.51833	-5.00000e+00	
					         0.52000	-4.00000e+00	
					         0.52167	-4.00000e+00	
					         0.52333	-4.00000e+00	
					         0.52500	-4.00000e+00	
					         0.52667	-4.00000e+00	
					         0.52833	-4.00000e+00	
					         0.53000	-4.00000e+00	
					         0.53167	-4.00000e+00	
					         0.53333	-4.00000e+00	
					         0.53500	-3.00000e+00	
					         0.53667	-3.00000e+00	
					         0.53833	-3.00000e+00	
					         0.54000	-3.00000e+00	
					         0.54167	-3.00000e+00	
					         0.54333	-4.00000e+00	
					         0.54500	-4.00000e+00	
					         0.54667	-4.00000e+00	
					         0.54833	-5.00000e+00	
					         0.55000	-6.00000e+00	
					         0.55167	-6.00000e+00	
					         0.55333	-7.00000e+00	
					         0.55500	-7.00000e+00	
					         0.55667	-7.00000e+00	
					         0.55833	-8.00000e+00	
					         0.56000	-8.00000e+00	
					         0.56167	-8.00000e+00	
					         0.56333	-7.00000e+00	
					         0.56500	-7.00000e+00	
					         0.56667	-7.00000e+00	
					         0.56833	-6.00000e+00	
					         0.57000	-6.00000e+00	
					         0.57167	-6.00000e+00	
					         0.57333	-5.00000e+00	
					         0.57500	-5.00000e+00	
					         0.57667	-5.00000e+00	
					         0.57833	-5.00000e+00	
					         0.58000	-5.00000e+00	
					         0.58167	-6.00000e+00	
					         0.58333	-6.00000e+00	
					         0.58500	-6.00000e+00	
					         0.58667	-6.00000e+00	
					         0.58833	-6.00000e+00	
					         0.59000	-6.00000e+00	
					         0.59167	-6.00000e+00	
					         0.59333	-6.00000e+00	
					         0.59500	-7.00000e+00	
					         0.59667	-7.00000e+00	
					         0.59833	-8.00000e+00	
					         0.60000	-9.00000e+00	
					         0.60167	-1.00000e+01	
					         0.60333	-1.10000e+01	
					         0.60500	-1.20000e+01	
					         0.60667	-1.20000e+01	
					         0.60833	-1.30000e+01	
					         0.61000	-1.30000e+01	
					         0.61167	-1.30000e+01	
					         0.61333	-1.20000e+01	
					         0.61500	-1.20000e+01	
					         0.61667	-1.10000e+01	
					         0.61833	-1.10000e+01	
					         0.62000	-1.00000e+01	
					         0.62167	-1.00000e+01	
					         0.62333	-9.00000e+00	
					         0.62500	-9.00000e+00	
					         0.62667	-9.00000e+00	
					         0.62833	-9.00000e+00	
					         0.63000	-1.00000e+01	
					         0.63167	-1.10000e+01	
					         0.63333	-1.20000e+01	
					         0.63500	-1.30000e+01	
					         0.63667	-1.40000e+01	
					         0.63833	-1.50000e+01	
					         0.64000	-1.60000e+01	
					         0.64167	-1.80000e+01	
					         0.64333	-1.90000e+01	
					         0.64500	-1.90000e+01	
					         0.64667	-2.00000e+01	
					         0.64833	-2.00000e+01	
					         0.65000	-2.00000e+01	
					         0.65167	-2.00000e+01	
					         0.65333	-2.00000e+01	
					         0.65500	-1.90000e+01	
					         0.65667	-1.80000e+01	
					         0.65833	-1.70000e+01	
					         0.66000	-1.60000e+01	
					         0.66167	-1.50000e+01	
					         0.66333	-1.30000e+01	
					         0.66500	-1.20000e+01	
					         0.66667	-1.10000e+01	
					         0.66833	-1.10000e+01	
					         0.67000	-1.00000e+01	
					         0.67167	-1.00000e+01	
					         0.67333	-1.00000e+01	
					         0.67500	-1.00000e+01	
					         0.67667	-1.00000e+01	
					         0.67833	-1.10000e+01	
					         0.68000	-1.10000e+01	
					         0.68167	-1.20000e+01	
					         0.68333	-1.30000e+01	
					         0.68500	-1.40000e+01	
					         0.68667	-1.50000e+01	
					         0.68833	-1.60000e+01	
					         0.69000	-1.60000e+01	
					         0.69167	-1.70000e+01	
					         0.69333	-1.80000e+01	
					         0.69500	-1.80000e+01	
					         0.69667	-1.80000e+01	
					         0.69833	-1.80000e+01	
					         0.70000	-1.80000e+01	
					         0.70167	-1.80000e+01	
					         0.70333	-1.80000e+01	
					         0.70500	-1.70000e+01	
					         0.70667	-1.60000e+01	
					         0.70833	-1.50000e+01	
					         0.71000	-1.50000e+01	
					         0.71167	-1.40000e+01	
					         0.71333	-1.30000e+01	
					         0.71500	-1.10000e+01	
					         0.71667	-1.00000e+01	
					         0.71833	-9.00000e+00	
					         0.72000	-8.00000e+00	
					         0.72167	-8.00000e+00	
					         0.72333	-7.00000e+00	
					         0.72500	-6.00000e+00	
					         0.72667	-6.00000e+00	
					         0.72833	-6.00000e+00	
					         0.73000	-6.00000e+00	
					         0.73167	-6.00000e+00	
					         0.73333	-7.00000e+00	
					         0.73500	-7.00000e+00	
					         0.73667	-7.00000e+00	
					         0.73833	-7.00000e+00	
					         0.74000	-7.00000e+00	
					         0.74167	-7.00000e+00	
					         0.74333	-7.00000e+00	
					         0.74500	-6.00000e+00	
					         0.74667	-6.00000e+00	
					         0.74833	-5.00000e+00	
					         0.75000	-4.00000e+00	
					         0.75167	-3.00000e+00	
					         0.75333	-2.00000e+00	
					         0.75500	-1.00000e+00	
					         0.75667	0.00000e+00	
					         0.75833	1.00000e+00	
					         0.76000	1.00000e+00	
					         0.76167	2.00000e+00	
					         0.76333	2.00000e+00	
					         0.76500	2.00000e+00	
					         0.76667	2.00000e+00	
					         0.76833	1.00000e+00	
					         0.77000	1.00000e+00	
					         0.77167	0.00000e+00	
					         0.77333	-1.00000e+00	
					         0.77500	-2.00000e+00	
					         0.77667	-4.00000e+00	
					         0.77833	-5.00000e+00	
					         0.78000	-7.00000e+00	
					         0.78167	-9.00000e+00	
					         0.78333	-1.10000e+01	
					         0.78500	-1.30000e+01	
					         0.78667	-1.50000e+01	
					         0.78833	-1.70000e+01	
					         0.79000	-1.80000e+01	
					         0.79167	-2.00000e+01	
					         0.79333	-2.00000e+01	
					         0.79500	-2.10000e+01	
					         0.79667	-2.10000e+01	
					         0.79833	-2.00000e+01	
					         0.80000	-1.90000e+01	
					         0.80167	-1.80000e+01	
					         0.80333	-1.60000e+01	
					         0.80500	-1.50000e+01	
					         0.80667	-1.30000e+01	
					         0.80833	-1.10000e+01	
					         0.81000	-1.00000e+01	
					         0.81167	-8.00000e+00	
					         0.81333	-7.00000e+00	
					         0.81500	-6.00000e+00	
					         0.81667	-5.00000e+00	
					         0.81833	-5.00000e+00	
					         0.82000	-5.00000e+00	
					         0.82167	-4.00000e+00	
					         0.82333	-4.00000e+00	
					         0.82500	-4.00000e+00	
					         0.82667	-4.00000e+00	
					         0.82833	-4.00000e+00	
					         0.83000	-4.00000e+00	
					         0.83167	-3.00000e+00	
					         0.83333	-3.00000e+00	
					         0.83500	-3.00000e+00	
					         0.83667	-3.00000e+00	
					         0.83833	-2.00000e+00	
					         0.84000	-2.00000e+00	
					         0.84167	-2.00000e+00	
					         0.84333	-2.00000e+00	
					         0.84500	-2.00000e+00	
					         0.84667	-2.00000e+00	
					         0.84833	-2.00000e+00	
					         0.85000	-2.00000e+00	
					         0.85167	-2.00000e+00	
					         0.85333	-1.00000e+00	
					         0.85500	-1.00000e+00	
					         0.85667	0.00000e+00	
					         0.85833	0.00000e+00	
					         0.86000	1.00000e+00	
					         0.86167	1.00000e+00	
					         0.86333	2.00000e+00	
					         0.86500	2.00000e+00	
					         0.86667	2.00000e+00	
					         0.86833	3.00000e+00	
					         0.87000	3.00000e+00	
					         0.87167	3.00000e+00	
					         0.87333	3.00000e+00	
					         0.87500	3.00000e+00	
					         0.87667	3.00000e+00	
					         0.87833	3.00000e+00	
					         0.88000	3.00000e+00	
					         0.88167	3.00000e+00	
					         0.88333	4.00000e+00	
					         0.88500	4.00000e+00	
					         0.88667	4.00000e+00	
					         0.88833	5.00000e+00	
					         0.89000	5.00000e+00	
					         0.89167	5.00000e+00	
					         0.89333	5.00000e+00	
					         0.89500	5.00000e+00	
					         0.89667	5.00000e+00	
					         0.89833	4.00000e+00	
					         0.90000	4.00000e+00	
					         0.90167	3.00000e+00	
					         0.90333	2.00000e+00	
					         0.90500	1.00000e+00	
					         0.90667	0.00000e+00	
					         0.90833	-1.00000e+00	
					         0.91000	-2.00000e+00	
					         0.91167	-3.00000e+00	
					         0.91333	-3.00000e+00	
					         0.91500	-3.00000e+00	
					         0.91667	-3.00000e+00	
					         0.91833	-2.00000e+00	
					         0.92000	-1.00000e+00	
					         0.92167	0.00000e+00	
					         0.92333	1.00000e+00	
					         0.92500	3.00000e+00	
					         0.92667	4.00000e+00	
					         0.92833	6.00000e+00	
					         0.93000	8.00000e+00	
					         0.93167	1.00000e+01	
					         0.93333	1.20000e+01	
					         0.93500	1.40000e+01	
					         0.93667	1.80000e+01	
					         0.93833	2.40000e+01	
					         0.94000	3.20000e+01	
					         0.94167	4.20000e+01	
					         0.94333	5.60000e+01	
					         0.94500	7.30000e+01	
					         0.94667	9.20000e+01	
					         0.94833	1.14000e+02	
					         0.95000	1.37000e+02	
					         0.95167	1.61000e+02	
					         0.95333	1.85000e+02	
					         0.95500	2.09000e+02	
					         0.95667	2.30000e+02	
					         0.95833	2.49000e+02	
					         0.96000	2.65000e+02	
					         0.96167	2.76000e+02	
					         0.96333	2.83000e+02	
					         0.96500	2.85000e+02	
					         0.96667	2.82000e+02	
					         0.96833	2.74000e+02	
					         0.97000	2.62000e+02	
					         0.97167	2.48000e+02	
					         0.97333	2.30000e+02	
					         0.97500	2.10000e+02	
					         0.97667	1.89000e+02	
					         0.97833	1.66000e+02	
					         0.98000	1.44000e+02	
					         0.98167	1.21000e+02	
					         0.98333	9.80000e+01	
					         0.98500	7.60000e+01	
					         0.98667	5.50000e+01	
					         0.98833	3.50000e+01	
					         0.99000	1.60000e+01	
					         0.99167	-1.00000e+00	
					         0.99333	-1.70000e+01	
					         0.99500	-3.10000e+01	
					         0.99667	-4.40000e+01	
					         0.99833	-5.50000e+01	
					         1.00000	-6.50000e+01	
					         1.00167	-7.40000e+01	
					         1.00333	-8.20000e+01	
					         1.00500	-8.80000e+01	
					         1.00667	-9.20000e+01	
					         1.00833	-9.60000e+01	
					         1.01000	-9.80000e+01	
					         1.01167	-1.00000e+02	
					         1.01333	-1.00000e+02	
					         1.01500	-1.00000e+02	
					         1.01667	-1.00000e+02	
					         1.01833	-9.90000e+01	
					         1.02000	-9.80000e+01	
					         1.02167	-9.70000e+01	
					         1.02333	-9.50000e+01	
					         1.02500	-9.40000e+01	
					         1.02667	-9.30000e+01	
					         1.02833	-9.20000e+01	
					         1.03000	-9.10000e+01	
					         1.03167	-9.00000e+01	
					         1.03333	-8.80000e+01	
					         1.03500	-8.70000e+01	
					         1.03667	-8.50000e+01	
					         1.03833	-8.30000e+01	
					         1.04000	-8.10000e+01	
					         1.04167	-7.80000e+01	
					         1.04333	-7.60000e+01	
					         1.04500	-7.40000e+01	
					         1.04667	-7.20000e+01	
					         1.04833	-6.90000e+01	
					         1.05000	-6.80000e+01	
					         1.05167	-6.60000e+01	
					         1.05333	-6.50000e+01	
					         1.05500	-6.30000e+01	
					         1.05667	-6.30000e+01	
					         1.05833	-6.20000e+01	
					         1.06000	-6.10000e+01	
					         1.06167	-6.10000e+01	
					         1.06333	-6.10000e+01	
					         1.06500	-6.00000e+01	
					         1.06667	-6.00000e+01	
					         1.06833	-6.00000e+01	
					         1.07000	-6.00000e+01	
					         1.07167	-5.90000e+01	
					         1.07333	-5.90000e+01	
					         1.07500	-5.80000e+01	
					         1.07667	-5.70000e+01	
					         1.07833	-5.70000e+01	
					         1.08000	-5.60000e+01	
					         1.08167	-5.40000e+01	
					         1.08333	-5.30000e+01	
					         1.08500	-5.20000e+01	
					         1.08667	-5.00000e+01	
					         1.08833	-4.80000e+01	
					         1.09000	-4.60000e+01	
					         1.09167	-4.40000e+01	
					         1.09333	-4.20000e+01	
					         1.09500	-4.00000e+01	
					         1.09667	-3.90000e+01	
					         1.09833	-3.70000e+01	
					         1.10000	-3.60000e+01	
					         1.10167	-3.50000e+01	
					         1.10333	-3.40000e+01	
					         1.10500	-3.40000e+01	
					         1.10667	-3.30000e+01	
					         1.10833	-3.30000e+01	
					         1.11000	-3.30000e+01	
					         1.11167	-3.30000e+01	
					         1.11333	-3.30000e+01	
					         1.11500	-3.30000e+01	
					         1.11667	-3.30000e+01	
					         1.11833	-3.30000e+01	
					         1.12000	-3.30000e+01	
					         1.12167	-3.30000e+01	
					         1.12333	-3.30000e+01	
					         1.12500	-3.30000e+01	
					         1.12667	-3.20000e+01	
					         1.12833	-3.10000e+01	
					         1.13000	-3.00000e+01	
					         1.13167	-2.90000e+01	
					         1.13333	-2.70000e+01	
					         1.13500	-2.50000e+01	
					         1.13667	-2.30000e+01	
					         1.13833	-2.20000e+01	
					         1.14000	-2.00000e+01	
					         1.14167	-1.80000e+01	
					         1.14333	-1.70000e+01	
					         1.14500	-1.50000e+01	
					         1.14667	-1.40000e+01	
					         1.14833	-1.30000e+01	
					         1.15000	-1.20000e+01	
					         1.15167	-1.10000e+01	
					         1.15333	-1.00000e+01	
					         1.15500	-1.00000e+01	
					         1.15667	-9.00000e+00	
					         1.15833	-9.00000e+00	
					         1.16000	-9.00000e+00	
					         1.16167	-8.00000e+00	
					         1.16333	-7.00000e+00	
					         1.16500	-6.00000e+00	
					         1.16667	-5.00000e+00	
					         1.16833	-4.00000e+00	
					         1.17000	-3.00000e+00	
					         1.17167	-1.00000e+00	
					         1.17333	0.00000e+00	
					         1.17500	1.00000e+00	
					         1.17667	3.00000e+00	
					         1.17833	4.00000e+00	
					         1.18000	5.00000e+00	
					         1.18167	6.00000e+00	
					         1.18333	7.00000e+00	
					         1.18500	8.00000e+00	
					         1.18667	9.00000e+00	
					         1.18833	9.00000e+00	
					         1.19000	1.00000e+01	
					         1.19167	1.10000e+01	
					         1.19333	1.20000e+01	
					         1.19500	1.30000e+01	
					         1.19667	1.40000e+01	
					         1.19833	1.50000e+01	
					         1.20000	1.70000e+01	
					         1.20167	1.80000e+01	
					         1.20333	2.00000e+01	
					         1.20500	2.20000e+01	
					         1.20667	2.40000e+01	
					         1.20833	2.50000e+01	
					         1.21000	2.70000e+01	
					         1.21167	2.90000e+01	
					         1.21333	3.10000e+01	
					         1.21500	3.20000e+01	
					         1.21667	3.30000e+01	
					         1.21833	3.40000e+01	
					         1.22000	3.50000e+01	
					         1.22167	3.60000e+01	
					         1.22333	3.60000e+01	
					         1.22500	3.70000e+01	
					         1.22667	3.70000e+01	
					         1.22833	3.80000e+01	
					         1.23000	3.80000e+01	
					         1.23167	3.80000e+01	
					         1.23333	3.80000e+01	
					         1.23500	3.80000e+01	
					         1.23667	3.80000e+01	
					         1.23833	3.90000e+01	
					         1.24000	3.80000e+01	
					         1.24167	3.80000e+01	
					         1.24333	3.80000e+01	
					         1.24500	3.70000e+01	
					         1.24667	3.60000e+01	
					         1.24833	3.50000e+01	
					         1.25000	3.40000e+01	
					         1.25167	3.30000e+01	
					         1.25333	3.10000e+01	
					         1.25500	3.00000e+01	
					         1.25667	2.80000e+01	
					         1.25833	2.60000e+01	
					         1.26000	2.30000e+01	
					         1.26167	2.10000e+01	
					         1.26333	1.90000e+01	
					         1.26500	1.60000e+01	
					         1.26667	1.30000e+01	
					         1.26833	1.00000e+01	
					         1.27000	7.00000e+00	
					         1.27167	5.00000e+00	
					         1.27333	2.00000e+00	
					         1.27500	0.00000e+00	
					         1.27667	-3.00000e+00	
					         1.27833	-5.00000e+00	
					         1.28000	-6.00000e+00	
					         1.28167	-8.00000e+00	
					         1.28333	-9.00000e+00	
					         1.28500	-1.10000e+01	
					         1.28667	-1.20000e+01	
					         1.28833	-1.30000e+01	
					         1.29000	-1.40000e+01	
					         1.29167	-1.50000e+01	
					         1.29333	-1.60000e+01	
					         1.29500	-1.70000e+01	
					         1.29667	-1.80000e+01	
					         1.29833	-1.90000e+01	
					         1.30000	-2.00000e+01	
					         1.30167	-2.00000e+01	
					         1.30333	-2.10000e+01	
					         1.30500	-2.10000e+01	
					         1.30667	-2.10000e+01	
					         1.30833	-2.10000e+01	
					         1.31000	-2.00000e+01	
					         1.31167	-2.00000e+01	
					         1.31333	-1.90000e+01	
					         1.31500	-1.90000e+01	
					         1.31667	-1.80000e+01	
					         1.31833	-1.70000e+01	
					         1.32000	-1.70000e+01	
					         1.32167	-1.70000e+01	
					         1.32333	-1.60000e+01	
					         1.32500	-1.60000e+01	
					         1.32667	-1.60000e+01	
					         1.32833	-1.60000e+01	
					         1.33000	-1.60000e+01	
					         1.33167	-1.60000e+01	
					         1.33333	-1.60000e+01	
					         1.33500	-1.60000e+01	
					         1.33667	-1.60000e+01	
					         1.33833	-1.70000e+01	
					         1.34000	-1.70000e+01	
					         1.34167	-1.70000e+01	
					         1.34333	-1.70000e+01	
					         1.34500	-1.70000e+01	
					         1.34667	-1.80000e+01	
					         1.34833	-1.80000e+01	
					         1.35000	-1.80000e+01	
					         1.35167	-1.90000e+01	
					         1.35333	-1.90000e+01	
					         1.35500	-1.90000e+01	
					         1.35667	-1.90000e+01	
					         1.35833	-1.90000e+01	
					         1.36000	-1.90000e+01	
					         1.36167	-1.80000e+01	
					         1.36333	-1.70000e+01	
					         1.36500	-1.70000e+01	
					         1.36667	-1.60000e+01	
					         1.36833	-1.40000e+01	
					         1.37000	-1.30000e+01	
					         1.37167	-1.20000e+01	
					         1.37333	-1.00000e+01	
					         1.37500	-9.00000e+00	
					         1.37667	-8.00000e+00	
					         1.37833	-7.00000e+00	
					         1.38000	-6.00000e+00	
					         1.38167	-5.00000e+00	
					         1.38333	-5.00000e+00	
					         1.38500	-4.00000e+00	
					         1.38667	-3.00000e+00	
					         1.38833	-3.00000e+00	
					         1.39000	-3.00000e+00	
					         1.39167	-3.00000e+00	
					         1.39333	-3.00000e+00	
					         1.39500	-3.00000e+00	
					         1.39667	-3.00000e+00	
					         1.39833	-3.00000e+00	
					         1.40000	-3.00000e+00	
					         1.40167	-3.00000e+00	
					         1.40333	-3.00000e+00	
					         1.40500	-3.00000e+00	
					         1.40667	-3.00000e+00	
					         1.40833	-3.00000e+00	
					         1.41000	-3.00000e+00	
					         1.41167	-2.00000e+00	
					         1.41333	-2.00000e+00	
					         1.41500	-1.00000e+00	
					         1.41667	0.00000e+00	
					         1.41833	1.00000e+00	
					         1.42000	2.00000e+00	
					         1.42167	3.00000e+00	
					         1.42333	4.00000e+00	
					         1.42500	5.00000e+00	
					         1.42667	5.00000e+00	
					         1.42833	6.00000e+00	
					         1.43000	6.00000e+00	
					         1.43167	5.00000e+00	
					         1.43333	5.00000e+00	
					         1.43500	4.00000e+00	
					         1.43667	3.00000e+00	
					         1.43833	2.00000e+00	
					         1.44000	1.00000e+00	
					         1.44167	-1.00000e+00	
					         1.44333	-2.00000e+00	
					         1.44500	-3.00000e+00	
					         1.44667	-3.00000e+00	
					         1.44833	-4.00000e+00	
					         1.45000	-4.00000e+00	
					         1.45167	-4.00000e+00	
					         1.45333	-4.00000e+00	
					         1.45500	-4.00000e+00	
					         1.45667	-4.00000e+00	
					         1.45833	-4.00000e+00	
					         1.46000	-5.00000e+00	
					         1.46167	-5.00000e+00	
					         1.46333	-4.00000e+00	
					         1.46500	-4.00000e+00	
					         1.46667	-4.00000e+00	
					         1.46833	-4.00000e+00	
					         1.47000	-4.00000e+00	
					         1.47167	-3.00000e+00	
					         1.47333	-3.00000e+00	
					         1.47500	-2.00000e+00	
					         1.47667	-1.00000e+00	
					         1.47833	-1.00000e+00	
					         1.48000	0.00000e+00	
					         1.48167	0.00000e+00	
					         1.48333	0.00000e+00	
					         1.48500	1.00000e+00	
					         1.48667	1.00000e+00	
					         1.48833	1.00000e+00	
					         1.49000	0.00000e+00	
					         1.49167	0.00000e+00	
					         1.49333	0.00000e+00	
					         1.49500	-1.00000e+00	
					         1.49667	-1.00000e+00	
					         1.49833	-2.00000e+00	
					         1.50000	-2.00000e+00	
					         1.50167	-3.00000e+00	
					         1.50333	-3.00000e+00	
					         1.50500	-3.00000e+00	
					         1.50667	-3.00000e+00	
					         1.50833	-3.00000e+00	
					         1.51000	-3.00000e+00	
					         1.51167	-2.00000e+00	
					         1.51333	-2.00000e+00	
					         1.51500	-2.00000e+00	
					         1.51667	-1.00000e+00	
					         1.51833	-1.00000e+00	
					         1.52000	-1.00000e+00	
					         1.52167	0.00000e+00	
					         1.52333	0.00000e+00	
					         1.52500	0.00000e+00	
					         1.52667	0.00000e+00	
					         1.52833	-1.00000e+00	
					         1.53000	-2.00000e+00	
					         1.53167	-2.00000e+00	
					         1.53333	-3.00000e+00	
					         1.53500	-4.00000e+00	
					         1.53667	-5.00000e+00	
					         1.53833	-5.00000e+00	
					         1.54000	-5.00000e+00	
					         1.54167	-5.00000e+00	
					         1.54333	-5.00000e+00	
					         1.54500	-5.00000e+00	
					         1.54667	-5.00000e+00	
					         1.54833	-4.00000e+00	
					         1.55000	-4.00000e+00	
					         1.55167	-3.00000e+00	
					         1.55333	-2.00000e+00	
					         1.55500	-2.00000e+00	
					         1.55667	-2.00000e+00	
					         1.55833	-2.00000e+00	
					         1.56000	-2.00000e+00	
					         1.56167	-3.00000e+00	
					         1.56333	-3.00000e+00	
					         1.56500	-4.00000e+00	
					         1.56667	-5.00000e+00	
					         1.56833	-6.00000e+00	
					         1.57000	-6.00000e+00	
					         1.57167	-7.00000e+00	
					         1.57333	-7.00000e+00	
					         1.57500	-8.00000e+00	
					         1.57667	-8.00000e+00	
					         1.57833	-8.00000e+00	
					         1.58000	-7.00000e+00	
					         1.58167	-7.00000e+00	
					         1.58333	-7.00000e+00	
					         1.58500	-6.00000e+00	
					         1.58667	-6.00000e+00	
					         1.58833	-6.00000e+00	
					         1.59000	-5.00000e+00	
					         1.59167	-5.00000e+00	
					         1.59333	-5.00000e+00	
					         1.59500	-6.00000e+00	
					         1.59667	-6.00000e+00	
					         1.59833	-6.00000e+00	
					         1.60000	-7.00000e+00	
					         1.60167	-7.00000e+00	
					         1.60333	-7.00000e+00	
					         1.60500	-7.00000e+00	
					         1.60667	-8.00000e+00	
					         1.60833	-8.00000e+00	
					         1.61000	-8.00000e+00	
					         1.61167	-8.00000e+00	
					         1.61333	-8.00000e+00	
					         1.61500	-7.00000e+00	
					         1.61667	-7.00000e+00	
					         1.61833	-6.00000e+00	
					         1.62000	-5.00000e+00	
					         1.62167	-4.00000e+00	
					         1.62333	-3.00000e+00	
					         1.62500	-2.00000e+00	
					         1.62667	0.00000e+00	
					         1.62833	1.00000e+00	
					         1.63000	2.00000e+00	
					         1.63167	3.00000e+00	
					         1.63333	3.00000e+00	
					         1.63500	3.00000e+00	
					         1.63667	3.00000e+00	
					         1.63833	2.00000e+00	
					         1.64000	1.00000e+00	
					         1.64167	0.00000e+00	
					         1.64333	-1.00000e+00	
					         1.64500	-3.00000e+00	
					         1.64667	-4.00000e+00	
					         1.64833	-6.00000e+00	
					         1.65000	-7.00000e+00	
					         1.65167	-8.00000e+00	
					         1.65333	-9.00000e+00	
					         1.65500	-1.00000e+01	
					         1.65667	-1.10000e+01	
					         1.65833	-1.20000e+01	
					         1.66000	-1.20000e+01	
					         1.66167	-1.30000e+01	
					         1.66333	-1.30000e+01	
					         1.66500	-1.30000e+01	
					         1.66667	-1.30000e+01	
					         1.66833	-1.30000e+01	
					         1.67000	-1.30000e+01	
					         1.67167	-1.20000e+01	
					         1.67333	-1.10000e+01	
					         1.67500	-1.00000e+01	
					         1.67667	-9.00000e+00	
					         1.67833	-7.00000e+00	
					         1.68000	-6.00000e+00	
					         1.68167	-4.00000e+00	
					         1.68333	-3.00000e+00	
					         1.68500	-2.00000e+00	
					         1.68667	-1.00000e+00	
					         1.68833	0.00000e+00	
					         1.69000	0.00000e+00	
					         1.69167	1.00000e+00	
					         1.69333	1.00000e+00	
					         1.69500	1.00000e+00	
					         1.69667	0.00000e+00	
					         1.69833	0.00000e+00	
					         1.70000	0.00000e+00	
					         1.70167	-1.00000e+00	
					         1.70333	-1.00000e+00	
					         1.70500	-2.00000e+00	
					         1.70667	-3.00000e+00	
					         1.70833	-4.00000e+00	
					         1.71000	-5.00000e+00	
					         1.71167	-6.00000e+00	
					         1.71333	-8.00000e+00	
					         1.71500	-1.00000e+01	
					         1.71667	-1.20000e+01	
					         1.71833	-1.40000e+01	
					         1.72000	-1.60000e+01	
					         1.72167	-1.80000e+01	
					         1.72333	-1.90000e+01	
					         1.72500	-2.00000e+01	
					         1.72667	-2.00000e+01	
					         1.72833	-2.00000e+01	
					         1.73000	-2.00000e+01	
					         1.73167	-1.80000e+01	
					         1.73333	-1.70000e+01	
					         1.73500	-1.50000e+01	
					         1.73667	-1.30000e+01	
					         1.73833	-1.10000e+01	
					         1.74000	-9.00000e+00	
					         1.74167	-7.00000e+00	
					         1.74333	-5.00000e+00	
					         1.74500	-3.00000e+00	
					         1.74667	-1.00000e+00	
					         1.74833	0.00000e+00	
					         1.75000	1.00000e+00	
					         1.75167	2.00000e+00	
					         1.75333	3.00000e+00	
					         1.75500	3.00000e+00	
					         1.75667	3.00000e+00	
					         1.75833	3.00000e+00	
					         1.76000	3.00000e+00	
					         1.76167	3.00000e+00	
					         1.76333	2.00000e+00	
					         1.76500	2.00000e+00	
					         1.76667	2.00000e+00	
					         1.76833	2.00000e+00	
					         1.77000	1.00000e+00	
					         1.77167	1.00000e+00	
					         1.77333	2.00000e+00	
					         1.77500	2.00000e+00	
					         1.77667	2.00000e+00	
					         1.77833	3.00000e+00	
					         1.78000	4.00000e+00	
					         1.78167	4.00000e+00	
					         1.78333	5.00000e+00	
					         1.78500	5.00000e+00	
					         1.78667	5.00000e+00	
					         1.78833	5.00000e+00	
					         1.79000	5.00000e+00	
					         1.79167	5.00000e+00	
					         1.79333	4.00000e+00	
					         1.79500	4.00000e+00	
					         1.79667	3.00000e+00	
					         1.79833	3.00000e+00	
					         1.80000	2.00000e+00	
					         1.80167	2.00000e+00	
					         1.80333	2.00000e+00	
					         1.80500	2.00000e+00	
					         1.80667	2.00000e+00	
					         1.80833	2.00000e+00	
					         1.81000	2.00000e+00	
					         1.81167	2.00000e+00	
					         1.81333	2.00000e+00	
					         1.81500	3.00000e+00	
					         1.81667	3.00000e+00	
					         1.81833	3.00000e+00	
					         1.82000	4.00000e+00	
					         1.82167	5.00000e+00	
					         1.82333	5.00000e+00	
					         1.82500	6.00000e+00	
					         1.82667	7.00000e+00	
					         1.82833	8.00000e+00	
					         1.83000	9.00000e+00	
					         1.83167	1.00000e+01	
					         1.83333	1.10000e+01	
					         1.83500	1.20000e+01	
					         1.83667	1.30000e+01	
					         1.83833	1.30000e+01	
					         1.84000	1.40000e+01	
					         1.84167	1.30000e+01	
					         1.84333	1.30000e+01	
					         1.84500	1.30000e+01	
					         1.84667	1.20000e+01	
					         1.84833	1.10000e+01	
					         1.85000	1.00000e+01	
					         1.85167	1.00000e+01	
					         1.85333	9.00000e+00	
					         1.85500	8.00000e+00	
					         1.85667	7.00000e+00	
					         1.85833	7.00000e+00	
					         1.86000	7.00000e+00	
					         1.86167	8.00000e+00	
					         1.86333	1.00000e+01	
					         1.86500	1.20000e+01	
					         1.86667	1.60000e+01	
					         1.86833	2.10000e+01	
					         1.87000	2.80000e+01	
					         1.87167	3.80000e+01	
					         1.87333	5.20000e+01	
					         1.87500	6.80000e+01	
					         1.87667	8.70000e+01	
					         1.87833	1.08000e+02	
					         1.88000	1.30000e+02	
					         1.88167	1.54000e+02	
					         1.88333	1.77000e+02	
					         1.88500	2.00000e+02	
					         1.88667	2.21000e+02	
					         1.88833	2.40000e+02	
					         1.89000	2.55000e+02	
					         1.89167	2.67000e+02	
					         1.89333	2.74000e+02	
					         1.89500	2.77000e+02	
					         1.89667	2.74000e+02	
					         1.89833	2.68000e+02	
					         1.90000	2.57000e+02	
					         1.90167	2.43000e+02	
					         1.90333	2.26000e+02	
					         1.90500	2.07000e+02	
					         1.90667	1.86000e+02	
					         1.90833	1.65000e+02	
					         1.91000	1.42000e+02	
					         1.91167	1.20000e+02	
					         1.91333	9.90000e+01	
					         1.91500	7.80000e+01	
					         1.91667	5.80000e+01	
					         1.91833	3.90000e+01	
					         1.92000	2.10000e+01	
					         1.92167	5.00000e+00	
					         1.92333	-9.00000e+00	
					         1.92500	-2.20000e+01	
					         1.92667	-3.30000e+01	
					         1.92833	-4.30000e+01	
					         1.93000	-5.20000e+01	
					         1.93167	-6.00000e+01	
					         1.93333	-6.60000e+01	
					         1.93500	-7.20000e+01	
					         1.93667	-7.70000e+01	
					         1.93833	-8.20000e+01	
					         1.94000	-8.50000e+01	
					         1.94167	-8.80000e+01	
					         1.94333	-8.90000e+01	
					         1.94500	-9.10000e+01	
					         1.94667	-9.10000e+01	
					         1.94833	-9.20000e+01	
					         1.95000	-9.10000e+01	
					         1.95167	-9.10000e+01	
					         1.95333	-9.00000e+01	
					         1.95500	-8.90000e+01	
					         1.95667	-8.70000e+01	
					         1.95833	-8.60000e+01	
					         1.96000	-8.40000e+01	
					         1.96167	-8.20000e+01	
					         1.96333	-8.10000e+01	
					         1.96500	-7.90000e+01	
					         1.96667	-7.80000e+01	
					         1.96833	-7.70000e+01	
					         1.97000	-7.60000e+01	
					         1.97167	-7.50000e+01	
					         1.97333	-7.40000e+01	
					         1.97500	-7.30000e+01	
					         1.97667	-7.20000e+01	
					         1.97833	-7.00000e+01	
					         1.98000	-6.90000e+01	
					         1.98167	-6.70000e+01	
					         1.98333	-6.50000e+01	
					         1.98500	-6.30000e+01	
					         1.98667	-6.20000e+01	
					         1.98833	-6.00000e+01	
					         1.99000	-5.80000e+01	
					         1.99167	-5.60000e+01	
					         1.99333	-5.50000e+01	
					         1.99500	-5.40000e+01	
					         1.99667	-5.30000e+01	
					         1.99833	-5.30000e+01	
					         2.00000	-5.30000e+01	
					         2.00167	-5.30000e+01	
					         2.00333	-5.30000e+01	
					         2.00500	-5.30000e+01	
					         2.00667	-5.30000e+01	
					         2.00833	-5.20000e+01	
					         2.01000	-5.20000e+01	
					         2.01167	-5.10000e+01	
					         2.01333	-5.00000e+01	
					         2.01500	-4.90000e+01	
					         2.01667	-4.70000e+01	
					         2.01833	-4.50000e+01	
					         2.02000	-4.40000e+01	
					         2.02167	-4.20000e+01	
					         2.02333	-4.00000e+01	
					         2.02500	-3.80000e+01	
					         2.02667	-3.70000e+01	
					         2.02833	-3.60000e+01	
					         2.03000	-3.50000e+01	
					         2.03167	-3.40000e+01	
					         2.03333	-3.30000e+01	
					         2.03500	-3.30000e+01	
					         2.03667	-3.20000e+01	
					         2.03833	-3.20000e+01	
					         2.04000	-3.20000e+01	
					         2.04167	-3.10000e+01	
					         2.04333	-3.10000e+01	
					         2.04500	-3.00000e+01	
					         2.04667	-3.00000e+01	
					         2.04833	-2.90000e+01	
					         2.05000	-2.90000e+01	
					         2.05167	-2.80000e+01	
					         2.05333	-2.80000e+01	
					         2.05500	-2.80000e+01	
					         2.05667	-2.80000e+01	
					         2.05833	-2.80000e+01	
					         2.06000	-2.80000e+01	
					         2.06167	-2.70000e+01	
					         2.06333	-2.60000e+01	
					         2.06500	-2.50000e+01	
					         2.06667	-2.40000e+01	
					         2.06833	-2.20000e+01	
					         2.07000	-2.00000e+01	
					         2.07167	-1.70000e+01	
					         2.07333	-1.50000e+01	
					         2.07500	-1.20000e+01	
					         2.07667	-9.00000e+00	
					         2.07833	-6.00000e+00	
					         2.08000	-4.00000e+00	
					         2.08167	-2.00000e+00	
					         2.08333	-1.00000e+00	
					         2.08500	0.00000e+00	
					         2.08667	0.00000e+00	
					         2.08833	0.00000e+00	
					         2.09000	0.00000e+00	
					         2.09167	-1.00000e+00	
					         2.09333	-1.00000e+00	
					         2.09500	-2.00000e+00	
					         2.09667	-2.00000e+00	
					         2.09833	-3.00000e+00	
					         2.10000	-3.00000e+00	
					         2.10167	-3.00000e+00	
					         2.10333	-2.00000e+00	
					         2.10500	-1.00000e+00	
					         2.10667	0.00000e+00	
					         2.10833	2.00000e+00	
					         2.11000	4.00000e+00	
					         2.11167	6.00000e+00	
					         2.11333	8.00000e+00	
					         2.11500	1.00000e+01	
					         2.11667	1.20000e+01	
					         2.11833	1.50000e+01	
					         2.12000	1.70000e+01	
					         2.12167	2.00000e+01	
					         2.12333	2.20000e+01	
					         2.12500	2.40000e+01	
					         2.12667	2.60000e+01	
					         2.12833	2.80000e+01	
					         2.13000	3.00000e+01	
					         2.13167	3.20000e+01	
					         2.13333	3.40000e+01	
					         2.13500	3.60000e+01	
					         2.13667	3.80000e+01	
					         2.13833	4.00000e+01	
					         2.14000	4.10000e+01	
					         2.14167	4.20000e+01	
					         2.14333	4.40000e+01	
					         2.14500	4.50000e+01	
					         2.14667	4.50000e+01	
					         2.14833	4.50000e+01	
					         2.15000	4.50000e+01	
					         2.15167	4.50000e+01	
					         2.15333	4.40000e+01	
					         2.15500	4.30000e+01	
					         2.15667	4.10000e+01	
					         2.15833	4.00000e+01	
					         2.16000	3.90000e+01	
					         2.16167	3.80000e+01	
					         2.16333	3.80000e+01	
					         2.16500	3.70000e+01	
					         2.16667	3.70000e+01	
					         2.16833	3.80000e+01	
					         2.17000	3.80000e+01	
					         2.17167	3.80000e+01	
					         2.17333	3.90000e+01	
					         2.17500	3.90000e+01	
					         2.17667	3.90000e+01	
					         2.17833	3.90000e+01	
					         2.18000	3.90000e+01	
					         2.18167	3.80000e+01	
					         2.18333	3.70000e+01	
					         2.18500	3.50000e+01	
					         2.18667	3.30000e+01	
					         2.18833	3.10000e+01	
					         2.19000	2.90000e+01	
					         2.19167	2.60000e+01	
					         2.19333	2.40000e+01	
					         2.19500	2.20000e+01	
					         2.19667	1.90000e+01	
					         2.19833	1.70000e+01	
					         2.20000	1.40000e+01	
					         2.20167	1.20000e+01	
					         2.20333	9.00000e+00	
					         2.20500	6.00000e+00	
					         2.20667	3.00000e+00	
					         2.20833	-1.00000e+00	
					         2.21000	-4.00000e+00	
					         2.21167	-8.00000e+00	
					         2.21333	-1.10000e+01	
					         2.21500	-1.40000e+01	
					         2.21667	-1.70000e+01	
					         2.21833	-1.90000e+01	
					         2.22000	-2.10000e+01	
					         2.22167	-2.20000e+01	
					         2.22333	-2.20000e+01	
					         2.22500	-2.20000e+01	
					         2.22667	-2.10000e+01	
					         2.22833	-2.00000e+01	
					         2.23000	-1.90000e+01	
					         2.23167	-1.70000e+01	
					         2.23333	-1.50000e+01	
					         2.23500	-1.40000e+01	
					         2.23667	-1.30000e+01	
					         2.23833	-1.30000e+01	
					         2.24000	-1.30000e+01	
					         2.24167	-1.30000e+01	
					         2.24333	-1.40000e+01	
					         2.24500	-1.50000e+01	
					         2.24667	-1.70000e+01	
					         2.24833	-1.90000e+01	
					         2.25000	-2.00000e+01	
					         2.25167	-2.20000e+01	
					         2.25333	-2.30000e+01	
					         2.25500	-2.40000e+01	
					         2.25667	-2.50000e+01	
					         2.25833	-2.50000e+01	
					         2.26000	-2.40000e+01	
					         2.26167	-2.30000e+01	
					         2.26333	-2.10000e+01	
					         2.26500	-1.90000e+01	
					         2.26667	-1.70000e+01	
					         2.26833	-1.50000e+01	
					         2.27000	-1.20000e+01	
					         2.27167	-1.00000e+01	
					         2.27333	-8.00000e+00	
					         2.27500	-7.00000e+00	
					         2.27667	-6.00000e+00	
					         2.27833	-6.00000e+00	
					         2.28000	-6.00000e+00	
					         2.28167	-6.00000e+00	
					         2.28333	-7.00000e+00	
					         2.28500	-8.00000e+00	
					         2.28667	-9.00000e+00	
					         2.28833	-1.00000e+01	
					         2.29000	-1.10000e+01	
					         2.29167	-1.30000e+01	
					         2.29333	-1.30000e+01	
					         2.29500	-1.40000e+01	
					         2.29667	-1.40000e+01	
					         2.29833	-1.50000e+01	
					         2.30000	-1.50000e+01	
					         2.30167	-1.50000e+01	
					         2.30333	-1.50000e+01	
					         2.30500	-1.40000e+01	
					         2.30667	-1.40000e+01	
					         2.30833	-1.40000e+01	
					         2.31000	-1.30000e+01	
					         2.31167	-1.30000e+01	
					         2.31333	-1.20000e+01	
					         2.31500	-1.10000e+01	
					         2.31667	-1.00000e+01	
					         2.31833	-9.00000e+00	
					         2.32000	-8.00000e+00	
					         2.32167	-7.00000e+00	
					         2.32333	-6.00000e+00	
					         2.32500	-5.00000e+00	
					         2.32667	-3.00000e+00	
					         2.32833	-2.00000e+00	
					         2.33000	-1.00000e+00	
					         2.33167	-1.00000e+00	
					         2.33333	0.00000e+00	
					         2.33500	1.00000e+00	
					         2.33667	1.00000e+00	
					         2.33833	1.00000e+00	
					         2.34000	1.00000e+00	
					         2.34167	1.00000e+00	
					         2.34333	1.00000e+00	
					         2.34500	0.00000e+00	
					         2.34667	0.00000e+00	
					         2.34833	0.00000e+00	
					         2.35000	0.00000e+00	
					         2.35167	0.00000e+00	
					         2.35333	0.00000e+00	
					         2.35500	0.00000e+00	
					         2.35667	1.00000e+00	
					         2.35833	1.00000e+00	
					         2.36000	2.00000e+00	
					         2.36167	2.00000e+00	
					         2.36333	3.00000e+00	
					         2.36500	3.00000e+00	
					         2.36667	4.00000e+00	
					         2.36833	4.00000e+00	
					         2.37000	4.00000e+00	
					         2.37167	5.00000e+00	
					         2.37333	5.00000e+00	
					         2.37500	5.00000e+00	
					         2.37667	5.00000e+00	
					         2.37833	5.00000e+00	
					         2.38000	5.00000e+00	
					         2.38167	6.00000e+00	
					         2.38333	6.00000e+00	
					         2.38500	7.00000e+00	
					         2.38667	7.00000e+00	
					         2.38833	8.00000e+00	
					         2.39000	8.00000e+00	
					         2.39167	9.00000e+00	
					         2.39333	9.00000e+00	
					         2.39500	9.00000e+00	
					         2.39667	9.00000e+00	
					         2.39833	9.00000e+00	
					         2.40000	9.00000e+00	
					         2.40167	9.00000e+00	
					         2.40333	8.00000e+00	
					         2.40500	8.00000e+00	
					         2.40667	7.00000e+00	
					         2.40833	6.00000e+00	
					         2.41000	5.00000e+00	
					         2.41167	5.00000e+00	
					         2.41333	4.00000e+00	
					         2.41500	3.00000e+00	
					         2.41667	2.00000e+00	
					         2.41833	2.00000e+00	
					         2.42000	1.00000e+00	
					         2.42167	1.00000e+00	
					         2.42333	0.00000e+00	
					         2.42500	0.00000e+00	
					         2.42667	0.00000e+00	
					         2.42833	0.00000e+00	
					         2.43000	0.00000e+00	
					         2.43167	0.00000e+00	
					         2.43333	0.00000e+00	
					         2.43500	0.00000e+00	
					         2.43667	0.00000e+00	
					         2.43833	0.00000e+00	
					         2.44000	0.00000e+00	
					         2.44167	0.00000e+00	
					         2.44333	-1.00000e+00	
					         2.44500	-1.00000e+00	
					         2.44667	-1.00000e+00	
					         2.44833	-2.00000e+00	
					         2.45000	-2.00000e+00	
					         2.45167	-2.00000e+00	
					         2.45333	-3.00000e+00	
					         2.45500	-3.00000e+00	
					         2.45667	-3.00000e+00	
					         2.45833	-3.00000e+00	
					         2.46000	-3.00000e+00	
					         2.46167	-3.00000e+00	
					         2.46333	-3.00000e+00	
					         2.46500	-3.00000e+00	
					         2.46667	-3.00000e+00	
					         2.46833	-3.00000e+00	
					         2.47000	-3.00000e+00	
					         2.47167	-3.00000e+00	
					         2.47333	-3.00000e+00	
					         2.47500	-4.00000e+00	
					         2.47667	-4.00000e+00	
					         2.47833	-4.00000e+00	
					         2.48000	-4.00000e+00	
					         2.48167	-5.00000e+00	
					         2.48333	-5.00000e+00	
					         2.48500	-5.00000e+00	
					         2.48667	-6.00000e+00	
					         2.48833	-6.00000e+00	
					         2.49000	-6.00000e+00	
					         2.49167	-7.00000e+00	
					         2.49333	-7.00000e+00	
					         2.49500	-7.00000e+00	
					         2.49667	-7.00000e+00	
					         2.49833	-7.00000e+00	
					         2.50000	-7.00000e+00	
					         2.50167	-7.00000e+00	
					         2.50333	-7.00000e+00	
					         2.50500	-6.00000e+00	
					         2.50667	-6.00000e+00	
					         2.50833	-6.00000e+00	
					         2.51000	-5.00000e+00	
					         2.51167	-5.00000e+00	
					         2.51333	-4.00000e+00	
					         2.51500	-4.00000e+00	
					         2.51667	-4.00000e+00	
					         2.51833	-4.00000e+00	
					         2.52000	-4.00000e+00	
					         2.52167	-4.00000e+00	
					         2.52333	-4.00000e+00	
					         2.52500	-4.00000e+00	
					         2.52667	-4.00000e+00	
					         2.52833	-5.00000e+00	
					         2.53000	-5.00000e+00	
					         2.53167	-5.00000e+00	
					         2.53333	-5.00000e+00	
					         2.53500	-5.00000e+00	
					         2.53667	-5.00000e+00	
					         2.53833	-5.00000e+00	
					         2.54000	-5.00000e+00	
					         2.54167	-5.00000e+00	
					         2.54333	-5.00000e+00	
					         2.54500	-4.00000e+00	
					         2.54667	-4.00000e+00	
					         2.54833	-3.00000e+00	
					         2.55000	-2.00000e+00	
					         2.55167	-1.00000e+00	
					         2.55333	0.00000e+00	
					         2.55500	1.00000e+00	
					         2.55667	2.00000e+00	
					         2.55833	3.00000e+00	
					         2.56000	4.00000e+00	
					         2.56167	4.00000e+00	
					         2.56333	4.00000e+00	
					         2.56500	3.00000e+00	
					         2.56667	2.00000e+00	
					         2.56833	0.00000e+00	
					         2.57000	-2.00000e+00	
					         2.57167	-4.00000e+00	
					         2.57333	-7.00000e+00	
					         2.57500	-9.00000e+00	
					         2.57667	-1.10000e+01	
					         2.57833	-1.30000e+01	
					         2.58000	-1.40000e+01	
					         2.58167	-1.50000e+01	
					         2.58333	-1.50000e+01	
					         2.58500	-1.50000e+01	
					         2.58667	-1.40000e+01	
					         2.58833	-1.30000e+01	
					         2.59000	-1.10000e+01	
					         2.59167	-9.00000e+00	
					         2.59333	-6.00000e+00	
					         2.59500	-4.00000e+00	
					         2.59667	-2.00000e+00	
					         2.59833	-1.00000e+00	
					         2.60000	0.00000e+00	
					         2.60167	1.00000e+00	
					         2.60333	1.00000e+00	
					         2.60500	1.00000e+00	
					         2.60667	0.00000e+00	
					         2.60833	-1.00000e+00	
					         2.61000	-2.00000e+00	
					         2.61167	-3.00000e+00	
					         2.61333	-4.00000e+00	
					         2.61500	-5.00000e+00	
					         2.61667	-6.00000e+00	
					         2.61833	-6.00000e+00	
					         2.62000	-7.00000e+00	
					         2.62167	-7.00000e+00	
					         2.62333	-7.00000e+00	
					         2.62500	-8.00000e+00	
					         2.62667	-9.00000e+00	
					         2.62833	-1.00000e+01	
					         2.63000	-1.10000e+01	
					         2.63167	-1.20000e+01	
					         2.63333	-1.30000e+01	
					         2.63500	-1.40000e+01	
					         2.63667	-1.50000e+01	
					         2.63833	-1.60000e+01	
					         2.64000	-1.60000e+01	
					         2.64167	-1.60000e+01	
					         2.64333	-1.50000e+01	
					         2.64500	-1.40000e+01	
					         2.64667	-1.30000e+01	
					         2.64833	-1.10000e+01	
					         2.65000	-9.00000e+00	
					         2.65167	-7.00000e+00	
					         2.65333	-4.00000e+00	
					         2.65500	-2.00000e+00	
					         2.65667	0.00000e+00	
					         2.65833	2.00000e+00	
					         2.66000	3.00000e+00	
					         2.66167	5.00000e+00	
					         2.66333	6.00000e+00	
					         2.66500	7.00000e+00	
					         2.66667	8.00000e+00	
					         2.66833	8.00000e+00	
					         2.67000	8.00000e+00	
					         2.67167	8.00000e+00	
					         2.67333	8.00000e+00	
					         2.67500	7.00000e+00	
					         2.67667	6.00000e+00	
					         2.67833	6.00000e+00	
					         2.68000	4.00000e+00	
					         2.68167	3.00000e+00	
					         2.68333	2.00000e+00	
					         2.68500	1.00000e+00	
					         2.68667	1.00000e+00	
					         2.68833	0.00000e+00	
					         2.69000	0.00000e+00	
					         2.69167	0.00000e+00	
					         2.69333	0.00000e+00	
					         2.69500	-1.00000e+00	
					         2.69667	-1.00000e+00	
					         2.69833	-1.00000e+00	
					         2.70000	-1.00000e+00	
					         2.70167	-1.00000e+00	
					         2.70333	-1.00000e+00	
					         2.70500	-1.00000e+00	
					         2.70667	-2.00000e+00	
					         2.70833	-2.00000e+00	
					         2.71000	-3.00000e+00	
					         2.71167	-3.00000e+00	
					         2.71333	-3.00000e+00	
					         2.71500	-3.00000e+00	
					         2.71667	-3.00000e+00	
					         2.71833	-3.00000e+00	
					         2.72000	-3.00000e+00	
					         2.72167	-2.00000e+00	
					         2.72333	-2.00000e+00	
					         2.72500	-1.00000e+00	
					         2.72667	-1.00000e+00	
					         2.72833	0.00000e+00	
					         2.73000	0.00000e+00	
					         2.73167	1.00000e+00	
					         2.73333	1.00000e+00	
					         2.73500	2.00000e+00	
					         2.73667	3.00000e+00	
					         2.73833	4.00000e+00	
					         2.74000	5.00000e+00	
					         2.74167	6.00000e+00	
					         2.74333	7.00000e+00	
					         2.74500	8.00000e+00	
					         2.74667	9.00000e+00	
					         2.74833	1.10000e+01	
					         2.75000	1.20000e+01	
					         2.75167	1.30000e+01	
					         2.75333	1.40000e+01	
					         2.75500	1.40000e+01	
					         2.75667	1.50000e+01	
					         2.75833	1.50000e+01	
					         2.76000	1.50000e+01	
					         2.76167	1.50000e+01	
					         2.76333	1.40000e+01	
					         2.76500	1.40000e+01	
					         2.76667	1.40000e+01	
					         2.76833	1.30000e+01	
					         2.77000	1.20000e+01	
					         2.77167	1.20000e+01	
					         2.77333	1.10000e+01	
					         2.77500	1.10000e+01	
					         2.77667	1.20000e+01	
					         2.77833	1.40000e+01	
					         2.78000	1.60000e+01	
					         2.78167	2.10000e+01	
					         2.78333	2.90000e+01	
					         2.78500	3.90000e+01	
					         2.78667	5.20000e+01	
					         2.78833	6.90000e+01	
					         2.79000	8.90000e+01	
					         2.79167	1.11000e+02	
					         2.79333	1.34000e+02	
					         2.79500	1.58000e+02	
					         2.79667	1.82000e+02	
					         2.79833	2.05000e+02	
					         2.80000	2.27000e+02	
					         2.80167	2.46000e+02	
					         2.80333	2.61000e+02	
					         2.80500	2.72000e+02	
					         2.80667	2.79000e+02	
					         2.80833	2.81000e+02	
					         2.81000	2.78000e+02	
					         2.81167	2.71000e+02	
					         2.81333	2.60000e+02	
					         2.81500	2.45000e+02	
					         2.81667	2.28000e+02	
					         2.81833	2.09000e+02	
					         2.82000	1.88000e+02	
					         2.82167	1.66000e+02	
					         2.82333	1.44000e+02	
					         2.82500	1.21000e+02	
					         2.82667	9.90000e+01	
					         2.82833	7.70000e+01	
					         2.83000	5.60000e+01	
					         2.83167	3.70000e+01	
					         2.83333	1.80000e+01	
					         2.83500	2.00000e+00	
					         2.83667	-1.30000e+01	
					         2.83833	-2.70000e+01	
					         2.84000	-3.80000e+01	
					         2.84167	-4.90000e+01	
					         2.84333	-5.80000e+01	
					         2.84500	-6.60000e+01	
					         2.84667	-7.30000e+01	
					         2.84833	-7.80000e+01	
					         2.85000	-8.30000e+01	
