Grayscale intensity, in dB

Time (s) :	Trace 1 : 	Trace 2 : 	Trace 3 : 		Ecg : 		
0.00108   	-2.48526e+01	-2.50510e+01	-2.93570e+01		         0.00000	-3.10000e+01	
0.01914   	-2.47196e+01	-2.58110e+01	-3.00894e+01		         0.00167	-2.50000e+01	
0.03719   	-2.34492e+01	-3.51102e+01	-2.94947e+01		         0.00333	-1.70000e+01	
0.05525   	-2.20756e+01	-3.90819e+01	-2.79276e+01		         0.00500	-5.00000e+00	
0.07331   	-2.39496e+01	-3.27284e+01	-2.88530e+01		         0.00667	1.10000e+01	
0.09137   	-2.42734e+01	-2.88693e+01	-2.75601e+01		         0.00833	3.00000e+01	
0.10943   	-2.30793e+01	-2.78453e+01	-2.95042e+01		         0.01000	5.40000e+01	
0.12748   	-2.06794e+01	-2.76097e+01	-2.72913e+01		         0.01167	8.20000e+01	
0.14554   	-2.36613e+01	-2.42145e+01	-2.73738e+01		         0.01333	1.12000e+02	
0.16360   	-2.23513e+01	-2.07791e+01	-2.56215e+01		         0.01500	1.46000e+02	
0.18166   	-2.13014e+01	-2.25446e+01	-2.62358e+01		         0.01667	1.81000e+02	
0.19972   	-1.96109e+01	-2.21323e+01	-2.49816e+01		         0.01833	2.16000e+02	
0.21778   	-1.91609e+01	-2.43136e+01	-2.47360e+01		         0.02000	2.51000e+02	
0.23583   	-1.92825e+01	-2.39719e+01	-2.29418e+01		         0.02167	2.83000e+02	
0.25389   	-1.62846e+01	-2.66370e+01	-2.36120e+01		         0.02333	3.12000e+02	
0.27195   	-1.40930e+01	-3.02304e+01	-2.52690e+01		         0.02500	3.36000e+02	
0.29001   	-1.40342e+01	-3.35258e+01	-2.53511e+01		         0.02667	3.55000e+02	
0.30807   	-1.43898e+01	-4.00620e+01	-2.71213e+01		         0.02833	3.66000e+02	
0.32612   	-1.36956e+01	-4.38220e+01	-2.99465e+01		         0.03000	3.70000e+02	
0.34418   	-1.33616e+01	-4.68187e+01	-3.11225e+01		         0.03167	3.66000e+02	
0.36224   	-1.35702e+01	-4.94760e+01	-3.25758e+01		         0.03333	3.55000e+02	
0.38030   	-1.39966e+01	-4.82834e+01	-3.35051e+01		         0.03500	3.36000e+02	
0.39835   	-1.51960e+01	-5.01978e+01	-3.31085e+01		         0.03667	3.12000e+02	
0.41642   	-1.59867e+01	-5.11258e+01	-3.35002e+01		         0.03833	2.81000e+02	
0.43447   	-1.65183e+01	-5.02921e+01	-3.28348e+01		         0.04000	2.47000e+02	
0.45253   	-1.76783e+01	-4.84968e+01	-3.27690e+01		         0.04167	2.10000e+02	
0.47059   	-1.85549e+01	-4.66901e+01	-3.48462e+01		         0.04333	1.71000e+02	
0.48865   	-2.00180e+01	-4.54285e+01	-3.58734e+01		         0.04500	1.32000e+02	
0.50670   	-1.96318e+01	-4.36174e+01	-3.51417e+01		         0.04667	9.50000e+01	
0.52476   	-1.92518e+01	-4.40428e+01	-3.44501e+01		         0.04833	5.90000e+01	
0.54282   	-1.96961e+01	-4.44379e+01	-3.20637e+01		         0.05000	2.60000e+01	
0.56088   	-2.06012e+01	-4.57259e+01	-3.10235e+01		         0.05167	-4.00000e+00	
0.57922   	-1.96699e+01	-4.60025e+01	-2.95106e+01		         0.05333	-3.00000e+01	
0.59699   	-1.90155e+01	-4.25980e+01	-2.87480e+01		         0.05500	-5.20000e+01	
0.61505   	-1.85004e+01	-3.49799e+01	-2.60114e+01		         0.05667	-7.10000e+01	
0.63311   	-1.81838e+01	-3.10092e+01	-2.78678e+01		         0.05833	-8.60000e+01	
0.65117   	-1.86855e+01	-2.68104e+01	-2.90206e+01		         0.06000	-9.90000e+01	
0.66923   	-1.71467e+01	-2.45501e+01	-2.70897e+01		         0.06167	-1.08000e+02	
0.68729   	-1.79053e+01	-2.04296e+01	-2.75270e+01		         0.06333	-1.15000e+02	
0.70535   	-1.87712e+01	-2.05822e+01	-2.65493e+01		         0.06500	-1.20000e+02	
0.72340   	-1.95989e+01	-2.14698e+01	-2.79008e+01		         0.06667	-1.23000e+02	
0.74146   	-1.96153e+01	-2.25036e+01	-2.78608e+01		         0.06833	-1.25000e+02	
0.75952   	-1.92186e+01	-2.33725e+01	-2.80412e+01		         0.07000	-1.26000e+02	
0.77758   	-1.89902e+01	-2.30914e+01	-2.74491e+01		         0.07167	-1.26000e+02	
0.79563   	-1.85804e+01	-2.23651e+01	-2.71334e+01		         0.07333	-1.25000e+02	
0.81369   	-1.80745e+01	-2.21928e+01	-2.74810e+01		         0.07500	-1.23000e+02	
0.83175   	-1.79452e+01	-2.14472e+01	-2.72414e+01		         0.07667	-1.21000e+02	
0.84981   	-1.78095e+01	-2.07508e+01	-2.66006e+01		         0.07833	-1.18000e+02	
0.86787   	-1.75588e+01	-2.16112e+01	-2.64095e+01		         0.08000	-1.16000e+02	
0.88593   	-1.75103e+01	-2.20885e+01	-2.64147e+01		         0.08167	-1.13000e+02	
0.90398   	-1.76206e+01	-2.05816e+01	-2.66573e+01		         0.08333	-1.10000e+02	
0.92204   	-1.76711e+01	-1.87935e+01	-2.67927e+01		         0.08500	-1.07000e+02	
0.94010   	-1.78845e+01	-2.18905e+01	-2.69323e+01		         0.08667	-1.04000e+02	
0.95816   	-1.81541e+01	-2.79401e+01	-2.74874e+01		         0.08833	-1.01000e+02	
0.97622   	-1.93192e+01	-2.45262e+01	-2.84206e+01		         0.09000	-9.90000e+01	
0.99450   	-2.03243e+01	-2.23108e+01	-2.90062e+01		         0.09167	-9.60000e+01	
1.01233   	-2.29763e+01	-2.22210e+01	-2.80623e+01		         0.09333	-9.40000e+01	
1.03039   	-2.47521e+01	-2.40533e+01	-2.86453e+01		         0.09500	-9.20000e+01	
1.04845   	-2.44192e+01	-2.44411e+01	-2.94509e+01		         0.09667	-9.00000e+01	
1.06651   	-2.36643e+01	-3.24669e+01	-2.86765e+01		         0.09833	-8.80000e+01	
1.08457   	-2.25163e+01	-3.65976e+01	-2.71709e+01		         0.10000	-8.60000e+01	
1.10262   	-2.36674e+01	-3.03406e+01	-2.85537e+01		         0.10167	-8.40000e+01	
1.12068   	-2.42493e+01	-2.67159e+01	-2.73961e+01		         0.10333	-8.20000e+01	
1.13874   	-2.34551e+01	-2.59328e+01	-2.90689e+01		         0.10500	-8.00000e+01	
1.15680   	-2.04734e+01	-2.56198e+01	-2.72075e+01		         0.10667	-7.80000e+01	
1.17486   	-2.33136e+01	-2.31671e+01	-2.72779e+01		         0.10833	-7.50000e+01	
1.19291   	-2.24328e+01	-2.08711e+01	-2.54835e+01		         0.11000	-7.30000e+01	
1.21097   	-2.11452e+01	-2.18272e+01	-2.61721e+01		         0.11167	-7.10000e+01	
1.22903   	-1.93461e+01	-2.02009e+01	-2.47900e+01		         0.11333	-6.90000e+01	
1.24709   	-1.93546e+01	-2.35191e+01	-2.44170e+01		         0.11500	-6.70000e+01	
1.26515   	-1.91875e+01	-2.36360e+01	-2.26349e+01		         0.11667	-6.50000e+01	
1.28321   	-1.61860e+01	-2.63449e+01	-2.33678e+01		         0.11833	-6.30000e+01	
1.30126   	-1.42499e+01	-2.93437e+01	-2.50530e+01		         0.12000	-6.10000e+01	
1.31932   	-1.39483e+01	-3.42353e+01	-2.52104e+01		         0.12167	-6.00000e+01	
1.33738   	-1.41814e+01	-3.94545e+01	-2.71929e+01		         0.12333	-5.80000e+01	
1.35544   	-1.38287e+01	-4.30863e+01	-3.01275e+01		         0.12500	-5.70000e+01	
1.37350   	-1.35558e+01	-4.53998e+01	-3.09454e+01		         0.12667	-5.50000e+01	
1.39155   	-1.36235e+01	-4.79278e+01	-3.23429e+01		         0.12833	-5.40000e+01	
1.40961   	-1.42962e+01	-4.85182e+01	-3.28119e+01		         0.13000	-5.30000e+01	
1.42767   	-1.53474e+01	-4.98074e+01	-3.34137e+01		         0.13167	-5.10000e+01	
1.44573   	-1.60042e+01	-5.03879e+01	-3.35584e+01		         0.13333	-5.00000e+01	
1.46379   	-1.65473e+01	-4.94855e+01	-3.29329e+01		         0.13500	-4.80000e+01	
1.48185   	-1.74757e+01	-4.88906e+01	-3.30594e+01		         0.13667	-4.60000e+01	
1.49990   	-1.85978e+01	-4.67054e+01	-3.55532e+01		         0.13833	-4.40000e+01	
1.51796   	-2.01925e+01	-4.47337e+01	-3.58850e+01		         0.14000	-4.20000e+01	
1.53602   	-1.97849e+01	-4.37852e+01	-3.54131e+01		         0.14167	-4.00000e+01	
1.55408   	-1.94192e+01	-4.38257e+01	-3.39690e+01		         0.14333	-3.80000e+01	
1.57213   	-1.96958e+01	-4.51954e+01	-3.18651e+01		         0.14500	-3.60000e+01	
1.59019   	-2.05174e+01	-4.55472e+01	-3.04094e+01		         0.14667	-3.30000e+01	
1.60848   	-1.97084e+01	-4.45825e+01	-2.93842e+01		         0.14833	-3.10000e+01	
1.62631   	-1.89919e+01	-4.14088e+01	-2.83975e+01		         0.15000	-2.90000e+01	
1.64437   	-1.83923e+01	-3.61280e+01	-2.56087e+01		         0.15167	-2.80000e+01	
1.66243   	-1.80695e+01	-3.36912e+01	-2.80300e+01		         0.15333	-2.60000e+01	
1.68048   	-1.89735e+01	-3.11563e+01	-2.92922e+01		         0.15500	-2.50000e+01	
1.69854   	-1.72349e+01	-2.44356e+01	-2.73531e+01		         0.15667	-2.40000e+01	
1.71660   	-1.73040e+01	-2.32778e+01	-2.72129e+01		         0.15833	-2.30000e+01	
1.73466   	-1.80458e+01	-2.19078e+01	-2.66587e+01		         0.16000	-2.20000e+01	
1.75272   	-1.88810e+01	-1.99854e+01	-2.72288e+01		         0.16167	-2.20000e+01	
1.77077   	-1.90940e+01	-2.13944e+01	-2.74212e+01		         0.16333	-2.10000e+01	
1.78883   	-1.87847e+01	-2.36836e+01	-2.76432e+01		         0.16500	-2.10000e+01	
1.80689   	-1.84978e+01	-2.28864e+01	-2.72720e+01		         0.16667	-2.00000e+01	
1.82495   	-1.80561e+01	-2.14067e+01	-2.69035e+01		         0.16833	-2.00000e+01	
1.84301   	-1.76651e+01	-2.05001e+01	-2.73703e+01		         0.17000	-1.90000e+01	
1.86107   	-1.74463e+01	-1.97757e+01	-2.74916e+01		         0.17167	-1.80000e+01	
1.87912   	-1.73488e+01	-1.99768e+01	-2.69196e+01		         0.17333	-1.80000e+01	
1.89718   	-1.72102e+01	-2.22895e+01	-2.66952e+01		         0.17500	-1.70000e+01	
1.91524   	-1.70745e+01	-2.21670e+01	-2.68027e+01		         0.17667	-1.60000e+01	
1.93330   	-1.71626e+01	-2.01175e+01	-2.68798e+01		         0.17833	-1.50000e+01	
1.95136   	-1.71704e+01	-1.86773e+01	-2.67893e+01		         0.18000	-1.40000e+01	
1.96942   	-1.74019e+01	-1.94244e+01	-2.68622e+01		         0.18167	-1.30000e+01	
1.98747   	-1.76659e+01	-2.21103e+01	-2.70919e+01		         0.18333	-1.20000e+01	
2.00553   	-1.81856e+01	-2.73662e+01	-2.77238e+01		         0.18500	-1.10000e+01	
2.02359   	-1.96763e+01	-2.36423e+01	-2.86347e+01		         0.18667	-1.00000e+01	
2.04165   	-2.05075e+01	-2.24096e+01	-2.86121e+01		         0.18833	-9.00000e+00	
2.05971   	-2.27407e+01	-2.03931e+01	-2.83467e+01		         0.19000	-8.00000e+00	
2.07776   	-2.48729e+01	-2.26239e+01	-2.85986e+01		         0.19167	-7.00000e+00	
2.09582   	-2.41958e+01	-2.22943e+01	-2.93032e+01		         0.19333	-6.00000e+00	
2.11388   	-2.32945e+01	-3.07053e+01	-2.83508e+01		         0.19500	-4.00000e+00	
2.13194   	-2.24237e+01	-3.46738e+01	-2.72218e+01		         0.19667	-3.00000e+00	
2.15000   	-2.34118e+01	-2.93967e+01	-2.85363e+01		         0.19833	-2.00000e+00	
2.16805   	-2.37787e+01	-2.63885e+01	-2.74200e+01		         0.20000	-1.00000e+00	
2.18611   	-2.37028e+01	-2.51702e+01	-2.89769e+01		         0.20167	0.00000e+00	
2.20417   	-2.07263e+01	-2.50874e+01	-2.72358e+01		         0.20333	1.00000e+00	
2.22223   	-2.30983e+01	-2.26241e+01	-2.72456e+01		         0.20500	1.00000e+00	
2.24028   	-2.25173e+01	-2.07463e+01	-2.51698e+01		         0.20667	2.00000e+00	
2.25834   	-2.11263e+01	-2.12880e+01	-2.61496e+01		         0.20833	3.00000e+00	
2.27640   	-1.92675e+01	-1.98194e+01	-2.49710e+01		         0.21000	4.00000e+00	
2.29446   	-1.90544e+01	-2.24393e+01	-2.41660e+01		         0.21167	4.00000e+00	
2.31252   	-1.89571e+01	-2.33302e+01	-2.26240e+01		         0.21333	5.00000e+00	
2.33058   	-1.59795e+01	-2.53862e+01	-2.35688e+01		         0.21500	5.00000e+00	
2.34864   	-1.40853e+01	-3.00544e+01	-2.49405e+01		         0.21667	5.00000e+00	
2.36669   	-1.37908e+01	-3.56141e+01	-2.52237e+01		         0.21833	6.00000e+00	
2.38475   	-1.41869e+01	-4.00273e+01	-2.72847e+01		         0.22000	7.00000e+00	
2.40281   	-1.33127e+01	-4.32799e+01	-3.03561e+01		         0.22167	7.00000e+00	
2.42087   	-1.31109e+01	-4.50614e+01	-3.08075e+01		         0.22333	8.00000e+00	
2.43893   	-1.34961e+01	-4.70860e+01	-3.22637e+01		         0.22500	9.00000e+00	
2.45698   	-1.37392e+01	-4.71788e+01	-3.25825e+01		         0.22667	1.00000e+01	
2.47504   	-1.45906e+01	-4.89807e+01	-3.33133e+01		         0.22833	1.10000e+01	
2.49310   	-1.54051e+01	-5.00063e+01	-3.37409e+01		         0.23000	1.20000e+01	
2.51116   	-1.61593e+01	-4.89917e+01	-3.33309e+01		         0.23167	1.20000e+01	
2.52922   	-1.65632e+01	-4.80487e+01	-3.32390e+01		         0.23333	1.30000e+01	
2.54728   	-1.72267e+01	-4.68606e+01	-3.44308e+01		         0.23500	1.40000e+01	
2.56533   	-1.90182e+01	-4.58739e+01	-3.62101e+01		         0.23667	1.40000e+01	
2.58339   	-1.90854e+01	-4.51308e+01	-3.48825e+01		         0.23833	1.40000e+01	
2.60145   	-1.89146e+01	-4.39330e+01	-3.35362e+01		         0.24000	1.50000e+01	
2.61951   	-1.87856e+01	-4.43579e+01	-3.14701e+01		         0.24167	1.50000e+01	
2.63795   	-1.82344e+01	-4.44374e+01	-3.01935e+01		         0.24333	1.50000e+01	
2.65562   	-1.88128e+01	-4.48223e+01	-2.96328e+01		         0.24500	1.40000e+01	
2.67368   	-1.82715e+01	-4.29423e+01	-2.75210e+01		         0.24667	1.40000e+01	
2.69174   	-1.67554e+01	-3.53372e+01	-2.47383e+01		         0.24833	1.40000e+01	
2.70980   	-1.39855e+01	-3.40513e+01	-2.52128e+01		         0.25000	1.40000e+01	
2.72786   	-1.37582e+01	-3.13976e+01	-2.40726e+01		         0.25167	1.40000e+01	
2.74592   	-1.44177e+01	-2.75161e+01	-2.22607e+01		         0.25333	1.40000e+01	
2.76397   	-1.36857e+01	-2.54159e+01	-2.17436e+01		         0.25500	1.50000e+01	
2.78203   	-1.48852e+01	-2.45587e+01	-2.14202e+01		         0.25667	1.60000e+01	
2.80009   	-1.60158e+01	-2.38810e+01	-2.00559e+01		         0.25833	1.70000e+01	
2.81815   	-1.65348e+01	-2.48505e+01	-1.92789e+01		         0.26000	1.80000e+01	
2.83621   	-1.70487e+01	-2.32991e+01	-1.93744e+01		         0.26167	2.00000e+01	
2.85426   	-1.70748e+01	-2.46173e+01	-1.95148e+01		         0.26333	2.10000e+01	
2.87232   	-1.65141e+01	-2.38707e+01	-1.87908e+01		         0.26500	2.30000e+01	
2.89038   	-1.58451e+01	-2.31644e+01	-1.87135e+01		         0.26667	2.40000e+01	
2.90844   	-1.56919e+01	-2.48507e+01	-1.98795e+01		         0.26833	2.60000e+01	
2.92650   	-1.58468e+01	-2.44244e+01	-2.01449e+01		         0.27000	2.70000e+01	
2.94456   	-1.60418e+01	-2.49486e+01	-1.85280e+01		         0.27167	2.90000e+01	
2.96261   	-1.63323e+01	-2.53567e+01	-1.75762e+01		         0.27333	3.00000e+01	
2.98067   	-1.63140e+01	-2.51671e+01	-1.71549e+01		         0.27500	3.20000e+01	
2.99873   	-1.63223e+01	-2.47051e+01	-1.69937e+01		         0.27667	3.30000e+01	
3.01678   	-1.62565e+01	-2.59758e+01	-1.71148e+01		         0.27833	3.40000e+01	
3.03484   	-1.62576e+01	-2.88416e+01	-1.77363e+01		         0.28000	3.60000e+01	
3.05296   	-1.62648e+01	-2.67103e+01	-1.85449e+01		         0.28167	3.70000e+01	
3.07096   	-1.67881e+01	-2.35199e+01	-1.92737e+01		         0.28333	3.90000e+01	
3.08902   	-1.81824e+01	-2.12633e+01	-2.16358e+01		         0.28500	4.00000e+01	
3.10708   	-2.05844e+01	-2.34108e+01	-2.51375e+01		         0.28667	4.20000e+01	
3.12514   	-1.95537e+01	-2.49347e+01	-2.53458e+01		         0.28833	4.30000e+01	
3.14320   	-1.81931e+01	-2.89494e+01	-2.72283e+01		         0.29000	4.50000e+01	
3.16125   	-1.73632e+01	-3.60535e+01	-2.76368e+01		         0.29167	4.70000e+01	
					         0.29333	4.80000e+01	
					         0.29500	5.00000e+01	
					         0.29667	5.20000e+01	
					         0.29833	5.40000e+01	
					         0.30000	5.60000e+01	
					         0.30167	5.80000e+01	
					         0.30333	6.00000e+01	
					         0.30500	6.20000e+01	
					         0.30667	6.40000e+01	
					         0.30833	6.60000e+01	
					         0.31000	6.70000e+01	
					         0.31167	6.90000e+01	
					         0.31333	7.00000e+01	
					         0.31500	7.20000e+01	
					         0.31667	7.30000e+01	
					         0.31833	7.40000e+01	
					         0.32000	7.50000e+01	
					         0.32167	7.60000e+01	
					         0.32333	7.60000e+01	
					         0.32500	7.70000e+01	
					         0.32667	7.70000e+01	
					         0.32833	7.70000e+01	
					         0.33000	7.70000e+01	
					         0.33167	7.60000e+01	
					         0.33333	7.60000e+01	
					         0.33500	7.50000e+01	
					         0.33667	7.50000e+01	
					         0.33833	7.40000e+01	
					         0.34000	7.20000e+01	
					         0.34167	7.10000e+01	
					         0.34333	6.90000e+01	
					         0.34500	6.70000e+01	
					         0.34667	6.40000e+01	
					         0.34833	6.10000e+01	
					         0.35000	5.80000e+01	
					         0.35167	5.50000e+01	
					         0.35333	5.10000e+01	
					         0.35500	4.80000e+01	
					         0.35667	4.40000e+01	
					         0.35833	3.90000e+01	
					         0.36000	3.50000e+01	
					         0.36167	3.10000e+01	
					         0.36333	2.70000e+01	
					         0.36500	2.30000e+01	
					         0.36667	2.00000e+01	
					         0.36833	1.60000e+01	
					         0.37000	1.30000e+01	
					         0.37167	1.00000e+01	
					         0.37333	7.00000e+00	
					         0.37500	5.00000e+00	
					         0.37667	2.00000e+00	
					         0.37833	0.00000e+00	
					         0.38000	-3.00000e+00	
					         0.38167	-5.00000e+00	
					         0.38333	-7.00000e+00	
					         0.38500	-9.00000e+00	
					         0.38667	-1.10000e+01	
					         0.38833	-1.30000e+01	
					         0.39000	-1.40000e+01	
					         0.39167	-1.60000e+01	
					         0.39333	-1.70000e+01	
					         0.39500	-1.80000e+01	
					         0.39667	-1.80000e+01	
					         0.39833	-1.90000e+01	
					         0.40000	-1.90000e+01	
					         0.40167	-1.90000e+01	
					         0.40333	-1.90000e+01	
					         0.40500	-1.80000e+01	
					         0.40667	-1.80000e+01	
					         0.40833	-1.80000e+01	
					         0.41000	-1.90000e+01	
					         0.41167	-1.90000e+01	
					         0.41333	-2.00000e+01	
					         0.41500	-2.10000e+01	
					         0.41667	-2.20000e+01	
					         0.41833	-2.30000e+01	
					         0.42000	-2.40000e+01	
					         0.42167	-2.50000e+01	
					         0.42333	-2.60000e+01	
					         0.42500	-2.70000e+01	
					         0.42667	-2.70000e+01	
					         0.42833	-2.70000e+01	
					         0.43000	-2.70000e+01	
					         0.43167	-2.60000e+01	
					         0.43333	-2.50000e+01	
					         0.43500	-2.40000e+01	
					         0.43667	-2.30000e+01	
					         0.43833	-2.20000e+01	
					         0.44000	-2.10000e+01	
					         0.44167	-2.10000e+01	
					         0.44333	-2.00000e+01	
					         0.44500	-2.00000e+01	
					         0.44667	-2.00000e+01	
					         0.44833	-2.00000e+01	
					         0.45000	-2.00000e+01	
					         0.45167	-2.00000e+01	
					         0.45333	-2.00000e+01	
					         0.45500	-2.00000e+01	
					         0.45667	-1.90000e+01	
					         0.45833	-1.90000e+01	
					         0.46000	-1.80000e+01	
					         0.46167	-1.70000e+01	
					         0.46333	-1.60000e+01	
					         0.46500	-1.50000e+01	
					         0.46667	-1.40000e+01	
					         0.46833	-1.30000e+01	
					         0.47000	-1.30000e+01	
					         0.47167	-1.20000e+01	
					         0.47333	-1.20000e+01	
					         0.47500	-1.20000e+01	
					         0.47667	-1.20000e+01	
					         0.47833	-1.30000e+01	
					         0.48000	-1.30000e+01	
					         0.48167	-1.40000e+01	
					         0.48333	-1.40000e+01	
					         0.48500	-1.40000e+01	
					         0.48667	-1.40000e+01	
					         0.48833	-1.40000e+01	
					         0.49000	-1.40000e+01	
					         0.49167	-1.40000e+01	
					         0.49333	-1.30000e+01	
					         0.49500	-1.30000e+01	
					         0.49667	-1.20000e+01	
					         0.49833	-1.10000e+01	
					         0.50000	-1.00000e+01	
					         0.50167	-9.00000e+00	
					         0.50333	-8.00000e+00	
					         0.50500	-7.00000e+00	
					         0.50667	-6.00000e+00	
					         0.50833	-5.00000e+00	
					         0.51000	-4.00000e+00	
					         0.51167	-3.00000e+00	
					         0.51333	-2.00000e+00	
					         0.51500	-2.00000e+00	
					         0.51667	-1.00000e+00	
					         0.51833	-1.00000e+00	
					         0.52000	0.00000e+00	
					         0.52167	0.00000e+00	
					         0.52333	1.00000e+00	
					         0.52500	1.00000e+00	
					         0.52667	1.00000e+00	
					         0.52833	2.00000e+00	
					         0.53000	3.00000e+00	
					         0.53167	3.00000e+00	
					         0.53333	4.00000e+00	
					         0.53500	5.00000e+00	
					         0.53667	6.00000e+00	
					         0.53833	6.00000e+00	
					         0.54000	7.00000e+00	
					         0.54167	8.00000e+00	
					         0.54333	8.00000e+00	
					         0.54500	8.00000e+00	
					         0.54667	9.00000e+00	
					         0.54833	9.00000e+00	
					         0.55000	8.00000e+00	
					         0.55167	8.00000e+00	
					         0.55333	8.00000e+00	
					         0.55500	7.00000e+00	
					         0.55667	7.00000e+00	
					         0.55833	7.00000e+00	
					         0.56000	7.00000e+00	
					         0.56167	7.00000e+00	
					         0.56333	7.00000e+00	
					         0.56500	7.00000e+00	
					         0.56667	7.00000e+00	
					         0.56833	7.00000e+00	
					         0.57000	8.00000e+00	
					         0.57167	8.00000e+00	
					         0.57333	8.00000e+00	
					         0.57500	8.00000e+00	
					         0.57667	8.00000e+00	
					         0.57833	8.00000e+00	
					         0.58000	8.00000e+00	
					         0.58167	7.00000e+00	
					         0.58333	7.00000e+00	
					         0.58500	7.00000e+00	
					         0.58667	7.00000e+00	
					         0.58833	6.00000e+00	
					         0.59000	6.00000e+00	
					         0.59167	7.00000e+00	
					         0.59333	7.00000e+00	
					         0.59500	7.00000e+00	
					         0.59667	8.00000e+00	
					         0.59833	8.00000e+00	
					         0.60000	8.00000e+00	
					         0.60167	9.00000e+00	
					         0.60333	9.00000e+00	
					         0.60500	9.00000e+00	
					         0.60667	9.00000e+00	
					         0.60833	9.00000e+00	
					         0.61000	8.00000e+00	
					         0.61167	8.00000e+00	
					         0.61333	8.00000e+00	
					         0.61500	8.00000e+00	
					         0.61667	8.00000e+00	
					         0.61833	8.00000e+00	
					         0.62000	9.00000e+00	
					         0.62167	9.00000e+00	
					         0.62333	1.00000e+01	
					         0.62500	1.00000e+01	
					         0.62667	1.00000e+01	
					         0.62833	1.10000e+01	
					         0.63000	1.10000e+01	
					         0.63167	1.10000e+01	
					         0.63333	1.20000e+01	
					         0.63500	1.20000e+01	
					         0.63667	1.20000e+01	
					         0.63833	1.20000e+01	
					         0.64000	1.20000e+01	
					         0.64167	1.10000e+01	
					         0.64333	1.10000e+01	
					         0.64500	1.10000e+01	
					         0.64667	1.00000e+01	
					         0.64833	9.00000e+00	
					         0.65000	9.00000e+00	
					         0.65167	8.00000e+00	
					         0.65333	7.00000e+00	
					         0.65500	5.00000e+00	
					         0.65667	4.00000e+00	
					         0.65833	3.00000e+00	
					         0.66000	2.00000e+00	
					         0.66167	1.00000e+00	
					         0.66333	0.00000e+00	
					         0.66500	0.00000e+00	
					         0.66667	0.00000e+00	
					         0.66833	0.00000e+00	
					         0.67000	0.00000e+00	
					         0.67167	1.00000e+00	
					         0.67333	2.00000e+00	
					         0.67500	2.00000e+00	
					         0.67667	3.00000e+00	
					         0.67833	3.00000e+00	
					         0.68000	4.00000e+00	
					         0.68167	4.00000e+00	
					         0.68333	5.00000e+00	
					         0.68500	5.00000e+00	
					         0.68667	5.00000e+00	
					         0.68833	5.00000e+00	
					         0.69000	5.00000e+00	
					         0.69167	5.00000e+00	
					         0.69333	5.00000e+00	
					         0.69500	5.00000e+00	
					         0.69667	5.00000e+00	
					         0.69833	5.00000e+00	
					         0.70000	5.00000e+00	
					         0.70167	6.00000e+00	
					         0.70333	6.00000e+00	
					         0.70500	6.00000e+00	
					         0.70667	6.00000e+00	
					         0.70833	6.00000e+00	
					         0.71000	6.00000e+00	
					         0.71167	5.00000e+00	
					         0.71333	5.00000e+00	
					         0.71500	5.00000e+00	
					         0.71667	5.00000e+00	
					         0.71833	5.00000e+00	
					         0.72000	5.00000e+00	
					         0.72167	5.00000e+00	
					         0.72333	5.00000e+00	
					         0.72500	6.00000e+00	
					         0.72667	6.00000e+00	
					         0.72833	7.00000e+00	
					         0.73000	8.00000e+00	
					         0.73167	9.00000e+00	
					         0.73333	1.00000e+01	
					         0.73500	1.10000e+01	
					         0.73667	1.10000e+01	
					         0.73833	1.20000e+01	
					         0.74000	1.20000e+01	
					         0.74167	1.20000e+01	
					         0.74333	1.20000e+01	
					         0.74500	1.20000e+01	
					         0.74667	1.20000e+01	
					         0.74833	1.20000e+01	
					         0.75000	1.20000e+01	
					         0.75167	1.20000e+01	
					         0.75333	1.30000e+01	
					         0.75500	1.30000e+01	
					         0.75667	1.40000e+01	
					         0.75833	1.50000e+01	
					         0.76000	1.50000e+01	
					         0.76167	1.60000e+01	
					         0.76333	1.60000e+01	
					         0.76500	1.60000e+01	
					         0.76667	1.70000e+01	
					         0.76833	1.60000e+01	
					         0.77000	1.60000e+01	
					         0.77167	1.50000e+01	
					         0.77333	1.50000e+01	
					         0.77500	1.40000e+01	
					         0.77667	1.20000e+01	
					         0.77833	1.10000e+01	
					         0.78000	1.10000e+01	
					         0.78167	1.00000e+01	
					         0.78333	9.00000e+00	
					         0.78500	8.00000e+00	
					         0.78667	8.00000e+00	
					         0.78833	8.00000e+00	
					         0.79000	7.00000e+00	
					         0.79167	7.00000e+00	
					         0.79333	7.00000e+00	
					         0.79500	7.00000e+00	
					         0.79667	7.00000e+00	
					         0.79833	7.00000e+00	
					         0.80000	7.00000e+00	
					         0.80167	7.00000e+00	
					         0.80333	7.00000e+00	
					         0.80500	7.00000e+00	
					         0.80667	7.00000e+00	
					         0.80833	7.00000e+00	
					         0.81000	7.00000e+00	
					         0.81167	7.00000e+00	
					         0.81333	7.00000e+00	
					         0.81500	7.00000e+00	
					         0.81667	7.00000e+00	
					         0.81833	7.00000e+00	
					         0.82000	6.00000e+00	
					         0.82167	6.00000e+00	
					         0.82333	6.00000e+00	
					         0.82500	6.00000e+00	
					         0.82667	6.00000e+00	
					         0.82833	6.00000e+00	
					         0.83000	6.00000e+00	
					         0.83167	6.00000e+00	
					         0.83333	7.00000e+00	
					         0.83500	7.00000e+00	
					         0.83667	7.00000e+00	
					         0.83833	8.00000e+00	
					         0.84000	8.00000e+00	
					         0.84167	8.00000e+00	
					         0.84333	9.00000e+00	
					         0.84500	9.00000e+00	
					         0.84667	1.00000e+01	
					         0.84833	1.10000e+01	
					         0.85000	1.10000e+01	
					         0.85167	1.10000e+01	
					         0.85333	1.20000e+01	
					         0.85500	1.20000e+01	
					         0.85667	1.20000e+01	
					         0.85833	1.20000e+01	
					         0.86000	1.20000e+01	
					         0.86167	1.30000e+01	
					         0.86333	1.30000e+01	
					         0.86500	1.30000e+01	
					         0.86667	1.40000e+01	
					         0.86833	1.40000e+01	
					         0.87000	1.50000e+01	
					         0.87167	1.60000e+01	
					         0.87333	1.70000e+01	
					         0.87500	1.80000e+01	
					         0.87667	1.90000e+01	
					         0.87833	2.10000e+01	
					         0.88000	2.30000e+01	
					         0.88167	2.50000e+01	
					         0.88333	2.70000e+01	
					         0.88500	2.90000e+01	
					         0.88667	3.00000e+01	
					         0.88833	3.20000e+01	
					         0.89000	3.30000e+01	
					         0.89167	3.40000e+01	
					         0.89333	3.50000e+01	
					         0.89500	3.60000e+01	
					         0.89667	3.80000e+01	
					         0.89833	3.90000e+01	
					         0.90000	4.00000e+01	
					         0.90167	4.20000e+01	
					         0.90333	4.30000e+01	
					         0.90500	4.50000e+01	
					         0.90667	4.70000e+01	
					         0.90833	4.80000e+01	
					         0.91000	5.00000e+01	
					         0.91167	5.20000e+01	
					         0.91333	5.40000e+01	
					         0.91500	5.50000e+01	
					         0.91667	5.60000e+01	
					         0.91833	5.60000e+01	
					         0.92000	5.60000e+01	
					         0.92167	5.60000e+01	
					         0.92333	5.50000e+01	
					         0.92500	5.30000e+01	
					         0.92667	5.20000e+01	
					         0.92833	5.00000e+01	
					         0.93000	4.80000e+01	
					         0.93167	4.60000e+01	
					         0.93333	4.40000e+01	
					         0.93500	4.10000e+01	
					         0.93667	3.80000e+01	
					         0.93833	3.50000e+01	
					         0.94000	3.20000e+01	
					         0.94167	2.80000e+01	
					         0.94333	2.50000e+01	
					         0.94500	2.20000e+01	
					         0.94667	1.90000e+01	
					         0.94833	1.70000e+01	
					         0.95000	1.40000e+01	
					         0.95167	1.20000e+01	
					         0.95333	1.00000e+01	
					         0.95500	9.00000e+00	
					         0.95667	8.00000e+00	
					         0.95833	6.00000e+00	
					         0.96000	5.00000e+00	
					         0.96167	4.00000e+00	
					         0.96333	2.00000e+00	
					         0.96500	1.00000e+00	
					         0.96667	-2.00000e+00	
					         0.96833	-4.00000e+00	
					         0.97000	-7.00000e+00	
					         0.97167	-1.10000e+01	
					         0.97333	-1.40000e+01	
					         0.97500	-1.70000e+01	
					         0.97667	-2.10000e+01	
					         0.97833	-2.40000e+01	
					         0.98000	-2.70000e+01	
					         0.98167	-3.00000e+01	
					         0.98333	-3.20000e+01	
					         0.98500	-3.40000e+01	
					         0.98667	-3.50000e+01	
					         0.98833	-3.60000e+01	
					         0.99000	-3.60000e+01	
					         0.99167	-3.60000e+01	
					         0.99333	-3.60000e+01	
					         0.99500	-3.60000e+01	
					         0.99667	-3.60000e+01	
					         0.99833	-3.60000e+01	
					         1.00000	-3.60000e+01	
					         1.00167	-3.50000e+01	
					         1.00333	-3.50000e+01	
					         1.00500	-3.50000e+01	
					         1.00667	-3.50000e+01	
					         1.00833	-3.60000e+01	
					         1.01000	-3.60000e+01	
					         1.01167	-3.70000e+01	
					         1.01333	-3.70000e+01	
					         1.01500	-3.80000e+01	
					         1.01667	-4.00000e+01	
					         1.01833	-4.10000e+01	
					         1.02000	-4.30000e+01	
					         1.02167	-4.40000e+01	
					         1.02333	-4.60000e+01	
					         1.02500	-4.60000e+01	
					         1.02667	-4.50000e+01	
					         1.02833	-4.30000e+01	
					         1.03000	-3.80000e+01	
					         1.03167	-3.10000e+01	
					         1.03333	-2.00000e+01	
					         1.03500	-6.00000e+00	
					         1.03667	1.20000e+01	
					         1.03833	3.50000e+01	
					         1.04000	6.10000e+01	
					         1.04167	9.10000e+01	
					         1.04333	1.24000e+02	
					         1.04500	1.59000e+02	
					         1.04667	1.95000e+02	
					         1.04833	2.30000e+02	
					         1.05000	2.63000e+02	
					         1.05167	2.93000e+02	
					         1.05333	3.18000e+02	
					         1.05500	3.37000e+02	
					         1.05667	3.50000e+02	
					         1.05833	3.55000e+02	
					         1.06000	3.52000e+02	
					         1.06167	3.41000e+02	
					         1.06333	3.23000e+02	
					         1.06500	2.98000e+02	
					         1.06667	2.68000e+02	
					         1.06833	2.34000e+02	
					         1.07000	1.97000e+02	
					         1.07167	1.60000e+02	
					         1.07333	1.22000e+02	
					         1.07500	8.50000e+01	
					         1.07667	5.00000e+01	
					         1.07833	1.80000e+01	
					         1.08000	-1.00000e+01	
					         1.08167	-3.60000e+01	
					         1.08333	-5.70000e+01	
					         1.08500	-7.50000e+01	
					         1.08667	-9.00000e+01	
					         1.08833	-1.02000e+02	
					         1.09000	-1.11000e+02	
					         1.09167	-1.18000e+02	
					         1.09333	-1.23000e+02	
					         1.09500	-1.27000e+02	
					         1.09667	-1.29000e+02	
					         1.09833	-1.30000e+02	
					         1.10000	-1.30000e+02	
					         1.10167	-1.30000e+02	
					         1.10333	-1.29000e+02	
					         1.10500	-1.28000e+02	
					         1.10667	-1.26000e+02	
					         1.10833	-1.24000e+02	
					         1.11000	-1.22000e+02	
					         1.11167	-1.20000e+02	
					         1.11333	-1.18000e+02	
					         1.11500	-1.16000e+02	
					         1.11667	-1.14000e+02	
					         1.11833	-1.12000e+02	
					         1.12000	-1.11000e+02	
					         1.12167	-1.09000e+02	
					         1.12333	-1.07000e+02	
					         1.12500	-1.05000e+02	
					         1.12667	-1.04000e+02	
					         1.12833	-1.02000e+02	
					         1.13000	-1.00000e+02	
					         1.13167	-9.80000e+01	
					         1.13333	-9.60000e+01	
					         1.13500	-9.40000e+01	
					         1.13667	-9.20000e+01	
					         1.13833	-9.00000e+01	
					         1.14000	-8.80000e+01	
					         1.14167	-8.60000e+01	
					         1.14333	-8.40000e+01	
					         1.14500	-8.10000e+01	
					         1.14667	-7.90000e+01	
					         1.14833	-7.60000e+01	
					         1.15000	-7.40000e+01	
					         1.15167	-7.20000e+01	
					         1.15333	-6.90000e+01	
					         1.15500	-6.70000e+01	
					         1.15667	-6.50000e+01	
					         1.15833	-6.40000e+01	
					         1.16000	-6.20000e+01	
					         1.16167	-6.00000e+01	
					         1.16333	-5.90000e+01	
					         1.16500	-5.70000e+01	
					         1.16667	-5.60000e+01	
					         1.16833	-5.50000e+01	
					         1.17000	-5.30000e+01	
					         1.17167	-5.20000e+01	
					         1.17333	-5.10000e+01	
					         1.17500	-4.90000e+01	
					         1.17667	-4.70000e+01	
					         1.17833	-4.60000e+01	
					         1.18000	-4.40000e+01	
					         1.18167	-4.20000e+01	
					         1.18333	-4.00000e+01	
					         1.18500	-3.80000e+01	
					         1.18667	-3.60000e+01	
					         1.18833	-3.50000e+01	
					         1.19000	-3.30000e+01	
					         1.19167	-3.10000e+01	
					         1.19333	-3.00000e+01	
					         1.19500	-2.80000e+01	
					         1.19667	-2.70000e+01	
					         1.19833	-2.60000e+01	
					         1.20000	-2.50000e+01	
					         1.20167	-2.40000e+01	
					         1.20333	-2.30000e+01	
					         1.20500	-2.20000e+01	
					         1.20667	-2.10000e+01	
					         1.20833	-2.00000e+01	
					         1.21000	-1.90000e+01	
					         1.21167	-1.80000e+01	
					         1.21333	-1.70000e+01	
					         1.21500	-1.60000e+01	
					         1.21667	-1.60000e+01	
					         1.21833	-1.50000e+01	
					         1.22000	-1.50000e+01	
					         1.22167	-1.40000e+01	
					         1.22333	-1.40000e+01	
					         1.22500	-1.40000e+01	
					         1.22667	-1.40000e+01	
					         1.22833	-1.30000e+01	
					         1.23000	-1.30000e+01	
					         1.23167	-1.30000e+01	
					         1.23333	-1.30000e+01	
					         1.23500	-1.20000e+01	
					         1.23667	-1.10000e+01	
					         1.23833	-1.00000e+01	
					         1.24000	-8.00000e+00	
					         1.24167	-7.00000e+00	
					         1.24333	-5.00000e+00	
					         1.24500	-4.00000e+00	
					         1.24667	-2.00000e+00	
					         1.24833	-1.00000e+00	
					         1.25000	0.00000e+00	
					         1.25167	2.00000e+00	
					         1.25333	3.00000e+00	
					         1.25500	4.00000e+00	
					         1.25667	5.00000e+00	
					         1.25833	5.00000e+00	
					         1.26000	6.00000e+00	
					         1.26167	7.00000e+00	
					         1.26333	8.00000e+00	
					         1.26500	9.00000e+00	
					         1.26667	1.00000e+01	
					         1.26833	1.00000e+01	
					         1.27000	1.10000e+01	
					         1.27167	1.20000e+01	
					         1.27333	1.30000e+01	
					         1.27500	1.40000e+01	
					         1.27667	1.50000e+01	
					         1.27833	1.50000e+01	
					         1.28000	1.60000e+01	
					         1.28167	1.70000e+01	
					         1.28333	1.80000e+01	
					         1.28500	1.90000e+01	
					         1.28667	2.00000e+01	
					         1.28833	2.10000e+01	
					         1.29000	2.20000e+01	
					         1.29167	2.20000e+01	
					         1.29333	2.30000e+01	
					         1.29500	2.40000e+01	
					         1.29667	2.40000e+01	
					         1.29833	2.50000e+01	
					         1.30000	2.50000e+01	
					         1.30167	2.50000e+01	
					         1.30333	2.60000e+01	
					         1.30500	2.60000e+01	
					         1.30667	2.60000e+01	
					         1.30833	2.70000e+01	
					         1.31000	2.70000e+01	
					         1.31167	2.80000e+01	
					         1.31333	2.90000e+01	
					         1.31500	3.10000e+01	
					         1.31667	3.20000e+01	
					         1.31833	3.40000e+01	
					         1.32000	3.60000e+01	
					         1.32167	3.80000e+01	
					         1.32333	4.10000e+01	
					         1.32500	4.30000e+01	
					         1.32667	4.60000e+01	
					         1.32833	4.80000e+01	
					         1.33000	5.00000e+01	
					         1.33167	5.20000e+01	
					         1.33333	5.40000e+01	
					         1.33500	5.60000e+01	
					         1.33667	5.80000e+01	
					         1.33833	5.90000e+01	
					         1.34000	6.00000e+01	
					         1.34167	6.20000e+01	
					         1.34333	6.30000e+01	
					         1.34500	6.40000e+01	
					         1.34667	6.50000e+01	
					         1.34833	6.60000e+01	
					         1.35000	6.60000e+01	
					         1.35167	6.70000e+01	
					         1.35333	6.70000e+01	
					         1.35500	6.70000e+01	
					         1.35667	6.70000e+01	
					         1.35833	6.60000e+01	
					         1.36000	6.60000e+01	
					         1.36167	6.50000e+01	
					         1.36333	6.40000e+01	
					         1.36500	6.20000e+01	
					         1.36667	6.00000e+01	
					         1.36833	5.80000e+01	
					         1.37000	5.60000e+01	
					         1.37167	5.30000e+01	
					         1.37333	5.00000e+01	
					         1.37500	4.60000e+01	
					         1.37667	4.30000e+01	
					         1.37833	3.90000e+01	
					         1.38000	3.50000e+01	
					         1.38167	3.10000e+01	
					         1.38333	2.70000e+01	
					         1.38500	2.30000e+01	
					         1.38667	1.90000e+01	
					         1.38833	1.60000e+01	
					         1.39000	1.30000e+01	
					         1.39167	1.00000e+01	
					         1.39333	7.00000e+00	
					         1.39500	5.00000e+00	
					         1.39667	2.00000e+00	
					         1.39833	0.00000e+00	
					         1.40000	-3.00000e+00	
					         1.40167	-6.00000e+00	
					         1.40333	-9.00000e+00	
					         1.40500	-1.10000e+01	
					         1.40667	-1.40000e+01	
					         1.40833	-1.70000e+01	
					         1.41000	-2.00000e+01	
					         1.41167	-2.30000e+01	
					         1.41333	-2.60000e+01	
					         1.41500	-2.90000e+01	
					         1.41667	-3.10000e+01	
					         1.41833	-3.30000e+01	
					         1.42000	-3.50000e+01	
					         1.42167	-3.60000e+01	
					         1.42333	-3.60000e+01	
					         1.42500	-3.70000e+01	
					         1.42667	-3.70000e+01	
					         1.42833	-3.70000e+01	
					         1.43000	-3.60000e+01	
					         1.43167	-3.60000e+01	
					         1.43333	-3.50000e+01	
					         1.43500	-3.40000e+01	
					         1.43667	-3.40000e+01	
					         1.43833	-3.30000e+01	
					         1.44000	-3.20000e+01	
					         1.44167	-3.20000e+01	
					         1.44333	-3.10000e+01	
					         1.44500	-3.00000e+01	
					         1.44667	-3.00000e+01	
					         1.44833	-3.00000e+01	
					         1.45000	-2.90000e+01	
					         1.45167	-2.90000e+01	
					         1.45333	-2.90000e+01	
					         1.45500	-2.90000e+01	
					         1.45667	-2.80000e+01	
					         1.45833	-2.80000e+01	
					         1.46000	-2.80000e+01	
					         1.46167	-2.80000e+01	
					         1.46333	-2.80000e+01	
					         1.46500	-2.80000e+01	
					         1.46667	-2.80000e+01	
					         1.46833	-2.80000e+01	
					         1.47000	-2.80000e+01	
					         1.47167	-2.80000e+01	
					         1.47333	-2.80000e+01	
					         1.47500	-2.80000e+01	
					         1.47667	-2.80000e+01	
					         1.47833	-2.80000e+01	
					         1.48000	-2.70000e+01	
					         1.48167	-2.70000e+01	
					         1.48333	-2.60000e+01	
					         1.48500	-2.50000e+01	
					         1.48667	-2.40000e+01	
					         1.48833	-2.30000e+01	
					         1.49000	-2.20000e+01	
					         1.49167	-2.10000e+01	
					         1.49333	-2.00000e+01	
					         1.49500	-2.00000e+01	
					         1.49667	-1.90000e+01	
					         1.49833	-1.90000e+01	
					         1.50000	-1.80000e+01	
					         1.50167	-1.80000e+01	
					         1.50333	-1.70000e+01	
					         1.50500	-1.70000e+01	
					         1.50667	-1.70000e+01	
					         1.50833	-1.60000e+01	
					         1.51000	-1.50000e+01	
					         1.51167	-1.50000e+01	
					         1.51333	-1.40000e+01	
					         1.51500	-1.30000e+01	
					         1.51667	-1.10000e+01	
					         1.51833	-1.00000e+01	
					         1.52000	-9.00000e+00	
					         1.52167	-8.00000e+00	
					         1.52333	-7.00000e+00	
					         1.52500	-6.00000e+00	
					         1.52667	-5.00000e+00	
					         1.52833	-5.00000e+00	
					         1.53000	-4.00000e+00	
					         1.53167	-4.00000e+00	
					         1.53333	-4.00000e+00	
					         1.53500	-4.00000e+00	
					         1.53667	-5.00000e+00	
					         1.53833	-5.00000e+00	
					         1.54000	-6.00000e+00	
					         1.54167	-6.00000e+00	
					         1.54333	-7.00000e+00	
					         1.54500	-8.00000e+00	
					         1.54667	-8.00000e+00	
					         1.54833	-8.00000e+00	
					         1.55000	-8.00000e+00	
					         1.55167	-8.00000e+00	
					         1.55333	-8.00000e+00	
					         1.55500	-7.00000e+00	
					         1.55667	-7.00000e+00	
					         1.55833	-6.00000e+00	
					         1.56000	-6.00000e+00	
					         1.56167	-5.00000e+00	
					         1.56333	-4.00000e+00	
					         1.56500	-4.00000e+00	
					         1.56667	-3.00000e+00	
					         1.56833	-3.00000e+00	
					         1.57000	-3.00000e+00	
					         1.57167	-3.00000e+00	
					         1.57333	-3.00000e+00	
					         1.57500	-3.00000e+00	
					         1.57667	-3.00000e+00	
					         1.57833	-4.00000e+00	
					         1.58000	-4.00000e+00	
					         1.58167	-4.00000e+00	
					         1.58333	-4.00000e+00	
					         1.58500	-4.00000e+00	
					         1.58667	-3.00000e+00	
					         1.58833	-3.00000e+00	
					         1.59000	-2.00000e+00	
					         1.59167	-1.00000e+00	
					         1.59333	0.00000e+00	
					         1.59500	1.00000e+00	
					         1.59667	1.00000e+00	
					         1.59833	2.00000e+00	
					         1.60000	2.00000e+00	
					         1.60167	3.00000e+00	
					         1.60333	3.00000e+00	
					         1.60500	3.00000e+00	
					         1.60667	3.00000e+00	
					         1.60833	2.00000e+00	
					         1.61000	2.00000e+00	
					         1.61167	1.00000e+00	
					         1.61333	1.00000e+00	
					         1.61500	0.00000e+00	
					         1.61667	0.00000e+00	
					         1.61833	0.00000e+00	
					         1.62000	0.00000e+00	
					         1.62167	0.00000e+00	
					         1.62333	0.00000e+00	
					         1.62500	0.00000e+00	
					         1.62667	0.00000e+00	
					         1.62833	1.00000e+00	
					         1.63000	1.00000e+00	
					         1.63167	1.00000e+00	
					         1.63333	2.00000e+00	
					         1.63500	2.00000e+00	
					         1.63667	2.00000e+00	
					         1.63833	3.00000e+00	
					         1.64000	3.00000e+00	
					         1.64167	4.00000e+00	
					         1.64333	4.00000e+00	
					         1.64500	5.00000e+00	
					         1.64667	5.00000e+00	
					         1.64833	6.00000e+00	
					         1.65000	6.00000e+00	
					         1.65167	6.00000e+00	
					         1.65333	6.00000e+00	
					         1.65500	5.00000e+00	
					         1.65667	5.00000e+00	
					         1.65833	5.00000e+00	
					         1.66000	5.00000e+00	
					         1.66167	5.00000e+00	
					         1.66333	4.00000e+00	
					         1.66500	4.00000e+00	
					         1.66667	4.00000e+00	
					         1.66833	5.00000e+00	
					         1.67000	6.00000e+00	
					         1.67167	7.00000e+00	
					         1.67333	8.00000e+00	
					         1.67500	9.00000e+00	
					         1.67667	1.00000e+01	
					         1.67833	1.10000e+01	
					         1.68000	1.10000e+01	
					         1.68167	1.20000e+01	
					         1.68333	1.20000e+01	
					         1.68500	1.20000e+01	
					         1.68667	1.10000e+01	
					         1.68833	1.10000e+01	
					         1.69000	1.00000e+01	
					         1.69167	9.00000e+00	
					         1.69333	8.00000e+00	
					         1.69500	8.00000e+00	
					         1.69667	7.00000e+00	
					         1.69833	7.00000e+00	
					         1.70000	7.00000e+00	
					         1.70167	7.00000e+00	
					         1.70333	7.00000e+00	
					         1.70500	7.00000e+00	
					         1.70667	7.00000e+00	
					         1.70833	8.00000e+00	
					         1.71000	8.00000e+00	
					         1.71167	8.00000e+00	
					         1.71333	8.00000e+00	
					         1.71500	8.00000e+00	
					         1.71667	7.00000e+00	
					         1.71833	7.00000e+00	
					         1.72000	7.00000e+00	
					         1.72167	7.00000e+00	
					         1.72333	7.00000e+00	
					         1.72500	7.00000e+00	
					         1.72667	6.00000e+00	
					         1.72833	6.00000e+00	
					         1.73000	6.00000e+00	
					         1.73167	5.00000e+00	
					         1.73333	5.00000e+00	
					         1.73500	5.00000e+00	
					         1.73667	5.00000e+00	
					         1.73833	5.00000e+00	
					         1.74000	5.00000e+00	
					         1.74167	5.00000e+00	
					         1.74333	4.00000e+00	
					         1.74500	4.00000e+00	
					         1.74667	4.00000e+00	
					         1.74833	4.00000e+00	
					         1.75000	4.00000e+00	
					         1.75167	4.00000e+00	
					         1.75333	4.00000e+00	
					         1.75500	3.00000e+00	
					         1.75667	3.00000e+00	
					         1.75833	3.00000e+00	
					         1.76000	3.00000e+00	
					         1.76167	3.00000e+00	
					         1.76333	3.00000e+00	
					         1.76500	3.00000e+00	
					         1.76667	3.00000e+00	
					         1.76833	3.00000e+00	
					         1.77000	3.00000e+00	
					         1.77167	4.00000e+00	
					         1.77333	4.00000e+00	
					         1.77500	4.00000e+00	
					         1.77667	5.00000e+00	
					         1.77833	5.00000e+00	
					         1.78000	5.00000e+00	
					         1.78167	4.00000e+00	
					         1.78333	4.00000e+00	
					         1.78500	4.00000e+00	
					         1.78667	3.00000e+00	
					         1.78833	2.00000e+00	
					         1.79000	1.00000e+00	
					         1.79167	0.00000e+00	
					         1.79333	-1.00000e+00	
					         1.79500	-1.00000e+00	
					         1.79667	-2.00000e+00	
					         1.79833	-3.00000e+00	
					         1.80000	-4.00000e+00	
					         1.80167	-4.00000e+00	
					         1.80333	-4.00000e+00	
					         1.80500	-4.00000e+00	
					         1.80667	-4.00000e+00	
					         1.80833	-3.00000e+00	
					         1.81000	-3.00000e+00	
					         1.81167	-3.00000e+00	
					         1.81333	-2.00000e+00	
					         1.81500	-2.00000e+00	
					         1.81667	-1.00000e+00	
					         1.81833	-1.00000e+00	
					         1.82000	-1.00000e+00	
					         1.82167	0.00000e+00	
					         1.82333	0.00000e+00	
					         1.82500	0.00000e+00	
					         1.82667	0.00000e+00	
					         1.82833	0.00000e+00	
					         1.83000	0.00000e+00	
					         1.83167	0.00000e+00	
					         1.83333	0.00000e+00	
					         1.83500	0.00000e+00	
					         1.83667	0.00000e+00	
					         1.83833	0.00000e+00	
					         1.84000	0.00000e+00	
					         1.84167	0.00000e+00	
					         1.84333	0.00000e+00	
					         1.84500	0.00000e+00	
					         1.84667	0.00000e+00	
					         1.84833	0.00000e+00	
					         1.85000	0.00000e+00	
					         1.85167	0.00000e+00	
					         1.85333	0.00000e+00	
					         1.85500	1.00000e+00	
					         1.85667	1.00000e+00	
					         1.85833	2.00000e+00	
					         1.86000	2.00000e+00	
					         1.86167	3.00000e+00	
					         1.86333	3.00000e+00	
					         1.86500	3.00000e+00	
					         1.86667	4.00000e+00	
					         1.86833	4.00000e+00	
					         1.87000	4.00000e+00	
					         1.87167	4.00000e+00	
					         1.87333	4.00000e+00	
					         1.87500	4.00000e+00	
					         1.87667	4.00000e+00	
					         1.87833	4.00000e+00	
					         1.88000	5.00000e+00	
					         1.88167	5.00000e+00	
					         1.88333	5.00000e+00	
					         1.88500	6.00000e+00	
					         1.88667	6.00000e+00	
					         1.88833	7.00000e+00	
					         1.89000	7.00000e+00	
					         1.89167	8.00000e+00	
					         1.89333	9.00000e+00	
					         1.89500	9.00000e+00	
					         1.89667	1.00000e+01	
					         1.89833	1.10000e+01	
					         1.90000	1.20000e+01	
					         1.90167	1.20000e+01	
					         1.90333	1.30000e+01	
					         1.90500	1.30000e+01	
					         1.90667	1.40000e+01	
					         1.90833	1.50000e+01	
					         1.91000	1.50000e+01	
					         1.91167	1.60000e+01	
					         1.91333	1.60000e+01	
					         1.91500	1.70000e+01	
					         1.91667	1.70000e+01	
					         1.91833	1.70000e+01	
					         1.92000	1.80000e+01	
					         1.92167	1.80000e+01	
					         1.92333	1.90000e+01	
					         1.92500	1.90000e+01	
					         1.92667	2.00000e+01	
					         1.92833	2.00000e+01	
					         1.93000	2.10000e+01	
					         1.93167	2.10000e+01	
					         1.93333	2.20000e+01	
					         1.93500	2.30000e+01	
					         1.93667	2.30000e+01	
					         1.93833	2.40000e+01	
					         1.94000	2.50000e+01	
					         1.94167	2.60000e+01	
					         1.94333	2.70000e+01	
					         1.94500	2.80000e+01	
					         1.94667	2.90000e+01	
					         1.94833	3.00000e+01	
					         1.95000	3.10000e+01	
					         1.95167	3.30000e+01	
					         1.95333	3.40000e+01	
					         1.95500	3.60000e+01	
					         1.95667	3.70000e+01	
					         1.95833	3.90000e+01	
					         1.96000	4.10000e+01	
					         1.96167	4.20000e+01	
					         1.96333	4.40000e+01	
					         1.96500	4.60000e+01	
					         1.96667	4.70000e+01	
					         1.96833	4.90000e+01	
					         1.97000	5.00000e+01	
					         1.97167	5.10000e+01	
					         1.97333	5.20000e+01	
					         1.97500	5.20000e+01	
					         1.97667	5.20000e+01	
					         1.97833	5.20000e+01	
					         1.98000	5.20000e+01	
					         1.98167	5.10000e+01	
					         1.98333	4.90000e+01	
					         1.98500	4.80000e+01	
					         1.98667	4.60000e+01	
					         1.98833	4.30000e+01	
					         1.99000	4.10000e+01	
					         1.99167	3.80000e+01	
					         1.99333	3.50000e+01	
					         1.99500	3.30000e+01	
					         1.99667	3.00000e+01	
					         1.99833	2.80000e+01	
					         2.00000	2.60000e+01	
					         2.00167	2.40000e+01	
					         2.00333	2.20000e+01	
					         2.00500	2.00000e+01	
					         2.00667	1.90000e+01	
					         2.00833	1.70000e+01	
					         2.01000	1.50000e+01	
					         2.01167	1.30000e+01	
					         2.01333	1.00000e+01	
					         2.01500	8.00000e+00	
					         2.01667	5.00000e+00	
					         2.01833	1.00000e+00	
					         2.02000	-2.00000e+00	
					         2.02167	-5.00000e+00	
					         2.02333	-9.00000e+00	
					         2.02500	-1.20000e+01	
					         2.02667	-1.50000e+01	
					         2.02833	-1.80000e+01	
					         2.03000	-2.00000e+01	
					         2.03167	-2.30000e+01	
					         2.03333	-2.50000e+01	
					         2.03500	-2.60000e+01	
					         2.03667	-2.80000e+01	
					         2.03833	-2.90000e+01	
					         2.04000	-3.00000e+01	
					         2.04167	-3.10000e+01	
					         2.04333	-3.20000e+01	
					         2.04500	-3.20000e+01	
					         2.04667	-3.20000e+01	
					         2.04833	-3.20000e+01	
					         2.05000	-3.20000e+01	
					         2.05167	-3.20000e+01	
					         2.05333	-3.10000e+01	
					         2.05500	-3.10000e+01	
					         2.05667	-3.10000e+01	
					         2.05833	-3.10000e+01	
					         2.06000	-3.10000e+01	
					         2.06167	-3.20000e+01	
					         2.06333	-3.30000e+01	
					         2.06500	-3.40000e+01	
					         2.06667	-3.60000e+01	
					         2.06833	-3.80000e+01	
					         2.07000	-3.90000e+01	
					         2.07167	-4.10000e+01	
					         2.07333	-4.10000e+01	
					         2.07500	-4.00000e+01	
					         2.07667	-3.80000e+01	
					         2.07833	-3.30000e+01	
					         2.08000	-2.50000e+01	
					         2.08167	-1.40000e+01	
					         2.08333	1.00000e+00	
					         2.08500	2.10000e+01	
					         2.08667	4.40000e+01	
					         2.08833	7.10000e+01	
					         2.09000	1.02000e+02	
					         2.09167	1.36000e+02	
					         2.09333	1.71000e+02	
					         2.09500	2.06000e+02	
					         2.09667	2.41000e+02	
					         2.09833	2.73000e+02	
					         2.10000	3.02000e+02	
					         2.10167	3.26000e+02	
					         2.10333	3.45000e+02	
					         2.10500	3.56000e+02	
					         2.10667	3.60000e+02	
					         2.10833	3.56000e+02	
					         2.11000	3.44000e+02	
					         2.11167	3.25000e+02	
					         2.11333	3.00000e+02	
					         2.11500	2.70000e+02	
					         2.11667	2.37000e+02	
					         2.11833	2.00000e+02	
					         2.12000	1.63000e+02	
					         2.12167	1.25000e+02	
					         2.12333	8.90000e+01	
					         2.12500	5.40000e+01	
					         2.12667	2.20000e+01	
					         2.12833	-6.00000e+00	
					         2.13000	-3.10000e+01	
					         2.13167	-5.30000e+01	
					         2.13333	-7.10000e+01	
					         2.13500	-8.60000e+01	
					         2.13667	-9.80000e+01	
					         2.13833	-1.08000e+02	
					         2.14000	-1.15000e+02	
					         2.14167	-1.21000e+02	
					         2.14333	-1.25000e+02	
					         2.14500	-1.28000e+02	
					         2.14667	-1.29000e+02	
					         2.14833	-1.30000e+02	
					         2.15000	-1.30000e+02	
					         2.15167	-1.29000e+02	
					         2.15333	-1.27000e+02	
					         2.15500	-1.25000e+02	
					         2.15667	-1.23000e+02	
					         2.15833	-1.21000e+02	
					         2.16000	-1.18000e+02	
					         2.16167	-1.15000e+02	
					         2.16333	-1.13000e+02	
					         2.16500	-1.10000e+02	
					         2.16667	-1.08000e+02	
					         2.16833	-1.06000e+02	
					         2.17000	-1.04000e+02	
					         2.17167	-1.02000e+02	
					         2.17333	-1.00000e+02	
					         2.17500	-9.90000e+01	
					         2.17667	-9.80000e+01	
					         2.17833	-9.60000e+01	
					         2.18000	-9.50000e+01	
					         2.18167	-9.30000e+01	
					         2.18333	-9.20000e+01	
					         2.18500	-9.00000e+01	
					         2.18667	-8.80000e+01	
					         2.18833	-8.60000e+01	
					         2.19000	-8.40000e+01	
					         2.19167	-8.20000e+01	
					         2.19333	-7.90000e+01	
					         2.19500	-7.70000e+01	
					         2.19667	-7.40000e+01	
					         2.19833	-7.20000e+01	
					         2.20000	-6.90000e+01	
					         2.20167	-6.60000e+01	
					         2.20333	-6.40000e+01	
					         2.20500	-6.10000e+01	
					         2.20667	-5.90000e+01	
					         2.20833	-5.60000e+01	
					         2.21000	-5.40000e+01	
					         2.21167	-5.20000e+01	
					         2.21333	-4.90000e+01	
					         2.21500	-4.70000e+01	
					         2.21667	-4.50000e+01	
					         2.21833	-4.30000e+01	
					         2.22000	-4.10000e+01	
					         2.22167	-3.90000e+01	
					         2.22333	-3.70000e+01	
					         2.22500	-3.50000e+01	
					         2.22667	-3.30000e+01	
					         2.22833	-3.20000e+01	
					         2.23000	-3.00000e+01	
					         2.23167	-2.80000e+01	
					         2.23333	-2.70000e+01	
					         2.23500	-2.50000e+01	
					         2.23667	-2.40000e+01	
					         2.23833	-2.30000e+01	
					         2.24000	-2.30000e+01	
					         2.24167	-2.20000e+01	
					         2.24333	-2.20000e+01	
					         2.24500	-2.20000e+01	
					         2.24667	-2.20000e+01	
					         2.24833	-2.20000e+01	
					         2.25000	-2.20000e+01	
					         2.25167	-2.20000e+01	
					         2.25333	-2.20000e+01	
					         2.25500	-2.20000e+01	
					         2.25667	-2.10000e+01	
					         2.25833	-2.00000e+01	
					         2.26000	-1.90000e+01	
					         2.26167	-1.80000e+01	
					         2.26333	-1.60000e+01	
					         2.26500	-1.50000e+01	
					         2.26667	-1.30000e+01	
					         2.26833	-1.20000e+01	
					         2.27000	-1.00000e+01	
					         2.27167	-9.00000e+00	
					         2.27333	-8.00000e+00	
					         2.27500	-6.00000e+00	
					         2.27667	-5.00000e+00	
					         2.27833	-4.00000e+00	
					         2.28000	-3.00000e+00	
					         2.28167	-3.00000e+00	
					         2.28333	-2.00000e+00	
					         2.28500	-2.00000e+00	
					         2.28667	-1.00000e+00	
					         2.28833	-1.00000e+00	
					         2.29000	0.00000e+00	
					         2.29167	0.00000e+00	
					         2.29333	0.00000e+00	
					         2.29500	1.00000e+00	
					         2.29667	1.00000e+00	
					         2.29833	1.00000e+00	
					         2.30000	2.00000e+00	
					         2.30167	2.00000e+00	
					         2.30333	3.00000e+00	
					         2.30500	3.00000e+00	
					         2.30667	4.00000e+00	
					         2.30833	5.00000e+00	
					         2.31000	7.00000e+00	
					         2.31167	8.00000e+00	
					         2.31333	9.00000e+00	
					         2.31500	1.00000e+01	
					         2.31667	1.10000e+01	
					         2.31833	1.20000e+01	
					         2.32000	1.20000e+01	
					         2.32167	1.30000e+01	
					         2.32333	1.30000e+01	
					         2.32500	1.30000e+01	
					         2.32667	1.30000e+01	
					         2.32833	1.30000e+01	
					         2.33000	1.30000e+01	
					         2.33167	1.30000e+01	
					         2.33333	1.30000e+01	
					         2.33500	1.30000e+01	
					         2.33667	1.30000e+01	
					         2.33833	1.30000e+01	
					         2.34000	1.30000e+01	
					         2.34167	1.40000e+01	
					         2.34333	1.50000e+01	
					         2.34500	1.60000e+01	
					         2.34667	1.70000e+01	
					         2.34833	1.80000e+01	
					         2.35000	2.00000e+01	
					         2.35167	2.10000e+01	
					         2.35333	2.20000e+01	
					         2.35500	2.40000e+01	
					         2.35667	2.60000e+01	
					         2.35833	2.70000e+01	
					         2.36000	2.90000e+01	
					         2.36167	3.10000e+01	
					         2.36333	3.30000e+01	
					         2.36500	3.40000e+01	
					         2.36667	3.60000e+01	
					         2.36833	3.80000e+01	
					         2.37000	4.00000e+01	
					         2.37167	4.20000e+01	
					         2.37333	4.40000e+01	
					         2.37500	4.60000e+01	
					         2.37667	4.90000e+01	
					         2.37833	5.10000e+01	
					         2.38000	5.30000e+01	
					         2.38167	5.50000e+01	
					         2.38333	5.60000e+01	
					         2.38500	5.80000e+01	
					         2.38667	6.00000e+01	
					         2.38833	6.10000e+01	
					         2.39000	6.30000e+01	
					         2.39167	6.40000e+01	
					         2.39333	6.50000e+01	
					         2.39500	6.60000e+01	
					         2.39667	6.70000e+01	
					         2.39833	6.80000e+01	
					         2.40000	6.90000e+01	
					         2.40167	6.90000e+01	
					         2.40333	7.00000e+01	
					         2.40500	7.00000e+01	
					         2.40667	7.00000e+01	
					         2.40833	7.00000e+01	
					         2.41000	6.90000e+01	
					         2.41167	6.90000e+01	
					         2.41333	6.80000e+01	
					         2.41500	6.70000e+01	
					         2.41667	6.60000e+01	
					         2.41833	6.50000e+01	
					         2.42000	6.30000e+01	
					         2.42167	6.20000e+01	
					         2.42333	6.00000e+01	
					         2.42500	5.80000e+01	
					         2.42667	5.60000e+01	
					         2.42833	5.40000e+01	
					         2.43000	5.20000e+01	
					         2.43167	4.90000e+01	
					         2.43333	4.70000e+01	
					         2.43500	4.40000e+01	
					         2.43667	4.10000e+01	
					         2.43833	3.80000e+01	
					         2.44000	3.40000e+01	
					         2.44167	3.00000e+01	
					         2.44333	2.60000e+01	
					         2.44500	2.20000e+01	
					         2.44667	1.80000e+01	
					         2.44833	1.40000e+01	
					         2.45000	1.00000e+01	
					         2.45167	6.00000e+00	
					         2.45333	3.00000e+00	
					         2.45500	0.00000e+00	
					         2.45667	-3.00000e+00	
					         2.45833	-6.00000e+00	
					         2.46000	-8.00000e+00	
					         2.46167	-9.00000e+00	
					         2.46333	-1.00000e+01	
					         2.46500	-1.10000e+01	
					         2.46667	-1.20000e+01	
					         2.46833	-1.30000e+01	
					         2.47000	-1.40000e+01	
					         2.47167	-1.40000e+01	
					         2.47333	-1.50000e+01	
					         2.47500	-1.60000e+01	
					         2.47667	-1.70000e+01	
					         2.47833	-1.80000e+01	
					         2.48000	-1.90000e+01	
					         2.48167	-2.00000e+01	
					         2.48333	-2.00000e+01	
					         2.48500	-2.10000e+01	
					         2.48667	-2.20000e+01	
					         2.48833	-2.20000e+01	
					         2.49000	-2.30000e+01	
					         2.49167	-2.30000e+01	
					         2.49333	-2.30000e+01	
					         2.49500	-2.30000e+01	
					         2.49667	-2.30000e+01	
					         2.49833	-2.20000e+01	
					         2.50000	-2.20000e+01	
					         2.50167	-2.20000e+01	
					         2.50333	-2.10000e+01	
					         2.50500	-2.00000e+01	
					         2.50667	-2.00000e+01	
					         2.50833	-1.90000e+01	
					         2.51000	-1.80000e+01	
					         2.51167	-1.70000e+01	
					         2.51333	-1.60000e+01	
					         2.51500	-1.50000e+01	
					         2.51667	-1.40000e+01	
					         2.51833	-1.30000e+01	
					         2.52000	-1.30000e+01	
					         2.52167	-1.20000e+01	
					         2.52333	-1.10000e+01	
					         2.52500	-1.10000e+01	
					         2.52667	-1.10000e+01	
					         2.52833	-1.00000e+01	
					         2.53000	-1.00000e+01	
					         2.53167	-1.00000e+01	
					         2.53333	-1.00000e+01	
					         2.53500	-1.00000e+01	
					         2.53667	-1.00000e+01	
					         2.53833	-1.00000e+01	
					         2.54000	-9.00000e+00	
					         2.54167	-9.00000e+00	
					         2.54333	-9.00000e+00	
					         2.54500	-8.00000e+00	
					         2.54667	-8.00000e+00	
					         2.54833	-7.00000e+00	
					         2.55000	-7.00000e+00	
					         2.55167	-6.00000e+00	
					         2.55333	-5.00000e+00	
					         2.55500	-5.00000e+00	
					         2.55667	-4.00000e+00	
					         2.55833	-4.00000e+00	
					         2.56000	-3.00000e+00	
					         2.56167	-3.00000e+00	
					         2.56333	-2.00000e+00	
					         2.56500	-2.00000e+00	
					         2.56667	-1.00000e+00	
					         2.56833	-1.00000e+00	
					         2.57000	-1.00000e+00	
					         2.57167	0.00000e+00	
					         2.57333	1.00000e+00	
					         2.57500	2.00000e+00	
					         2.57667	3.00000e+00	
					         2.57833	5.00000e+00	
					         2.58000	6.00000e+00	
					         2.58167	6.00000e+00	
					         2.58333	7.00000e+00	
					         2.58500	7.00000e+00	
					         2.58667	7.00000e+00	
					         2.58833	6.00000e+00	
					         2.59000	6.00000e+00	
					         2.59167	5.00000e+00	
					         2.59333	3.00000e+00	
					         2.59500	1.00000e+00	
					         2.59667	0.00000e+00	
					         2.59833	-2.00000e+00	
					         2.60000	-3.00000e+00	
					         2.60167	-5.00000e+00	
					         2.60333	-5.00000e+00	
					         2.60500	-5.00000e+00	
					         2.60667	-5.00000e+00	
					         2.60833	-5.00000e+00	
					         2.61000	-4.00000e+00	
					         2.61167	-3.00000e+00	
					         2.61333	-2.00000e+00	
					         2.61500	-1.00000e+00	
					         2.61667	0.00000e+00	
					         2.61833	0.00000e+00	
					         2.62000	1.00000e+00	
					         2.62167	1.00000e+00	
					         2.62333	1.00000e+00	
					         2.62500	1.00000e+00	
					         2.62667	1.00000e+00	
					         2.62833	1.00000e+00	
					         2.63000	1.00000e+00	
					         2.63167	1.00000e+00	
					         2.63333	1.00000e+00	
					         2.63500	1.00000e+00	
					         2.63667	2.00000e+00	
					         2.63833	2.00000e+00	
					         2.64000	3.00000e+00	
					         2.64167	4.00000e+00	
					         2.64333	5.00000e+00	
					         2.64500	6.00000e+00	
					         2.64667	7.00000e+00	
					         2.64833	7.00000e+00	
					         2.65000	8.00000e+00	
					         2.65167	8.00000e+00	
					         2.65333	9.00000e+00	
					         2.65500	9.00000e+00	
					         2.65667	9.00000e+00	
					         2.65833	8.00000e+00	
					         2.66000	8.00000e+00	
					         2.66167	8.00000e+00	
					         2.66333	7.00000e+00	
					         2.66500	7.00000e+00	
					         2.66667	6.00000e+00	
					         2.66833	6.00000e+00	
					         2.67000	6.00000e+00	
					         2.67167	6.00000e+00	
					         2.67333	6.00000e+00	
					         2.67500	6.00000e+00	
					         2.67667	6.00000e+00	
					         2.67833	6.00000e+00	
					         2.68000	6.00000e+00	
					         2.68167	6.00000e+00	
					         2.68333	6.00000e+00	
					         2.68500	6.00000e+00	
					         2.68667	7.00000e+00	
					         2.68833	7.00000e+00	
					         2.69000	7.00000e+00	
					         2.69167	7.00000e+00	
					         2.69333	7.00000e+00	
					         2.69500	7.00000e+00	
					         2.69667	7.00000e+00	
					         2.69833	7.00000e+00	
					         2.70000	7.00000e+00	
					         2.70167	7.00000e+00	
					         2.70333	6.00000e+00	
					         2.70500	6.00000e+00	
					         2.70667	5.00000e+00	
					         2.70833	5.00000e+00	
					         2.71000	4.00000e+00	
					         2.71167	3.00000e+00	
					         2.71333	2.00000e+00	
					         2.71500	1.00000e+00	
					         2.71667	0.00000e+00	
					         2.71833	-1.00000e+00	
					         2.72000	-1.00000e+00	
					         2.72167	-2.00000e+00	
					         2.72333	-2.00000e+00	
					         2.72500	-2.00000e+00	
					         2.72667	-2.00000e+00	
					         2.72833	-2.00000e+00	
					         2.73000	-1.00000e+00	
					         2.73167	0.00000e+00	
					         2.73333	1.00000e+00	
					         2.73500	2.00000e+00	
					         2.73667	3.00000e+00	
					         2.73833	4.00000e+00	
					         2.74000	5.00000e+00	
					         2.74167	5.00000e+00	
					         2.74333	5.00000e+00	
					         2.74500	5.00000e+00	
					         2.74667	5.00000e+00	
					         2.74833	4.00000e+00	
					         2.75000	3.00000e+00	
					         2.75167	2.00000e+00	
					         2.75333	2.00000e+00	
					         2.75500	1.00000e+00	
					         2.75667	0.00000e+00	
					         2.75833	0.00000e+00	
					         2.76000	-1.00000e+00	
					         2.76167	-1.00000e+00	
					         2.76333	-1.00000e+00	
					         2.76500	0.00000e+00	
					         2.76667	0.00000e+00	
					         2.76833	1.00000e+00	
					         2.77000	2.00000e+00	
					         2.77167	2.00000e+00	
					         2.77333	3.00000e+00	
					         2.77500	4.00000e+00	
					         2.77667	5.00000e+00	
					         2.77833	6.00000e+00	
					         2.78000	6.00000e+00	
					         2.78167	7.00000e+00	
					         2.78333	8.00000e+00	
					         2.78500	8.00000e+00	
					         2.78667	8.00000e+00	
					         2.78833	8.00000e+00	
					         2.79000	9.00000e+00	
					         2.79167	9.00000e+00	
					         2.79333	9.00000e+00	
					         2.79500	8.00000e+00	
					         2.79667	8.00000e+00	
					         2.79833	7.00000e+00	
					         2.80000	6.00000e+00	
					         2.80167	5.00000e+00	
					         2.80333	5.00000e+00	
					         2.80500	4.00000e+00	
					         2.80667	3.00000e+00	
					         2.80833	3.00000e+00	
					         2.81000	2.00000e+00	
					         2.81167	1.00000e+00	
					         2.81333	1.00000e+00	
					         2.81500	1.00000e+00	
					         2.81667	0.00000e+00	
					         2.81833	1.00000e+00	
					         2.82000	1.00000e+00	
					         2.82167	1.00000e+00	
					         2.82333	1.00000e+00	
					         2.82500	1.00000e+00	
					         2.82667	2.00000e+00	
					         2.82833	2.00000e+00	
					         2.83000	2.00000e+00	
					         2.83167	3.00000e+00	
					         2.83333	3.00000e+00	
					         2.83500	4.00000e+00	
					         2.83667	5.00000e+00	
					         2.83833	5.00000e+00	
					         2.84000	6.00000e+00	
					         2.84167	7.00000e+00	
					         2.84333	7.00000e+00	
					         2.84500	7.00000e+00	
					         2.84667	8.00000e+00	
					         2.84833	8.00000e+00	
					         2.85000	7.00000e+00	
					         2.85167	7.00000e+00	
					         2.85333	6.00000e+00	
					         2.85500	6.00000e+00	
					         2.85667	5.00000e+00	
					         2.85833	4.00000e+00	
					         2.86000	4.00000e+00	
					         2.86167	3.00000e+00	
					         2.86333	3.00000e+00	
					         2.86500	3.00000e+00	
					         2.86667	3.00000e+00	
					         2.86833	3.00000e+00	
					         2.87000	4.00000e+00	
					         2.87167	5.00000e+00	
					         2.87333	5.00000e+00	
					         2.87500	6.00000e+00	
					         2.87667	7.00000e+00	
					         2.87833	7.00000e+00	
					         2.88000	7.00000e+00	
					         2.88167	7.00000e+00	
					         2.88333	8.00000e+00	
					         2.88500	7.00000e+00	
					         2.88667	7.00000e+00	
					         2.88833	6.00000e+00	
					         2.89000	6.00000e+00	
					         2.89167	5.00000e+00	
					         2.89333	4.00000e+00	
					         2.89500	2.00000e+00	
					         2.89667	1.00000e+00	
					         2.89833	0.00000e+00	
					         2.90000	-1.00000e+00	
					         2.90167	-2.00000e+00	
					         2.90333	-3.00000e+00	
					         2.90500	-4.00000e+00	
					         2.90667	-4.00000e+00	
					         2.90833	-5.00000e+00	
					         2.91000	-5.00000e+00	
					         2.91167	-5.00000e+00	
					         2.91333	-5.00000e+00	
					         2.91500	-4.00000e+00	
					         2.91667	-4.00000e+00	
					         2.91833	-4.00000e+00	
					         2.92000	-4.00000e+00	
					         2.92167	-4.00000e+00	
					         2.92333	-4.00000e+00	
					         2.92500	-4.00000e+00	
					         2.92667	-4.00000e+00	
					         2.92833	-4.00000e+00	
					         2.93000	-4.00000e+00	
					         2.93167	-4.00000e+00	
					         2.93333	-5.00000e+00	
					         2.93500	-5.00000e+00	
					         2.93667	-5.00000e+00	
					         2.93833	-5.00000e+00	
					         2.94000	-4.00000e+00	
					         2.94167	-4.00000e+00	
					         2.94333	-4.00000e+00	
					         2.94500	-4.00000e+00	
					         2.94667	-4.00000e+00	
					         2.94833	-3.00000e+00	
					         2.95000	-3.00000e+00	
					         2.95167	-3.00000e+00	
					         2.95333	-2.00000e+00	
					         2.95500	-1.00000e+00	
					         2.95667	0.00000e+00	
					         2.95833	1.00000e+00	
					         2.96000	2.00000e+00	
					         2.96167	3.00000e+00	
					         2.96333	5.00000e+00	
					         2.96500	6.00000e+00	
					         2.96667	8.00000e+00	
					         2.96833	9.00000e+00	
					         2.97000	1.10000e+01	
					         2.97167	1.20000e+01	
					         2.97333	1.30000e+01	
					         2.97500	1.50000e+01	
					         2.97667	1.60000e+01	
					         2.97833	1.70000e+01	
					         2.98000	1.80000e+01	
					         2.98167	1.90000e+01	
					         2.98333	2.00000e+01	
					         2.98500	2.10000e+01	
					         2.98667	2.30000e+01	
					         2.98833	2.40000e+01	
					         2.99000	2.60000e+01	
					         2.99167	2.80000e+01	
					         2.99333	3.00000e+01	
					         2.99500	3.20000e+01	
					         2.99667	3.40000e+01	
					         2.99833	3.60000e+01	
					         3.00000	3.80000e+01	
					         3.00167	4.00000e+01	
					         3.00333	4.20000e+01	
					         3.00500	4.40000e+01	
					         3.00667	4.50000e+01	
					         3.00833	4.60000e+01	
					         3.01000	4.60000e+01	
					         3.01167	4.60000e+01	
					         3.01333	4.50000e+01	
					         3.01500	4.40000e+01	
					         3.01667	4.30000e+01	
					         3.01833	4.10000e+01	
					         3.02000	3.90000e+01	
					         3.02167	3.70000e+01	
					         3.02333	3.40000e+01	
					         3.02500	3.20000e+01	
					         3.02667	2.90000e+01	
					         3.02833	2.60000e+01	
					         3.03000	2.30000e+01	
					         3.03167	2.00000e+01	
					         3.03333	1.70000e+01	
					         3.03500	1.50000e+01	
					         3.03667	1.20000e+01	
					         3.03833	1.00000e+01	
					         3.04000	7.00000e+00	
					         3.04167	5.00000e+00	
					         3.04333	3.00000e+00	
					         3.04500	1.00000e+00	
					         3.04667	-1.00000e+00	
					         3.04833	-3.00000e+00	
					         3.05000	-6.00000e+00	
					         3.05167	-8.00000e+00	
					         3.05333	-1.00000e+01	
					         3.05500	-1.20000e+01	
					         3.05667	-1.40000e+01	
					         3.05833	-1.60000e+01	
					         3.06000	-1.80000e+01	
					         3.06167	-1.90000e+01	
					         3.06333	-2.10000e+01	
					         3.06500	-2.30000e+01	
					         3.06667	-2.40000e+01	
					         3.06833	-2.50000e+01	
					         3.07000	-2.60000e+01	
					         3.07167	-2.70000e+01	
					         3.07333	-2.80000e+01	
					         3.07500	-2.80000e+01	
					         3.07667	-2.80000e+01	
					         3.07833	-2.90000e+01	
					         3.08000	-2.90000e+01	
					         3.08167	-2.90000e+01	
					         3.08333	-2.90000e+01	
					         3.08500	-2.90000e+01	
					         3.08667	-2.90000e+01	
					         3.08833	-2.80000e+01	
					         3.09000	-2.80000e+01	
					         3.09167	-2.80000e+01	
					         3.09333	-2.90000e+01	
					         3.09500	-2.90000e+01	
					         3.09667	-3.10000e+01	
					         3.09833	-3.20000e+01	
					         3.10000	-3.40000e+01	
					         3.10167	-3.60000e+01	
					         3.10333	-3.80000e+01	
					         3.10500	-4.00000e+01	
					         3.10667	-4.10000e+01	
					         3.10833	-4.20000e+01	
					         3.11000	-4.20000e+01	
					         3.11167	-4.10000e+01	
					         3.11333	-3.70000e+01	
					         3.11500	-3.10000e+01	
					         3.11667	-2.30000e+01	
					         3.11833	-1.00000e+01	
					         3.12000	6.00000e+00	
					         3.12167	2.70000e+01	
					         3.12333	5.10000e+01	
					         3.12500	8.00000e+01	
					         3.12667	1.11000e+02	
					         3.12833	1.45000e+02	
					         3.13000	1.80000e+02	
					         3.13167	2.15000e+02	
					         3.13333	2.49000e+02	
					         3.13500	2.81000e+02	
					         3.13667	3.08000e+02	
					         3.13833	3.31000e+02	
					         3.14000	3.47000e+02	
					         3.14167	3.57000e+02	
					         3.14333	3.59000e+02	
					         3.14500	3.52000e+02	
					         3.14667	3.39000e+02	
					         3.14833	3.18000e+02	
					         3.15000	2.91000e+02	
					         3.15167	2.59000e+02	
					         3.15333	2.24000e+02	
					         3.15500	1.87000e+02	
					         3.15667	1.49000e+02	
					         3.15833	1.11000e+02	
					         3.16000	7.40000e+01	
					         3.16167	4.00000e+01	
					         3.16333	8.00000e+00	
					         3.16500	-2.00000e+01	
					         3.16667	-4.40000e+01	
					         3.16833	-6.50000e+01	
					         3.17000	-8.20000e+01	
					         3.17167	-9.60000e+01	
					         3.17333	-1.08000e+02	
					         3.17500	-1.16000e+02	
					         3.17667	-1.23000e+02	
					         3.17833	-1.28000e+02	
					         3.18000	-1.31000e+02	
