Grayscale intensity, in dB

Time (s) :	Trace 1 : 	Trace 2 : 	Trace 3 : 		Ecg : 		
0.00140   	-3.86352e+01	-6.01977e+01	-3.52131e+01		         0.00000	8.00000e+00	
0.01838   	-3.82557e+01	-5.92724e+01	-3.54247e+01		         0.00167	1.50000e+01	
0.03537   	-3.76590e+01	-5.88666e+01	-3.49642e+01		         0.00333	2.20000e+01	
0.05235   	-3.81384e+01	-5.79854e+01	-3.20599e+01		         0.00500	3.10000e+01	
0.06933   	-3.80444e+01	-5.75004e+01	-3.06671e+01		         0.00667	4.10000e+01	
0.08630   	-3.80766e+01	-5.71854e+01	-3.12382e+01		         0.00833	5.30000e+01	
0.10329   	-3.74704e+01	-5.71746e+01	-3.22731e+01		         0.01000	6.50000e+01	
0.12027   	-3.69232e+01	-5.65671e+01	-3.47256e+01		         0.01167	8.00000e+01	
0.13725   	-3.64401e+01	-5.52464e+01	-3.67553e+01		         0.01333	9.60000e+01	
0.15423   	-3.62637e+01	-4.99421e+01	-3.84133e+01		         0.01500	1.13000e+02	
0.17121   	-3.62314e+01	-4.94571e+01	-3.89568e+01		         0.01667	1.33000e+02	
0.18819   	-3.59868e+01	-5.19567e+01	-3.94592e+01		         0.01833	1.53000e+02	
0.20517   	-3.58684e+01	-5.06367e+01	-4.04562e+01		         0.02000	1.72000e+02	
0.22215   	-3.65024e+01	-5.08659e+01	-4.20727e+01		         0.02167	1.90000e+02	
0.23913   	-3.66581e+01	-5.12904e+01	-4.38325e+01		         0.02333	2.04000e+02	
0.25611   	-3.72115e+01	-5.20026e+01	-4.33948e+01		         0.02500	2.14000e+02	
0.27309   	-3.76897e+01	-5.23802e+01	-4.29793e+01		         0.02667	2.19000e+02	
0.29007   	-3.83754e+01	-5.46253e+01	-4.26578e+01		         0.02833	2.18000e+02	
0.30705   	-3.90525e+01	-5.64172e+01	-4.25214e+01		         0.03000	2.10000e+02	
0.32403   	-3.90958e+01	-5.68407e+01	-4.24916e+01		         0.03167	1.97000e+02	
0.34101   	-3.95463e+01	-5.78327e+01	-4.24477e+01		         0.03333	1.78000e+02	
0.35799   	-4.00698e+01	-6.05728e+01	-4.13758e+01		         0.03500	1.52000e+02	
0.37497   	-4.03352e+01	-5.98334e+01	-4.04648e+01		         0.03667	1.23000e+02	
0.39195   	-4.08148e+01	-6.13471e+01	-3.96845e+01		         0.03833	8.90000e+01	
0.40893   	-4.11137e+01	-6.09023e+01	-3.90541e+01		         0.04000	5.50000e+01	
0.42591   	-4.05178e+01	-6.14604e+01	-4.06138e+01		         0.04167	2.10000e+01	
0.44289   	-4.01979e+01	-6.14061e+01	-4.14940e+01		         0.04333	-1.10000e+01	
0.45987   	-4.01645e+01	-6.16727e+01	-4.23502e+01		         0.04500	-3.80000e+01	
0.47685   	-4.10038e+01	-6.20004e+01	-4.42237e+01		         0.04667	-6.10000e+01	
0.49383   	-4.16386e+01	-6.07612e+01	-4.76406e+01		         0.04833	-7.80000e+01	
0.51081   	-4.09236e+01	-6.05168e+01	-4.83359e+01		         0.05000	-8.90000e+01	
0.52779   	-3.95469e+01	-6.14991e+01	-5.04561e+01		         0.05167	-9.60000e+01	
0.54477   	-3.73851e+01	-6.05392e+01	-5.09604e+01		         0.05333	-9.70000e+01	
0.56175   	-3.80734e+01	-6.00224e+01	-4.87584e+01		         0.05500	-9.30000e+01	
0.57873   	-3.80420e+01	-5.69610e+01	-4.64051e+01		         0.05667	-8.70000e+01	
0.59571   	-3.71756e+01	-5.32401e+01	-4.62227e+01		         0.05833	-7.70000e+01	
0.61269   	-3.61435e+01	-5.20284e+01	-4.63752e+01		         0.06000	-6.70000e+01	
0.62966   	-3.56042e+01	-4.98128e+01	-4.64690e+01		         0.06167	-5.50000e+01	
0.64664   	-3.58842e+01	-4.95617e+01	-4.54688e+01		         0.06333	-4.40000e+01	
0.66363   	-3.59365e+01	-4.85835e+01	-4.50124e+01		         0.06500	-3.40000e+01	
0.68061   	-3.63520e+01	-4.88981e+01	-4.51126e+01		         0.06667	-2.50000e+01	
0.69759   	-3.67222e+01	-4.79904e+01	-4.48730e+01		         0.06833	-1.80000e+01	
0.71476   	-3.68143e+01	-4.95431e+01	-4.48135e+01		         0.07000	-1.30000e+01	
0.73155   	-3.67328e+01	-4.81328e+01	-4.50882e+01		         0.07167	-9.00000e+00	
0.74853   	-3.64932e+01	-4.93165e+01	-4.49760e+01		         0.07333	-8.00000e+00	
0.76551   	-3.71371e+01	-4.99367e+01	-4.42961e+01		         0.07500	-9.00000e+00	
0.78249   	-3.72828e+01	-5.13320e+01	-4.44500e+01		         0.07667	-1.20000e+01	
0.79947   	-3.70405e+01	-5.39684e+01	-4.31918e+01		         0.07833	-1.80000e+01	
0.81645   	-3.81371e+01	-5.40376e+01	-4.01799e+01		         0.08000	-2.40000e+01	
0.83343   	-3.72231e+01	-5.32556e+01	-3.99338e+01		         0.08167	-3.20000e+01	
0.85041   	-3.81400e+01	-5.36990e+01	-3.87439e+01		         0.08333	-4.00000e+01	
0.86739   	-3.83126e+01	-5.63400e+01	-3.86538e+01		         0.08500	-4.90000e+01	
0.88437   	-3.82509e+01	-5.57841e+01	-3.85515e+01		         0.08667	-5.70000e+01	
0.90135   	-3.80989e+01	-5.43261e+01	-3.73658e+01		         0.08833	-6.60000e+01	
0.91833   	-3.77722e+01	-5.41136e+01	-3.04476e+01		         0.09000	-7.30000e+01	
0.93531   	-3.72863e+01	-5.29418e+01	-2.88555e+01		         0.09167	-7.90000e+01	
0.95229   	-3.78672e+01	-5.41465e+01	-2.80429e+01		         0.09333	-8.40000e+01	
0.96927   	-3.78033e+01	-5.47438e+01	-2.75696e+01		         0.09500	-8.80000e+01	
0.98625   	-3.78803e+01	-5.56280e+01	-2.95104e+01		         0.09667	-9.00000e+01	
1.00323   	-3.77260e+01	-5.35642e+01	-3.21998e+01		         0.09833	-9.00000e+01	
1.02021   	-3.78158e+01	-5.37071e+01	-3.13446e+01		         0.10000	-8.80000e+01	
1.03719   	-3.82153e+01	-5.05497e+01	-3.07935e+01		         0.10167	-8.60000e+01	
1.05417   	-3.92337e+01	-4.89275e+01	-3.06764e+01		         0.10333	-8.30000e+01	
1.07115   	-3.92753e+01	-4.82117e+01	-3.07711e+01		         0.10500	-7.90000e+01	
1.08813   	-3.98811e+01	-4.81285e+01	-3.16383e+01		         0.10667	-7.40000e+01	
1.10511   	-4.09010e+01	-5.02434e+01	-3.30157e+01		         0.10833	-7.00000e+01	
1.12209   	-4.18510e+01	-5.17599e+01	-3.58606e+01		         0.11000	-6.50000e+01	
1.13907   	-4.25803e+01	-5.41588e+01	-3.69191e+01		         0.11167	-6.00000e+01	
1.15605   	-4.28112e+01	-5.59745e+01	-4.01095e+01		         0.11333	-5.60000e+01	
1.17303   	-4.29599e+01	-5.84332e+01	-4.19709e+01		         0.11500	-5.20000e+01	
1.19001   	-4.24955e+01	-5.87859e+01	-4.48395e+01		         0.11667	-4.80000e+01	
1.20699   	-4.28885e+01	-5.83581e+01	-4.52333e+01		         0.11833	-4.50000e+01	
1.22397   	-4.31943e+01	-5.97334e+01	-4.40580e+01		         0.12000	-4.20000e+01	
1.24095   	-4.31247e+01	-5.98721e+01	-4.34453e+01		         0.12167	-4.00000e+01	
1.25793   	-4.33372e+01	-5.93885e+01	-4.28291e+01		         0.12333	-3.80000e+01	
1.27491   	-4.29567e+01	-5.97032e+01	-4.24587e+01		         0.12500	-3.60000e+01	
1.29189   	-4.32394e+01	-5.90399e+01	-4.28625e+01		         0.12667	-3.50000e+01	
1.30887   	-4.36504e+01	-5.79226e+01	-4.51557e+01		         0.12833	-3.30000e+01	
1.32585   	-4.54660e+01	-5.78770e+01	-4.71794e+01		         0.13000	-3.20000e+01	
1.34283   	-4.72713e+01	-5.85729e+01	-4.76945e+01		         0.13167	-3.10000e+01	
1.35981   	-4.76642e+01	-5.91582e+01	-5.10853e+01		         0.13333	-3.00000e+01	
1.37679   	-4.81077e+01	-5.90891e+01	-5.28316e+01		         0.13500	-3.00000e+01	
1.39377   	-4.85077e+01	-5.82806e+01	-5.39041e+01		         0.13667	-2.90000e+01	
1.41075   	-4.73302e+01	-5.33989e+01	-5.13787e+01		         0.13833	-2.80000e+01	
1.42773   	-4.52593e+01	-5.18780e+01	-4.86626e+01		         0.14000	-2.70000e+01	
1.44471   	-4.21340e+01	-4.95806e+01	-4.64011e+01		         0.14167	-2.60000e+01	
1.46184   	-3.98790e+01	-4.67536e+01	-4.60850e+01		         0.14333	-2.50000e+01	
1.47867   	-3.90047e+01	-4.42230e+01	-4.49766e+01		         0.14500	-2.40000e+01	
1.49565   	-3.76963e+01	-4.32739e+01	-4.52382e+01		         0.14667	-2.40000e+01	
1.51263   	-3.72860e+01	-4.28048e+01	-4.58404e+01		         0.14833	-2.30000e+01	
1.52961   	-3.74589e+01	-4.28941e+01	-4.70590e+01		         0.15000	-2.30000e+01	
1.54659   	-3.76132e+01	-4.30251e+01	-4.67251e+01		         0.15167	-2.20000e+01	
1.56357   	-3.80988e+01	-4.39467e+01	-4.62108e+01		         0.15333	-2.20000e+01	
1.58054   	-3.83586e+01	-4.31952e+01	-4.57808e+01		         0.15500	-2.20000e+01	
1.59753   	-3.87607e+01	-4.39778e+01	-4.54488e+01		         0.15667	-2.10000e+01	
1.61451   	-3.93560e+01	-4.34166e+01	-4.45958e+01		         0.15833	-2.10000e+01	
1.63149   	-3.95492e+01	-4.43255e+01	-4.38576e+01		         0.16000	-2.00000e+01	
1.64847   	-4.00191e+01	-4.56833e+01	-4.24608e+01		         0.16167	-1.90000e+01	
1.66545   	-3.96687e+01	-4.73164e+01	-4.18843e+01		         0.16333	-1.90000e+01	
1.68243   	-3.90197e+01	-4.40322e+01	-3.76432e+01		         0.16500	-1.80000e+01	
1.69941   	-3.90727e+01	-4.63728e+01	-3.44388e+01		         0.16667	-1.70000e+01	
1.71639   	-3.96205e+01	-4.83684e+01	-3.54528e+01		         0.16833	-1.60000e+01	
1.73337   	-3.95114e+01	-4.74319e+01	-3.58232e+01		         0.17000	-1.50000e+01	
1.75035   	-3.91357e+01	-4.82884e+01	-3.53881e+01		         0.17167	-1.50000e+01	
1.76733   	-3.90779e+01	-4.63595e+01	-3.43823e+01		         0.17333	-1.40000e+01	
1.78431   	-3.83245e+01	-4.69721e+01	-2.83690e+01		         0.17500	-1.30000e+01	
					         0.17667	-1.20000e+01	
					         0.17833	-1.10000e+01	
					         0.18000	-1.10000e+01	
					         0.18167	-1.00000e+01	
					         0.18333	-1.00000e+01	
					         0.18500	-9.00000e+00	
					         0.18667	-9.00000e+00	
					         0.18833	-8.00000e+00	
					         0.19000	-8.00000e+00	
					         0.19167	-7.00000e+00	
					         0.19333	-7.00000e+00	
					         0.19500	-6.00000e+00	
					         0.19667	-6.00000e+00	
					         0.19833	-5.00000e+00	
					         0.20000	-4.00000e+00	
					         0.20167	-3.00000e+00	
					         0.20333	-3.00000e+00	
					         0.20500	-2.00000e+00	
					         0.20667	-1.00000e+00	
					         0.20833	0.00000e+00	
					         0.21000	2.00000e+00	
					         0.21167	3.00000e+00	
					         0.21333	4.00000e+00	
					         0.21500	5.00000e+00	
					         0.21667	7.00000e+00	
					         0.21833	8.00000e+00	
					         0.22000	1.00000e+01	
					         0.22167	1.20000e+01	
					         0.22333	1.30000e+01	
					         0.22500	1.50000e+01	
					         0.22667	1.60000e+01	
					         0.22833	1.80000e+01	
					         0.23000	1.90000e+01	
					         0.23167	2.10000e+01	
					         0.23333	2.20000e+01	
					         0.23500	2.30000e+01	
					         0.23667	2.50000e+01	
					         0.23833	2.60000e+01	
					         0.24000	2.70000e+01	
					         0.24167	2.80000e+01	
					         0.24333	2.90000e+01	
					         0.24500	3.10000e+01	
					         0.24667	3.20000e+01	
					         0.24833	3.30000e+01	
					         0.25000	3.50000e+01	
					         0.25167	3.60000e+01	
					         0.25333	3.70000e+01	
					         0.25500	3.90000e+01	
					         0.25667	4.00000e+01	
					         0.25833	4.20000e+01	
					         0.26000	4.30000e+01	
					         0.26167	4.50000e+01	
					         0.26333	4.70000e+01	
					         0.26500	4.90000e+01	
					         0.26667	5.10000e+01	
					         0.26833	5.30000e+01	
					         0.27000	5.50000e+01	
					         0.27167	5.70000e+01	
					         0.27333	5.90000e+01	
					         0.27500	6.10000e+01	
					         0.27667	6.30000e+01	
					         0.27833	6.40000e+01	
					         0.28000	6.60000e+01	
					         0.28167	6.70000e+01	
					         0.28333	6.80000e+01	
					         0.28500	6.90000e+01	
					         0.28667	6.90000e+01	
					         0.28833	7.00000e+01	
					         0.29000	7.00000e+01	
					         0.29167	6.90000e+01	
					         0.29333	6.90000e+01	
					         0.29500	6.80000e+01	
					         0.29667	6.70000e+01	
					         0.29833	6.60000e+01	
					         0.30000	6.40000e+01	
					         0.30167	6.20000e+01	
					         0.30333	6.00000e+01	
					         0.30500	5.70000e+01	
					         0.30667	5.50000e+01	
					         0.30833	5.20000e+01	
					         0.31000	4.90000e+01	
					         0.31167	4.50000e+01	
					         0.31333	4.20000e+01	
					         0.31500	3.80000e+01	
					         0.31667	3.50000e+01	
					         0.31833	3.10000e+01	
					         0.32000	2.80000e+01	
					         0.32167	2.40000e+01	
					         0.32333	2.10000e+01	
					         0.32500	1.80000e+01	
					         0.32667	1.40000e+01	
					         0.32833	1.10000e+01	
					         0.33000	8.00000e+00	
					         0.33167	5.00000e+00	
					         0.33333	2.00000e+00	
					         0.33500	-1.00000e+00	
					         0.33667	-4.00000e+00	
					         0.33833	-6.00000e+00	
					         0.34000	-9.00000e+00	
					         0.34167	-1.10000e+01	
					         0.34333	-1.30000e+01	
					         0.34500	-1.60000e+01	
					         0.34667	-1.80000e+01	
					         0.34833	-2.00000e+01	
					         0.35000	-2.20000e+01	
					         0.35167	-2.40000e+01	
					         0.35333	-2.60000e+01	
					         0.35500	-2.80000e+01	
					         0.35667	-3.00000e+01	
					         0.35833	-3.20000e+01	
					         0.36000	-3.40000e+01	
					         0.36167	-3.60000e+01	
					         0.36333	-3.80000e+01	
					         0.36500	-3.90000e+01	
					         0.36667	-4.10000e+01	
					         0.36833	-4.30000e+01	
					         0.37000	-4.50000e+01	
					         0.37167	-4.60000e+01	
					         0.37333	-4.80000e+01	
					         0.37500	-4.90000e+01	
					         0.37667	-5.00000e+01	
					         0.37833	-5.10000e+01	
					         0.38000	-5.20000e+01	
					         0.38167	-5.20000e+01	
					         0.38333	-5.30000e+01	
					         0.38500	-5.30000e+01	
					         0.38667	-5.30000e+01	
					         0.38833	-5.30000e+01	
					         0.39000	-5.30000e+01	
					         0.39167	-5.30000e+01	
					         0.39333	-5.20000e+01	
					         0.39500	-5.20000e+01	
					         0.39667	-5.10000e+01	
					         0.39833	-5.00000e+01	
					         0.40000	-4.90000e+01	
					         0.40167	-4.80000e+01	
					         0.40333	-4.70000e+01	
					         0.40500	-4.60000e+01	
					         0.40667	-4.50000e+01	
					         0.40833	-4.40000e+01	
					         0.41000	-4.30000e+01	
					         0.41167	-4.10000e+01	
					         0.41333	-4.00000e+01	
					         0.41500	-3.90000e+01	
					         0.41667	-3.80000e+01	
					         0.41833	-3.70000e+01	
					         0.42000	-3.60000e+01	
					         0.42167	-3.50000e+01	
					         0.42333	-3.40000e+01	
					         0.42500	-3.30000e+01	
					         0.42667	-3.20000e+01	
					         0.42833	-3.10000e+01	
					         0.43000	-3.00000e+01	
					         0.43167	-3.00000e+01	
					         0.43333	-2.90000e+01	
					         0.43500	-2.80000e+01	
					         0.43667	-2.70000e+01	
					         0.43833	-2.70000e+01	
					         0.44000	-2.60000e+01	
					         0.44167	-2.50000e+01	
					         0.44333	-2.40000e+01	
					         0.44500	-2.30000e+01	
					         0.44667	-2.20000e+01	
					         0.44833	-2.00000e+01	
					         0.45000	-1.90000e+01	
					         0.45167	-1.80000e+01	
					         0.45333	-1.70000e+01	
					         0.45500	-1.60000e+01	
					         0.45667	-1.40000e+01	
					         0.45833	-1.30000e+01	
					         0.46000	-1.20000e+01	
					         0.46167	-1.20000e+01	
					         0.46333	-1.10000e+01	
					         0.46500	-1.00000e+01	
					         0.46667	-1.00000e+01	
					         0.46833	-9.00000e+00	
					         0.47000	-9.00000e+00	
					         0.47167	-9.00000e+00	
					         0.47333	-8.00000e+00	
					         0.47500	-8.00000e+00	
					         0.47667	-7.00000e+00	
					         0.47833	-7.00000e+00	
					         0.48000	-7.00000e+00	
					         0.48167	-6.00000e+00	
					         0.48333	-6.00000e+00	
					         0.48500	-6.00000e+00	
					         0.48667	-5.00000e+00	
					         0.48833	-5.00000e+00	
					         0.49000	-5.00000e+00	
					         0.49167	-4.00000e+00	
					         0.49333	-4.00000e+00	
					         0.49500	-4.00000e+00	
					         0.49667	-4.00000e+00	
					         0.49833	-4.00000e+00	
					         0.50000	-4.00000e+00	
					         0.50167	-4.00000e+00	
					         0.50333	-4.00000e+00	
					         0.50500	-4.00000e+00	
					         0.50667	-4.00000e+00	
					         0.50833	-4.00000e+00	
					         0.51000	-4.00000e+00	
					         0.51167	-5.00000e+00	
					         0.51333	-5.00000e+00	
					         0.51500	-5.00000e+00	
					         0.51667	-6.00000e+00	
					         0.51833	-6.00000e+00	
					         0.52000	-6.00000e+00	
					         0.52167	-6.00000e+00	
					         0.52333	-7.00000e+00	
					         0.52500	-7.00000e+00	
					         0.52667	-7.00000e+00	
					         0.52833	-7.00000e+00	
					         0.53000	-7.00000e+00	
					         0.53167	-7.00000e+00	
					         0.53333	-7.00000e+00	
					         0.53500	-7.00000e+00	
					         0.53667	-7.00000e+00	
					         0.53833	-7.00000e+00	
					         0.54000	-7.00000e+00	
					         0.54167	-7.00000e+00	
					         0.54333	-7.00000e+00	
					         0.54500	-6.00000e+00	
					         0.54667	-6.00000e+00	
					         0.54833	-6.00000e+00	
					         0.55000	-5.00000e+00	
					         0.55167	-4.00000e+00	
					         0.55333	-4.00000e+00	
					         0.55500	-3.00000e+00	
					         0.55667	-3.00000e+00	
					         0.55833	-2.00000e+00	
					         0.56000	-1.00000e+00	
					         0.56167	-1.00000e+00	
					         0.56333	-1.00000e+00	
					         0.56500	0.00000e+00	
					         0.56667	0.00000e+00	
					         0.56833	0.00000e+00	
					         0.57000	0.00000e+00	
					         0.57167	0.00000e+00	
					         0.57333	0.00000e+00	
					         0.57500	0.00000e+00	
					         0.57667	0.00000e+00	
					         0.57833	-1.00000e+00	
					         0.58000	-1.00000e+00	
					         0.58167	-1.00000e+00	
					         0.58333	-1.00000e+00	
					         0.58500	-2.00000e+00	
					         0.58667	-2.00000e+00	
					         0.58833	-2.00000e+00	
					         0.59000	-2.00000e+00	
					         0.59167	-3.00000e+00	
					         0.59333	-3.00000e+00	
					         0.59500	-3.00000e+00	
					         0.59667	-3.00000e+00	
					         0.59833	-3.00000e+00	
					         0.60000	-3.00000e+00	
					         0.60167	-3.00000e+00	
					         0.60333	-3.00000e+00	
					         0.60500	-3.00000e+00	
					         0.60667	-2.00000e+00	
					         0.60833	-2.00000e+00	
					         0.61000	-1.00000e+00	
					         0.61167	-1.00000e+00	
					         0.61333	0.00000e+00	
					         0.61500	0.00000e+00	
					         0.61667	1.00000e+00	
					         0.61833	1.00000e+00	
					         0.62000	1.00000e+00	
					         0.62167	2.00000e+00	
					         0.62333	2.00000e+00	
					         0.62500	2.00000e+00	
					         0.62667	2.00000e+00	
					         0.62833	2.00000e+00	
					         0.63000	2.00000e+00	
					         0.63167	2.00000e+00	
					         0.63333	2.00000e+00	
					         0.63500	2.00000e+00	
					         0.63667	2.00000e+00	
					         0.63833	2.00000e+00	
					         0.64000	1.00000e+00	
					         0.64167	1.00000e+00	
					         0.64333	1.00000e+00	
					         0.64500	1.00000e+00	
					         0.64667	1.00000e+00	
					         0.64833	1.00000e+00	
					         0.65000	0.00000e+00	
					         0.65167	0.00000e+00	
					         0.65333	0.00000e+00	
					         0.65500	0.00000e+00	
					         0.65667	0.00000e+00	
					         0.65833	1.00000e+00	
					         0.66000	1.00000e+00	
					         0.66167	1.00000e+00	
					         0.66333	2.00000e+00	
					         0.66500	2.00000e+00	
					         0.66667	3.00000e+00	
					         0.66833	4.00000e+00	
					         0.67000	5.00000e+00	
					         0.67167	6.00000e+00	
					         0.67333	8.00000e+00	
					         0.67500	9.00000e+00	
					         0.67667	1.10000e+01	
					         0.67833	1.30000e+01	
					         0.68000	1.40000e+01	
					         0.68167	1.60000e+01	
					         0.68333	1.80000e+01	
					         0.68500	2.00000e+01	
					         0.68667	2.10000e+01	
					         0.68833	2.30000e+01	
					         0.69000	2.50000e+01	
					         0.69167	2.60000e+01	
					         0.69333	2.70000e+01	
					         0.69500	2.80000e+01	
					         0.69667	2.90000e+01	
					         0.69833	3.00000e+01	
					         0.70000	3.10000e+01	
					         0.70167	3.10000e+01	
					         0.70333	3.10000e+01	
					         0.70500	3.20000e+01	
					         0.70667	3.10000e+01	
					         0.70833	3.10000e+01	
					         0.71000	3.10000e+01	
					         0.71167	3.10000e+01	
					         0.71333	3.00000e+01	
					         0.71500	3.00000e+01	
					         0.71667	2.90000e+01	
					         0.71833	2.90000e+01	
					         0.72000	2.80000e+01	
					         0.72167	2.80000e+01	
					         0.72333	2.70000e+01	
					         0.72500	2.70000e+01	
					         0.72667	2.70000e+01	
					         0.72833	2.70000e+01	
					         0.73000	2.70000e+01	
					         0.73167	2.70000e+01	
					         0.73333	2.80000e+01	
					         0.73500	2.80000e+01	
					         0.73667	2.90000e+01	
					         0.73833	2.90000e+01	
					         0.74000	3.00000e+01	
					         0.74167	3.00000e+01	
					         0.74333	3.00000e+01	
					         0.74500	3.00000e+01	
					         0.74667	2.90000e+01	
					         0.74833	2.80000e+01	
					         0.75000	2.70000e+01	
					         0.75167	2.50000e+01	
					         0.75333	2.30000e+01	
					         0.75500	2.10000e+01	
					         0.75667	1.80000e+01	
					         0.75833	1.50000e+01	
					         0.76000	1.10000e+01	
					         0.76167	7.00000e+00	
					         0.76333	3.00000e+00	
					         0.76500	-1.00000e+00	
					         0.76667	-6.00000e+00	
					         0.76833	-1.00000e+01	
					         0.77000	-1.50000e+01	
					         0.77167	-1.90000e+01	
					         0.77333	-2.30000e+01	
					         0.77500	-2.70000e+01	
					         0.77667	-3.10000e+01	
					         0.77833	-3.30000e+01	
					         0.78000	-3.60000e+01	
					         0.78167	-3.80000e+01	
					         0.78333	-3.90000e+01	
					         0.78500	-4.00000e+01	
					         0.78667	-4.10000e+01	
					         0.78833	-4.20000e+01	
					         0.79000	-4.20000e+01	
					         0.79167	-4.20000e+01	
					         0.79333	-4.10000e+01	
					         0.79500	-4.10000e+01	
					         0.79667	-4.00000e+01	
					         0.79833	-3.90000e+01	
					         0.80000	-3.80000e+01	
					         0.80167	-3.70000e+01	
					         0.80333	-3.60000e+01	
					         0.80500	-3.50000e+01	
					         0.80667	-3.40000e+01	
					         0.80833	-3.30000e+01	
					         0.81000	-3.20000e+01	
					         0.81167	-3.00000e+01	
					         0.81333	-2.90000e+01	
					         0.81500	-2.90000e+01	
					         0.81667	-2.80000e+01	
					         0.81833	-2.70000e+01	
					         0.82000	-2.60000e+01	
					         0.82167	-2.60000e+01	
					         0.82333	-2.50000e+01	
					         0.82500	-2.40000e+01	
					         0.82667	-2.40000e+01	
					         0.82833	-2.30000e+01	
					         0.83000	-2.30000e+01	
					         0.83167	-2.20000e+01	
					         0.83333	-2.20000e+01	
					         0.83500	-2.10000e+01	
					         0.83667	-2.10000e+01	
					         0.83833	-2.00000e+01	
					         0.84000	-2.00000e+01	
					         0.84167	-1.90000e+01	
					         0.84333	-1.80000e+01	
					         0.84500	-1.80000e+01	
					         0.84667	-1.70000e+01	
					         0.84833	-1.60000e+01	
					         0.85000	-1.50000e+01	
					         0.85167	-1.40000e+01	
					         0.85333	-1.20000e+01	
					         0.85500	-1.00000e+01	
					         0.85667	-8.00000e+00	
					         0.85833	-5.00000e+00	
					         0.86000	-1.00000e+00	
					         0.86167	3.00000e+00	
					         0.86333	8.00000e+00	
					         0.86500	1.40000e+01	
					         0.86667	2.10000e+01	
					         0.86833	3.00000e+01	
					         0.87000	3.90000e+01	
					         0.87167	5.00000e+01	
					         0.87333	6.20000e+01	
					         0.87500	7.60000e+01	
					         0.87667	9.10000e+01	
					         0.87833	1.08000e+02	
					         0.88000	1.26000e+02	
					         0.88167	1.46000e+02	
					         0.88333	1.66000e+02	
					         0.88500	1.86000e+02	
					         0.88667	2.02000e+02	
					         0.88833	2.15000e+02	
					         0.89000	2.22000e+02	
					         0.89167	2.24000e+02	
					         0.89333	2.19000e+02	
					         0.89500	2.08000e+02	
					         0.89667	1.91000e+02	
					         0.89833	1.68000e+02	
					         0.90000	1.39000e+02	
					         0.90167	1.06000e+02	
					         0.90333	7.00000e+01	
					         0.90500	3.40000e+01	
					         0.90667	-1.00000e+00	
					         0.90833	-3.20000e+01	
					         0.91000	-5.80000e+01	
					         0.91167	-7.90000e+01	
					         0.91333	-9.40000e+01	
					         0.91500	-1.03000e+02	
					         0.91667	-1.06000e+02	
					         0.91833	-1.04000e+02	
					         0.92000	-9.80000e+01	
					         0.92167	-8.90000e+01	
					         0.92333	-7.70000e+01	
					         0.92500	-6.50000e+01	
					         0.92667	-5.20000e+01	
					         0.92833	-4.00000e+01	
					         0.93000	-2.90000e+01	
					         0.93167	-2.00000e+01	
					         0.93333	-1.30000e+01	
					         0.93500	-8.00000e+00	
					         0.93667	-5.00000e+00	
					         0.93833	-5.00000e+00	
					         0.94000	-7.00000e+00	
					         0.94167	-1.20000e+01	
					         0.94333	-1.80000e+01	
					         0.94500	-2.50000e+01	
					         0.94667	-3.40000e+01	
					         0.94833	-4.20000e+01	
					         0.95000	-5.10000e+01	
					         0.95167	-6.00000e+01	
					         0.95333	-6.70000e+01	
					         0.95500	-7.40000e+01	
					         0.95667	-7.90000e+01	
					         0.95833	-8.20000e+01	
					         0.96000	-8.40000e+01	
					         0.96167	-8.40000e+01	
					         0.96333	-8.20000e+01	
					         0.96500	-7.90000e+01	
					         0.96667	-7.50000e+01	
					         0.96833	-7.00000e+01	
					         0.97000	-6.50000e+01	
					         0.97167	-6.00000e+01	
					         0.97333	-5.50000e+01	
					         0.97500	-5.00000e+01	
					         0.97667	-4.60000e+01	
					         0.97833	-4.10000e+01	
					         0.98000	-3.80000e+01	
					         0.98167	-3.40000e+01	
					         0.98333	-3.20000e+01	
					         0.98500	-2.90000e+01	
					         0.98667	-2.80000e+01	
					         0.98833	-2.60000e+01	
					         0.99000	-2.50000e+01	
					         0.99167	-2.40000e+01	
					         0.99333	-2.30000e+01	
					         0.99500	-2.20000e+01	
					         0.99667	-2.20000e+01	
					         0.99833	-2.10000e+01	
					         1.00000	-2.00000e+01	
					         1.00167	-1.90000e+01	
					         1.00333	-1.90000e+01	
					         1.00500	-1.80000e+01	
					         1.00667	-1.70000e+01	
					         1.00833	-1.60000e+01	
					         1.01000	-1.60000e+01	
					         1.01167	-1.50000e+01	
					         1.01333	-1.40000e+01	
					         1.01500	-1.40000e+01	
					         1.01667	-1.30000e+01	
					         1.01833	-1.30000e+01	
					         1.02000	-1.30000e+01	
					         1.02167	-1.30000e+01	
					         1.02333	-1.30000e+01	
					         1.02500	-1.20000e+01	
					         1.02667	-1.20000e+01	
					         1.02833	-1.20000e+01	
					         1.03000	-1.20000e+01	
					         1.03167	-1.20000e+01	
					         1.03333	-1.10000e+01	
					         1.03500	-1.10000e+01	
					         1.03667	-1.10000e+01	
					         1.03833	-1.00000e+01	
					         1.04000	-1.00000e+01	
					         1.04167	-9.00000e+00	
					         1.04333	-9.00000e+00	
					         1.04500	-9.00000e+00	
					         1.04667	-8.00000e+00	
					         1.04833	-8.00000e+00	
					         1.05000	-8.00000e+00	
					         1.05167	-8.00000e+00	
					         1.05333	-8.00000e+00	
					         1.05500	-7.00000e+00	
					         1.05667	-7.00000e+00	
					         1.05833	-7.00000e+00	
					         1.06000	-7.00000e+00	
					         1.06167	-7.00000e+00	
					         1.06333	-7.00000e+00	
					         1.06500	-7.00000e+00	
					         1.06667	-6.00000e+00	
					         1.06833	-6.00000e+00	
					         1.07000	-5.00000e+00	
					         1.07167	-4.00000e+00	
					         1.07333	-3.00000e+00	
					         1.07500	-2.00000e+00	
					         1.07667	-1.00000e+00	
					         1.07833	1.00000e+00	
					         1.08000	2.00000e+00	
					         1.08167	4.00000e+00	
					         1.08333	6.00000e+00	
					         1.08500	8.00000e+00	
					         1.08667	9.00000e+00	
					         1.08833	1.10000e+01	
					         1.09000	1.30000e+01	
					         1.09167	1.50000e+01	
					         1.09333	1.70000e+01	
					         1.09500	1.80000e+01	
					         1.09667	2.00000e+01	
					         1.09833	2.20000e+01	
					         1.10000	2.40000e+01	
					         1.10167	2.60000e+01	
					         1.10333	2.80000e+01	
					         1.10500	3.00000e+01	
					         1.10667	3.30000e+01	
					         1.10833	3.50000e+01	
					         1.11000	3.70000e+01	
					         1.11167	4.00000e+01	
					         1.11333	4.20000e+01	
					         1.11500	4.40000e+01	
					         1.11667	4.70000e+01	
					         1.11833	4.90000e+01	
					         1.12000	5.10000e+01	
					         1.12167	5.30000e+01	
					         1.12333	5.50000e+01	
					         1.12500	5.70000e+01	
					         1.12667	5.90000e+01	
					         1.12833	6.00000e+01	
					         1.13000	6.20000e+01	
					         1.13167	6.30000e+01	
					         1.13333	6.50000e+01	
					         1.13500	6.60000e+01	
					         1.13667	6.70000e+01	
					         1.13833	6.90000e+01	
					         1.14000	7.00000e+01	
					         1.14167	7.10000e+01	
					         1.14333	7.20000e+01	
					         1.14500	7.30000e+01	
					         1.14667	7.40000e+01	
					         1.14833	7.50000e+01	
					         1.15000	7.50000e+01	
					         1.15167	7.60000e+01	
					         1.15333	7.60000e+01	
					         1.15500	7.70000e+01	
					         1.15667	7.70000e+01	
					         1.15833	7.60000e+01	
					         1.16000	7.60000e+01	
					         1.16167	7.50000e+01	
					         1.16333	7.40000e+01	
					         1.16500	7.30000e+01	
					         1.16667	7.10000e+01	
					         1.16833	6.90000e+01	
					         1.17000	6.70000e+01	
					         1.17167	6.40000e+01	
					         1.17333	6.10000e+01	
					         1.17500	5.80000e+01	
					         1.17667	5.50000e+01	
					         1.17833	5.20000e+01	
					         1.18000	4.80000e+01	
					         1.18167	4.50000e+01	
					         1.18333	4.10000e+01	
					         1.18500	3.80000e+01	
					         1.18667	3.40000e+01	
					         1.18833	3.00000e+01	
					         1.19000	2.60000e+01	
					         1.19167	2.30000e+01	
					         1.19333	1.90000e+01	
					         1.19500	1.50000e+01	
					         1.19667	1.10000e+01	
					         1.19833	8.00000e+00	
					         1.20000	4.00000e+00	
					         1.20167	1.00000e+00	
					         1.20333	-3.00000e+00	
					         1.20500	-6.00000e+00	
					         1.20667	-9.00000e+00	
					         1.20833	-1.20000e+01	
					         1.21000	-1.50000e+01	
					         1.21167	-1.80000e+01	
					         1.21333	-2.10000e+01	
					         1.21500	-2.30000e+01	
					         1.21667	-2.50000e+01	
					         1.21833	-2.80000e+01	
					         1.22000	-3.00000e+01	
					         1.22167	-3.20000e+01	
					         1.22333	-3.40000e+01	
					         1.22500	-3.60000e+01	
					         1.22667	-3.70000e+01	
					         1.22833	-3.90000e+01	
					         1.23000	-4.10000e+01	
					         1.23167	-4.20000e+01	
					         1.23333	-4.40000e+01	
					         1.23500	-4.50000e+01	
					         1.23667	-4.60000e+01	
					         1.23833	-4.80000e+01	
					         1.24000	-4.90000e+01	
					         1.24167	-5.00000e+01	
					         1.24333	-5.10000e+01	
					         1.24500	-5.10000e+01	
					         1.24667	-5.20000e+01	
					         1.24833	-5.20000e+01	
					         1.25000	-5.30000e+01	
					         1.25167	-5.30000e+01	
					         1.25333	-5.30000e+01	
					         1.25500	-5.20000e+01	
					         1.25667	-5.20000e+01	
					         1.25833	-5.10000e+01	
					         1.26000	-5.10000e+01	
					         1.26167	-5.00000e+01	
					         1.26333	-4.90000e+01	
					         1.26500	-4.90000e+01	
					         1.26667	-4.80000e+01	
					         1.26833	-4.70000e+01	
					         1.27000	-4.70000e+01	
					         1.27167	-4.60000e+01	
					         1.27333	-4.60000e+01	
					         1.27500	-4.50000e+01	
					         1.27667	-4.50000e+01	
					         1.27833	-4.40000e+01	
					         1.28000	-4.40000e+01	
					         1.28167	-4.30000e+01	
					         1.28333	-4.20000e+01	
					         1.28500	-4.10000e+01	
					         1.28667	-4.00000e+01	
					         1.28833	-3.90000e+01	
					         1.29000	-3.80000e+01	
					         1.29167	-3.70000e+01	
					         1.29333	-3.60000e+01	
					         1.29500	-3.50000e+01	
					         1.29667	-3.40000e+01	
					         1.29833	-3.20000e+01	
					         1.30000	-3.10000e+01	
					         1.30167	-3.00000e+01	
					         1.30333	-2.90000e+01	
					         1.30500	-2.80000e+01	
					         1.30667	-2.70000e+01	
					         1.30833	-2.50000e+01	
					         1.31000	-2.40000e+01	
					         1.31167	-2.30000e+01	
					         1.31333	-2.20000e+01	
					         1.31500	-2.10000e+01	
					         1.31667	-2.00000e+01	
					         1.31833	-1.90000e+01	
					         1.32000	-1.80000e+01	
					         1.32167	-1.70000e+01	
					         1.32333	-1.60000e+01	
					         1.32500	-1.50000e+01	
					         1.32667	-1.40000e+01	
					         1.32833	-1.30000e+01	
					         1.33000	-1.20000e+01	
					         1.33167	-1.10000e+01	
					         1.33333	-1.10000e+01	
					         1.33500	-1.00000e+01	
					         1.33667	-9.00000e+00	
					         1.33833	-9.00000e+00	
					         1.34000	-8.00000e+00	
					         1.34167	-8.00000e+00	
					         1.34333	-7.00000e+00	
					         1.34500	-7.00000e+00	
					         1.34667	-6.00000e+00	
					         1.34833	-6.00000e+00	
					         1.35000	-5.00000e+00	
					         1.35167	-5.00000e+00	
					         1.35333	-5.00000e+00	
					         1.35500	-4.00000e+00	
					         1.35667	-4.00000e+00	
					         1.35833	-4.00000e+00	
					         1.36000	-4.00000e+00	
					         1.36167	-4.00000e+00	
					         1.36333	-4.00000e+00	
					         1.36500	-4.00000e+00	
					         1.36667	-4.00000e+00	
					         1.36833	-4.00000e+00	
					         1.37000	-4.00000e+00	
					         1.37167	-4.00000e+00	
					         1.37333	-4.00000e+00	
					         1.37500	-4.00000e+00	
					         1.37667	-4.00000e+00	
					         1.37833	-4.00000e+00	
					         1.38000	-4.00000e+00	
					         1.38167	-4.00000e+00	
					         1.38333	-4.00000e+00	
					         1.38500	-4.00000e+00	
					         1.38667	-4.00000e+00	
					         1.38833	-4.00000e+00	
					         1.39000	-5.00000e+00	
					         1.39167	-5.00000e+00	
					         1.39333	-5.00000e+00	
					         1.39500	-6.00000e+00	
					         1.39667	-6.00000e+00	
					         1.39833	-6.00000e+00	
					         1.40000	-7.00000e+00	
					         1.40167	-7.00000e+00	
					         1.40333	-8.00000e+00	
					         1.40500	-8.00000e+00	
					         1.40667	-9.00000e+00	
					         1.40833	-9.00000e+00	
					         1.41000	-1.00000e+01	
					         1.41167	-1.00000e+01	
					         1.41333	-1.10000e+01	
					         1.41500	-1.10000e+01	
					         1.41667	-1.10000e+01	
					         1.41833	-1.10000e+01	
					         1.42000	-1.10000e+01	
					         1.42167	-1.10000e+01	
					         1.42333	-1.10000e+01	
					         1.42500	-1.10000e+01	
					         1.42667	-1.10000e+01	
					         1.42833	-1.10000e+01	
					         1.43000	-1.00000e+01	
					         1.43167	-1.00000e+01	
					         1.43333	-1.00000e+01	
					         1.43500	-9.00000e+00	
					         1.43667	-9.00000e+00	
					         1.43833	-9.00000e+00	
					         1.44000	-9.00000e+00	
					         1.44167	-9.00000e+00	
					         1.44333	-8.00000e+00	
					         1.44500	-8.00000e+00	
					         1.44667	-8.00000e+00	
					         1.44833	-8.00000e+00	
					         1.45000	-8.00000e+00	
					         1.45167	-7.00000e+00	
					         1.45333	-7.00000e+00	
					         1.45500	-7.00000e+00	
					         1.45667	-6.00000e+00	
					         1.45833	-6.00000e+00	
					         1.46000	-6.00000e+00	
					         1.46167	-5.00000e+00	
					         1.46333	-5.00000e+00	
					         1.46500	-4.00000e+00	
					         1.46667	-4.00000e+00	
					         1.46833	-4.00000e+00	
					         1.47000	-4.00000e+00	
					         1.47167	-4.00000e+00	
					         1.47333	-4.00000e+00	
					         1.47500	-4.00000e+00	
					         1.47667	-3.00000e+00	
					         1.47833	-3.00000e+00	
					         1.48000	-3.00000e+00	
					         1.48167	-3.00000e+00	
					         1.48333	-3.00000e+00	
					         1.48500	-3.00000e+00	
					         1.48667	-3.00000e+00	
					         1.48833	-3.00000e+00	
					         1.49000	-3.00000e+00	
					         1.49167	-3.00000e+00	
					         1.49333	-4.00000e+00	
					         1.49500	-4.00000e+00	
					         1.49667	-4.00000e+00	
					         1.49833	-4.00000e+00	
					         1.50000	-4.00000e+00	
					         1.50167	-4.00000e+00	
					         1.50333	-4.00000e+00	
					         1.50500	-4.00000e+00	
					         1.50667	-4.00000e+00	
					         1.50833	-4.00000e+00	
					         1.51000	-4.00000e+00	
					         1.51167	-4.00000e+00	
					         1.51333	-4.00000e+00	
					         1.51500	-4.00000e+00	
					         1.51667	-4.00000e+00	
					         1.51833	-5.00000e+00	
					         1.52000	-5.00000e+00	
					         1.52167	-5.00000e+00	
					         1.52333	-4.00000e+00	
					         1.52500	-4.00000e+00	
					         1.52667	-4.00000e+00	
					         1.52833	-3.00000e+00	
					         1.53000	-3.00000e+00	
					         1.53167	-2.00000e+00	
					         1.53333	-1.00000e+00	
					         1.53500	0.00000e+00	
					         1.53667	1.00000e+00	
					         1.53833	2.00000e+00	
					         1.54000	3.00000e+00	
					         1.54167	5.00000e+00	
					         1.54333	6.00000e+00	
					         1.54500	8.00000e+00	
					         1.54667	1.00000e+01	
					         1.54833	1.20000e+01	
					         1.55000	1.30000e+01	
					         1.55167	1.50000e+01	
					         1.55333	1.70000e+01	
					         1.55500	1.90000e+01	
					         1.55667	2.20000e+01	
					         1.55833	2.30000e+01	
					         1.56000	2.50000e+01	
					         1.56167	2.70000e+01	
					         1.56333	2.90000e+01	
					         1.56500	3.00000e+01	
					         1.56667	3.10000e+01	
					         1.56833	3.20000e+01	
					         1.57000	3.20000e+01	
					         1.57167	3.20000e+01	
					         1.57333	3.20000e+01	
					         1.57500	3.20000e+01	
					         1.57667	3.10000e+01	
					         1.57833	3.10000e+01	
					         1.58000	3.00000e+01	
					         1.58167	2.90000e+01	
					         1.58333	2.70000e+01	
					         1.58500	2.60000e+01	
					         1.58667	2.50000e+01	
					         1.58833	2.50000e+01	
					         1.59000	2.40000e+01	
					         1.59167	2.30000e+01	
					         1.59333	2.30000e+01	
					         1.59500	2.30000e+01	
					         1.59667	2.30000e+01	
					         1.59833	2.30000e+01	
					         1.60000	2.30000e+01	
					         1.60167	2.40000e+01	
					         1.60333	2.40000e+01	
					         1.60500	2.50000e+01	
					         1.60667	2.50000e+01	
					         1.60833	2.50000e+01	
					         1.61000	2.50000e+01	
					         1.61167	2.40000e+01	
					         1.61333	2.40000e+01	
					         1.61500	2.30000e+01	
					         1.61667	2.10000e+01	
					         1.61833	1.90000e+01	
					         1.62000	1.60000e+01	
					         1.62167	1.30000e+01	
					         1.62333	9.00000e+00	
					         1.62500	5.00000e+00	
					         1.62667	0.00000e+00	
					         1.62833	-5.00000e+00	
					         1.63000	-1.00000e+01	
					         1.63167	-1.50000e+01	
					         1.63333	-2.00000e+01	
					         1.63500	-2.50000e+01	
					         1.63667	-3.00000e+01	
					         1.63833	-3.50000e+01	
					         1.64000	-3.80000e+01	
					         1.64167	-4.20000e+01	
					         1.64333	-4.40000e+01	
					         1.64500	-4.60000e+01	
					         1.64667	-4.70000e+01	
					         1.64833	-4.80000e+01	
					         1.65000	-4.80000e+01	
					         1.65167	-4.80000e+01	
					         1.65333	-4.80000e+01	
					         1.65500	-4.70000e+01	
					         1.65667	-4.60000e+01	
					         1.65833	-4.50000e+01	
					         1.66000	-4.40000e+01	
					         1.66167	-4.30000e+01	
					         1.66333	-4.10000e+01	
					         1.66500	-4.00000e+01	
					         1.66667	-3.90000e+01	
					         1.66833	-3.70000e+01	
					         1.67000	-3.60000e+01	
					         1.67167	-3.40000e+01	
					         1.67333	-3.30000e+01	
					         1.67500	-3.20000e+01	
					         1.67667	-3.00000e+01	
					         1.67833	-2.90000e+01	
					         1.68000	-2.80000e+01	
					         1.68167	-2.70000e+01	
					         1.68333	-2.70000e+01	
					         1.68500	-2.60000e+01	
					         1.68667	-2.50000e+01	
					         1.68833	-2.40000e+01	
					         1.69000	-2.40000e+01	
					         1.69167	-2.30000e+01	
					         1.69333	-2.20000e+01	
					         1.69500	-2.20000e+01	
					         1.69667	-2.10000e+01	
					         1.69833	-2.00000e+01	
					         1.70000	-1.90000e+01	
					         1.70167	-1.90000e+01	
					         1.70333	-1.80000e+01	
					         1.70500	-1.70000e+01	
					         1.70667	-1.70000e+01	
					         1.70833	-1.60000e+01	
					         1.71000	-1.60000e+01	
					         1.71167	-1.50000e+01	
					         1.71333	-1.40000e+01	
					         1.71500	-1.30000e+01	
					         1.71667	-1.20000e+01	
					         1.71833	-1.10000e+01	
					         1.72000	-9.00000e+00	
					         1.72167	-7.00000e+00	
					         1.72333	-4.00000e+00	
					         1.72500	0.00000e+00	
					         1.72667	4.00000e+00	
					         1.72833	1.00000e+01	
					         1.73000	1.60000e+01	
					         1.73167	2.40000e+01	
					         1.73333	3.30000e+01	
					         1.73500	4.30000e+01	
					         1.73667	5.50000e+01	
					         1.73833	6.70000e+01	
					         1.74000	8.20000e+01	
					         1.74167	9.80000e+01	
					         1.74333	1.16000e+02	
					         1.74500	1.35000e+02	
					         1.74667	1.55000e+02	
					         1.74833	1.75000e+02	
					         1.75000	1.93000e+02	
					         1.75167	2.08000e+02	
					         1.75333	2.17000e+02	
					         1.75500	2.22000e+02	
					         1.75667	2.20000e+02	
					         1.75833	2.13000e+02	
					         1.76000	1.99000e+02	
					         1.76167	1.78000e+02	
					         1.76333	1.52000e+02	
					         1.76500	1.21000e+02	
					         1.76667	8.60000e+01	
					         1.76833	5.00000e+01	
					         1.77000	1.50000e+01	
					         1.77167	-1.80000e+01	
					         1.77333	-4.70000e+01	
					         1.77500	-7.00000e+01	
					         1.77667	-8.80000e+01	
					         1.77833	-1.00000e+02	
					         1.78000	-1.06000e+02	
					         1.78167	-1.07000e+02	
					         1.78333	-1.04000e+02	
					         1.78500	-9.60000e+01	
					         1.78667	-8.60000e+01	
					         1.78833	-7.50000e+01	
					         1.79000	-6.30000e+01	
					         1.79167	-5.10000e+01	
					         1.79333	-4.00000e+01	
					         1.79500	-3.10000e+01	
					         1.79667	-2.30000e+01	
					         1.79833	-1.80000e+01	
					         1.80000	-1.50000e+01	
					         1.80167	-1.40000e+01	
