Grayscale intensity, in dB

Time (s) :	Trace 1 : 	Trace 2 : 	Trace 3 : 		Ecg : 		
0.00123   	-1.73844e+01	-3.90593e+01	-2.51162e+01		         0.00000	2.27000e+02	
0.01929   	-1.75515e+01	-4.04105e+01	-2.40720e+01		         0.00167	2.42000e+02	
0.03735   	-1.79485e+01	-4.45434e+01	-2.26822e+01		         0.00333	2.54000e+02	
0.05541   	-2.20621e+01	-4.48383e+01	-2.07271e+01		         0.00500	2.61000e+02	
0.07346   	-1.97600e+01	-4.56043e+01	-2.18791e+01		         0.00667	2.62000e+02	
0.09154   	-1.73055e+01	-4.34428e+01	-2.20108e+01		         0.00833	2.57000e+02	
0.10958   	-1.62806e+01	-4.52942e+01	-2.13688e+01		         0.01000	2.47000e+02	
0.12765   	-1.60467e+01	-4.47407e+01	-2.27425e+01		         0.01167	2.30000e+02	
0.14570   	-1.58792e+01	-3.98584e+01	-2.32337e+01		         0.01333	2.09000e+02	
0.16376   	-1.58072e+01	-3.64913e+01	-2.42460e+01		         0.01500	1.83000e+02	
0.18182   	-1.60940e+01	-3.06019e+01	-2.45304e+01		         0.01667	1.55000e+02	
0.19987   	-1.70442e+01	-3.02440e+01	-2.64344e+01		         0.01833	1.25000e+02	
0.21793   	-2.28508e+01	-2.94135e+01	-2.35357e+01		         0.02000	9.40000e+01	
0.23599   	-2.62267e+01	-3.11000e+01	-2.88299e+01		         0.02167	6.30000e+01	
0.25404   	-2.69529e+01	-3.16361e+01	-2.62252e+01		         0.02333	3.40000e+01	
0.27210   	-2.74085e+01	-3.17052e+01	-2.62843e+01		         0.02500	7.00000e+00	
0.29018   	-2.76534e+01	-3.35883e+01	-2.61974e+01		         0.02667	-1.70000e+01	
0.30822   	-2.76621e+01	-3.64052e+01	-2.42408e+01		         0.02833	-3.90000e+01	
0.32628   	-2.79402e+01	-3.92922e+01	-2.63440e+01		         0.03000	-5.60000e+01	
0.34434   	-2.82767e+01	-3.96881e+01	-2.47049e+01		         0.03167	-7.10000e+01	
0.36240   	-2.88743e+01	-4.06638e+01	-2.12806e+01		         0.03333	-8.10000e+01	
0.38045   	-2.96612e+01	-4.02842e+01	-2.21553e+01		         0.03500	-8.80000e+01	
0.39851   	-3.07641e+01	-3.91854e+01	-2.33084e+01		         0.03667	-9.20000e+01	
0.41657   	-3.16824e+01	-3.85771e+01	-2.32315e+01		         0.03833	-9.30000e+01	
0.43462   	-3.30505e+01	-3.85816e+01	-2.42014e+01		         0.04000	-9.20000e+01	
0.45268   	-3.29760e+01	-3.65908e+01	-2.74075e+01		         0.04167	-8.90000e+01	
0.47074   	-3.17966e+01	-3.61546e+01	-2.65720e+01		         0.04333	-8.50000e+01	
0.48881   	-3.17525e+01	-3.47704e+01	-2.71814e+01		         0.04500	-8.10000e+01	
0.50685   	-3.15107e+01	-3.21662e+01	-2.74641e+01		         0.04667	-7.50000e+01	
0.52492   	-3.09310e+01	-3.11257e+01	-3.24968e+01		         0.04833	-7.00000e+01	
0.54298   	-2.96437e+01	-2.85491e+01	-3.51063e+01		         0.05000	-6.50000e+01	
0.56104   	-2.80371e+01	-2.74376e+01	-3.55865e+01		         0.05167	-6.10000e+01	
0.57909   	-2.74451e+01	-2.59866e+01	-3.53314e+01		         0.05333	-5.70000e+01	
0.59715   	-2.58067e+01	-2.74329e+01	-3.67338e+01		         0.05500	-5.40000e+01	
0.61521   	-2.09992e+01	-2.55511e+01	-3.67318e+01		         0.05667	-5.10000e+01	
0.63326   	-2.12724e+01	-2.65648e+01	-3.75461e+01		         0.05833	-4.80000e+01	
0.65132   	-2.15612e+01	-2.51384e+01	-3.67448e+01		         0.06000	-4.60000e+01	
0.66938   	-2.20884e+01	-2.59200e+01	-3.71894e+01		         0.06167	-4.50000e+01	
0.68743   	-2.25614e+01	-2.57554e+01	-3.83042e+01		         0.06333	-4.40000e+01	
0.70550   	-2.26783e+01	-2.51235e+01	-3.81334e+01		         0.06500	-4.30000e+01	
0.72356   	-2.30639e+01	-2.58495e+01	-3.82922e+01		         0.06667	-4.20000e+01	
0.74162   	-2.32623e+01	-2.53840e+01	-4.14540e+01		         0.06833	-4.10000e+01	
0.75968   	-2.31097e+01	-2.58588e+01	-4.08732e+01		         0.07000	-4.10000e+01	
0.77773   	-2.27654e+01	-2.56634e+01	-4.13214e+01		         0.07167	-4.10000e+01	
0.79579   	-2.23691e+01	-2.48871e+01	-4.20272e+01		         0.07333	-4.10000e+01	
0.81385   	-2.21802e+01	-2.49336e+01	-4.17667e+01		         0.07500	-4.10000e+01	
0.83190   	-2.20582e+01	-2.52202e+01	-4.15304e+01		         0.07667	-4.10000e+01	
0.84997   	-2.20411e+01	-2.53549e+01	-4.15950e+01		         0.07833	-4.10000e+01	
0.86802   	-2.19501e+01	-2.53549e+01	-4.18545e+01		         0.08000	-4.10000e+01	
0.88608   	-2.18231e+01	-2.53743e+01	-4.20568e+01		         0.08167	-4.10000e+01	
0.90414   	-2.19780e+01	-2.70965e+01	-4.19894e+01		         0.08333	-4.00000e+01	
0.92220   	-2.34601e+01	-3.00819e+01	-4.00615e+01		         0.08500	-4.00000e+01	
0.94026   	-2.09183e+01	-3.16334e+01	-3.61844e+01		         0.08667	-3.90000e+01	
0.95831   	-1.98204e+01	-3.07022e+01	-3.18052e+01		         0.08833	-3.90000e+01	
0.97637   	-1.98286e+01	-3.43085e+01	-2.90716e+01		         0.09000	-3.80000e+01	
0.99443   	-1.90992e+01	-3.45727e+01	-2.52833e+01		         0.09167	-3.70000e+01	
1.01250   	-1.81493e+01	-3.48188e+01	-2.71657e+01		         0.09333	-3.60000e+01	
1.03054   	-1.90299e+01	-3.65314e+01	-2.49040e+01		         0.09500	-3.50000e+01	
1.04860   	-2.19311e+01	-3.77934e+01	-2.46969e+01		         0.09667	-3.40000e+01	
1.06666   	-2.36745e+01	-3.82759e+01	-2.35381e+01		         0.09833	-3.30000e+01	
1.08472   	-2.13719e+01	-3.80292e+01	-2.39358e+01		         0.10000	-3.20000e+01	
1.10277   	-1.73242e+01	-3.98763e+01	-2.45573e+01		         0.10167	-3.00000e+01	
1.12084   	-1.66399e+01	-3.92498e+01	-2.55427e+01		         0.10333	-3.00000e+01	
1.13889   	-1.65499e+01	-3.74877e+01	-2.69857e+01		         0.10500	-2.90000e+01	
1.15695   	-1.64465e+01	-3.46090e+01	-2.95510e+01		         0.10667	-2.80000e+01	
1.17501   	-1.64735e+01	-3.04388e+01	-2.83068e+01		         0.10833	-2.80000e+01	
1.19307   	-1.72385e+01	-2.92071e+01	-2.91488e+01		         0.11000	-2.80000e+01	
1.21113   	-1.75068e+01	-2.91751e+01	-3.25010e+01		         0.11167	-2.80000e+01	
1.22918   	-2.21702e+01	-3.22359e+01	-3.61349e+01		         0.11333	-2.80000e+01	
1.24724   	-2.76091e+01	-3.10455e+01	-3.76472e+01		         0.11500	-2.70000e+01	
1.26530   	-2.84832e+01	-3.29710e+01	-3.59432e+01		         0.11667	-2.70000e+01	
1.28336   	-2.87759e+01	-3.41494e+01	-3.62959e+01		         0.11833	-2.60000e+01	
1.30141   	-2.89438e+01	-3.70544e+01	-3.51126e+01		         0.12000	-2.50000e+01	
1.31948   	-2.91745e+01	-3.86623e+01	-3.35456e+01		         0.12167	-2.50000e+01	
1.33753   	-2.95710e+01	-3.89784e+01	-3.51290e+01		         0.12333	-2.40000e+01	
1.35559   	-3.06478e+01	-3.85592e+01	-3.55525e+01		         0.12500	-2.20000e+01	
1.37366   	-3.20169e+01	-3.94869e+01	-3.47160e+01		         0.12667	-2.10000e+01	
1.39172   	-3.33683e+01	-3.85439e+01	-3.42974e+01		         0.12833	-2.00000e+01	
1.40977   	-3.51184e+01	-3.78790e+01	-3.49667e+01		         0.13000	-1.80000e+01	
1.42783   	-3.78895e+01	-3.74238e+01	-3.57302e+01		         0.13167	-1.70000e+01	
1.44588   	-3.92188e+01	-3.59415e+01	-3.63307e+01		         0.13333	-1.60000e+01	
1.46394   	-3.99203e+01	-3.53682e+01	-4.01461e+01		         0.13500	-1.50000e+01	
1.48200   	-4.08159e+01	-3.65377e+01	-3.98962e+01		         0.13667	-1.40000e+01	
1.50006   	-4.24758e+01	-3.70627e+01	-3.94416e+01		         0.13833	-1.30000e+01	
1.51811   	-4.20495e+01	-3.58724e+01	-4.40460e+01		         0.14000	-1.30000e+01	
1.53618   	-4.08395e+01	-3.47820e+01	-4.33851e+01		         0.14167	-1.20000e+01	
1.55423   	-3.70401e+01	-3.25541e+01	-4.39457e+01		         0.14333	-1.20000e+01	
1.57229   	-3.39684e+01	-2.95492e+01	-4.41251e+01		         0.14500	-1.10000e+01	
1.59035   	-3.15328e+01	-2.96381e+01	-4.41254e+01		         0.14667	-1.10000e+01	
1.60841   	-2.82667e+01	-3.13086e+01	-4.34266e+01		         0.14833	-1.10000e+01	
1.62647   	-2.51069e+01	-2.98014e+01	-4.30023e+01		         0.15000	-1.10000e+01	
1.64452   	-2.50486e+01	-2.95347e+01	-4.19104e+01		         0.15167	-1.00000e+01	
1.66259   	-2.41458e+01	-2.74739e+01	-4.14013e+01		         0.15333	-1.00000e+01	
1.68064   	-2.25893e+01	-2.68122e+01	-3.97880e+01		         0.15500	-1.00000e+01	
1.69869   	-2.16506e+01	-2.71007e+01	-4.05158e+01		         0.15667	-1.00000e+01	
1.71675   	-2.00490e+01	-2.69645e+01	-3.96291e+01		         0.15833	-9.00000e+00	
1.73482   	-1.87425e+01	-2.73537e+01	-3.91384e+01		         0.16000	-9.00000e+00	
1.75287   	-1.84853e+01	-2.80557e+01	-3.77977e+01		         0.16167	-8.00000e+00	
1.77093   	-1.85546e+01	-2.88625e+01	-3.76220e+01		         0.16333	-7.00000e+00	
1.78899   	-2.10448e+01	-3.08189e+01	-3.89057e+01		         0.16500	-7.00000e+00	
1.80705   	-2.04260e+01	-3.10527e+01	-3.86102e+01		         0.16667	-6.00000e+00	
1.82511   	-1.98824e+01	-3.11115e+01	-3.80560e+01		         0.16833	-6.00000e+00	
1.84317   	-1.95095e+01	-3.11633e+01	-3.75290e+01		         0.17000	-5.00000e+00	
1.86123   	-1.91147e+01	-3.12875e+01	-3.68636e+01		         0.17167	-5.00000e+00	
1.87928   	-1.84685e+01	-3.12840e+01	-3.62933e+01		         0.17333	-4.00000e+00	
1.89733   	-1.79859e+01	-3.09450e+01	-3.60031e+01		         0.17500	-3.00000e+00	
1.91539   	-1.80156e+01	-3.15859e+01	-3.59091e+01		         0.17667	-2.00000e+00	
1.93346   	-1.90717e+01	-3.17872e+01	-3.38887e+01		         0.17833	-1.00000e+00	
1.95151   	-2.19776e+01	-3.28620e+01	-3.01186e+01		         0.18000	-1.00000e+00	
1.96957   	-2.35951e+01	-3.40208e+01	-2.48269e+01		         0.18167	0.00000e+00	
1.98763   	-2.35546e+01	-3.21527e+01	-2.13800e+01		         0.18333	0.00000e+00	
2.00569   	-2.28090e+01	-3.36981e+01	-2.38136e+01		         0.18500	1.00000e+00	
2.02375   	-2.25517e+01	-3.46515e+01	-2.05100e+01		         0.18667	1.00000e+00	
2.04180   	-2.32201e+01	-3.53857e+01	-2.13911e+01		         0.18833	2.00000e+00	
2.05986   	-2.28493e+01	-3.57763e+01	-1.95875e+01		         0.19000	3.00000e+00	
2.07791   	-2.33642e+01	-3.71317e+01	-2.23025e+01		         0.19167	3.00000e+00	
2.09597   	-2.41375e+01	-3.99919e+01	-2.08841e+01		         0.19333	3.00000e+00	
2.11403   	-2.56403e+01	-3.96741e+01	-2.19735e+01		         0.19500	4.00000e+00	
2.13209   	-2.62340e+01	-4.03545e+01	-2.41170e+01		         0.19667	4.00000e+00	
2.15016   	-2.63796e+01	-3.99649e+01	-2.45212e+01		         0.19833	4.00000e+00	
2.16821   	-2.64197e+01	-3.92111e+01	-2.54905e+01		         0.20000	5.00000e+00	
2.18627   	-2.64947e+01	-3.81166e+01	-2.47903e+01		         0.20167	5.00000e+00	
2.20434   	-2.71492e+01	-3.74126e+01	-2.16771e+01		         0.20333	6.00000e+00	
2.22239   	-2.79319e+01	-3.72403e+01	-1.96531e+01		         0.20500	7.00000e+00	
2.24045   	-2.81002e+01	-3.74632e+01	-2.01555e+01		         0.20667	8.00000e+00	
2.25850   	-2.80696e+01	-3.82005e+01	-2.70151e+01		         0.20833	9.00000e+00	
2.27656   	-2.83901e+01	-3.70962e+01	-3.15750e+01		         0.21000	1.00000e+01	
2.29462   	-2.85532e+01	-3.85072e+01	-3.12722e+01		         0.21167	1.20000e+01	
2.31268   	-2.89970e+01	-3.79651e+01	-3.07294e+01		         0.21333	1.30000e+01	
2.33074   	-2.95773e+01	-4.04236e+01	-3.08882e+01		         0.21500	1.40000e+01	
2.34880   	-3.02239e+01	-3.77190e+01	-3.08451e+01		         0.21667	1.60000e+01	
2.36685   	-3.13837e+01	-3.99362e+01	-3.00999e+01		         0.21833	1.70000e+01	
2.38491   	-3.25787e+01	-4.43257e+01	-3.16589e+01		         0.22000	1.80000e+01	
2.40297   	-3.35786e+01	-4.44223e+01	-3.31025e+01		         0.22167	1.90000e+01	
2.42102   	-3.55094e+01	-4.44332e+01	-3.09380e+01		         0.22333	1.90000e+01	
2.43908   	-3.68839e+01	-4.50877e+01	-2.97082e+01		         0.22500	2.00000e+01	
2.45714   	-3.82626e+01	-4.23700e+01	-3.05064e+01		         0.22667	2.10000e+01	
2.47520   	-4.08215e+01	-4.03923e+01	-3.18654e+01		         0.22833	2.10000e+01	
2.49325   	-4.29871e+01	-3.91988e+01	-3.15718e+01		         0.23000	2.10000e+01	
2.51131   	-4.59953e+01	-3.80714e+01	-3.46261e+01		         0.23167	2.20000e+01	
2.52937   	-4.49521e+01	-3.91174e+01	-3.60462e+01		         0.23333	2.20000e+01	
2.54743   	-4.11997e+01	-3.90170e+01	-3.54826e+01		         0.23500	2.30000e+01	
2.56549   	-3.70372e+01	-3.77070e+01	-3.46697e+01		         0.23667	2.40000e+01	
2.58355   	-3.33712e+01	-3.57928e+01	-3.46984e+01		         0.23833	2.40000e+01	
2.60161   	-3.11441e+01	-3.54716e+01	-3.58021e+01		         0.24000	2.50000e+01	
2.61966   	-2.88344e+01	-3.36186e+01	-3.61471e+01		         0.24167	2.60000e+01	
2.63772   	-2.58204e+01	-3.39174e+01	-3.65675e+01		         0.24333	2.80000e+01	
2.65578   	-2.52655e+01	-3.30454e+01	-3.63960e+01		         0.24500	2.90000e+01	
2.67384   	-2.55471e+01	-3.26616e+01	-3.49922e+01		         0.24667	3.00000e+01	
2.69189   	-2.51730e+01	-3.18598e+01	-3.49639e+01		         0.24833	3.10000e+01	
2.70995   	-2.48417e+01	-3.15939e+01	-3.45918e+01		         0.25000	3.30000e+01	
2.72801   	-2.45597e+01	-3.13080e+01	-3.39179e+01		         0.25167	3.40000e+01	
2.74606   	-2.43659e+01	-3.18992e+01	-3.47880e+01		         0.25333	3.40000e+01	
2.76413   	-2.44433e+01	-3.21158e+01	-3.55731e+01		         0.25500	3.50000e+01	
2.78219   	-2.53034e+01	-3.23177e+01	-3.64629e+01		         0.25667	3.60000e+01	
2.80025   	-2.59664e+01	-3.23483e+01	-3.68587e+01		         0.25833	3.60000e+01	
2.81830   	-2.59724e+01	-3.25894e+01	-3.69691e+01		         0.26000	3.60000e+01	
2.83636   	-2.60175e+01	-3.30635e+01	-3.70370e+01		         0.26167	3.70000e+01	
2.85442   	-2.59002e+01	-3.29500e+01	-3.75493e+01		         0.26333	3.70000e+01	
2.87248   	-2.56251e+01	-3.28368e+01	-3.80667e+01		         0.26500	3.70000e+01	
2.89054   	-2.54208e+01	-3.21818e+01	-3.82913e+01		         0.26667	3.80000e+01	
2.90860   	-2.53201e+01	-3.35015e+01	-3.79388e+01		         0.26833	3.90000e+01	
2.92665   	-2.60506e+01	-3.27187e+01	-3.62042e+01		         0.27000	3.90000e+01	
2.94471   	-2.69146e+01	-3.32511e+01	-3.18999e+01		         0.27167	4.00000e+01	
2.96277   	-2.60864e+01	-3.42807e+01	-2.59176e+01		         0.27333	4.00000e+01	
2.98083   	-2.52735e+01	-3.53065e+01	-2.27031e+01		         0.27500	4.10000e+01	
2.99889   	-2.57938e+01	-3.52497e+01	-2.37066e+01		         0.27667	4.10000e+01	
3.01694   	-2.60772e+01	-3.63424e+01	-2.35206e+01		         0.27833	4.10000e+01	
3.03500   	-2.71483e+01	-3.73672e+01	-2.03791e+01		         0.28000	4.10000e+01	
					         0.28167	4.10000e+01	
					         0.28333	4.10000e+01	
					         0.28500	4.00000e+01	
					         0.28667	3.90000e+01	
					         0.28833	3.80000e+01	
					         0.29000	3.70000e+01	
					         0.29167	3.50000e+01	
					         0.29333	3.40000e+01	
					         0.29500	3.20000e+01	
					         0.29667	3.00000e+01	
					         0.29833	2.80000e+01	
					         0.30000	2.60000e+01	
					         0.30167	2.30000e+01	
					         0.30333	2.00000e+01	
					         0.30500	1.60000e+01	
					         0.30667	1.30000e+01	
					         0.30833	1.00000e+01	
					         0.31000	7.00000e+00	
					         0.31167	3.00000e+00	
					         0.31333	0.00000e+00	
					         0.31500	-3.00000e+00	
					         0.31667	-6.00000e+00	
					         0.31833	-9.00000e+00	
					         0.32000	-1.20000e+01	
					         0.32167	-1.40000e+01	
					         0.32333	-1.60000e+01	
					         0.32500	-1.80000e+01	
					         0.32667	-2.00000e+01	
					         0.32833	-2.30000e+01	
					         0.33000	-2.50000e+01	
					         0.33167	-2.70000e+01	
					         0.33333	-2.90000e+01	
					         0.33500	-3.10000e+01	
					         0.33667	-3.20000e+01	
					         0.33833	-3.40000e+01	
					         0.34000	-3.50000e+01	
					         0.34167	-3.60000e+01	
					         0.34333	-3.60000e+01	
					         0.34500	-3.70000e+01	
					         0.34667	-3.80000e+01	
					         0.34833	-3.80000e+01	
					         0.35000	-3.80000e+01	
					         0.35167	-3.80000e+01	
					         0.35333	-3.70000e+01	
					         0.35500	-3.60000e+01	
					         0.35667	-3.60000e+01	
					         0.35833	-3.50000e+01	
					         0.36000	-3.40000e+01	
					         0.36167	-3.30000e+01	
					         0.36333	-3.20000e+01	
					         0.36500	-3.10000e+01	
					         0.36667	-3.00000e+01	
					         0.36833	-2.90000e+01	
					         0.37000	-2.90000e+01	
					         0.37167	-2.80000e+01	
					         0.37333	-2.80000e+01	
					         0.37500	-2.80000e+01	
					         0.37667	-2.80000e+01	
					         0.37833	-2.80000e+01	
					         0.38000	-2.70000e+01	
					         0.38167	-2.70000e+01	
					         0.38333	-2.70000e+01	
					         0.38500	-2.70000e+01	
					         0.38667	-2.60000e+01	
					         0.38833	-2.60000e+01	
					         0.39000	-2.50000e+01	
					         0.39167	-2.40000e+01	
					         0.39333	-2.30000e+01	
					         0.39500	-2.20000e+01	
					         0.39667	-2.20000e+01	
					         0.39833	-2.10000e+01	
					         0.40000	-2.00000e+01	
					         0.40167	-1.90000e+01	
					         0.40333	-1.80000e+01	
					         0.40500	-1.80000e+01	
					         0.40667	-1.70000e+01	
					         0.40833	-1.70000e+01	
					         0.41000	-1.70000e+01	
					         0.41167	-1.70000e+01	
					         0.41333	-1.70000e+01	
					         0.41500	-1.70000e+01	
					         0.41667	-1.70000e+01	
					         0.41833	-1.70000e+01	
					         0.42000	-1.70000e+01	
					         0.42167	-1.70000e+01	
					         0.42333	-1.70000e+01	
					         0.42500	-1.70000e+01	
					         0.42667	-1.80000e+01	
					         0.42833	-1.80000e+01	
					         0.43000	-1.80000e+01	
					         0.43167	-1.80000e+01	
					         0.43333	-1.80000e+01	
					         0.43500	-1.80000e+01	
					         0.43667	-1.80000e+01	
					         0.43833	-1.80000e+01	
					         0.44000	-1.80000e+01	
					         0.44167	-1.80000e+01	
					         0.44333	-1.80000e+01	
					         0.44500	-1.80000e+01	
					         0.44667	-1.80000e+01	
					         0.44833	-1.80000e+01	
					         0.45000	-1.70000e+01	
					         0.45167	-1.70000e+01	
					         0.45333	-1.60000e+01	
					         0.45500	-1.60000e+01	
					         0.45667	-1.50000e+01	
					         0.45833	-1.50000e+01	
					         0.46000	-1.50000e+01	
					         0.46167	-1.40000e+01	
					         0.46333	-1.40000e+01	
					         0.46500	-1.40000e+01	
					         0.46667	-1.30000e+01	
					         0.46833	-1.30000e+01	
					         0.47000	-1.20000e+01	
					         0.47167	-1.20000e+01	
					         0.47333	-1.20000e+01	
					         0.47500	-1.10000e+01	
					         0.47667	-1.10000e+01	
					         0.47833	-1.00000e+01	
					         0.48000	-1.00000e+01	
					         0.48167	-9.00000e+00	
					         0.48333	-9.00000e+00	
					         0.48500	-9.00000e+00	
					         0.48667	-8.00000e+00	
					         0.48833	-8.00000e+00	
					         0.49000	-7.00000e+00	
					         0.49167	-7.00000e+00	
					         0.49333	-7.00000e+00	
					         0.49500	-7.00000e+00	
					         0.49667	-7.00000e+00	
					         0.49833	-7.00000e+00	
					         0.50000	-7.00000e+00	
					         0.50167	-6.00000e+00	
					         0.50333	-6.00000e+00	
					         0.50500	-6.00000e+00	
					         0.50667	-6.00000e+00	
					         0.50833	-6.00000e+00	
					         0.51000	-6.00000e+00	
					         0.51167	-5.00000e+00	
					         0.51333	-5.00000e+00	
					         0.51500	-5.00000e+00	
					         0.51667	-5.00000e+00	
					         0.51833	-5.00000e+00	
					         0.52000	-6.00000e+00	
					         0.52167	-6.00000e+00	
					         0.52333	-6.00000e+00	
					         0.52500	-6.00000e+00	
					         0.52667	-6.00000e+00	
					         0.52833	-6.00000e+00	
					         0.53000	-6.00000e+00	
					         0.53167	-5.00000e+00	
					         0.53333	-5.00000e+00	
					         0.53500	-4.00000e+00	
					         0.53667	-4.00000e+00	
					         0.53833	-3.00000e+00	
					         0.54000	-3.00000e+00	
					         0.54167	-3.00000e+00	
					         0.54333	-3.00000e+00	
					         0.54500	-3.00000e+00	
					         0.54667	-3.00000e+00	
					         0.54833	-3.00000e+00	
					         0.55000	-3.00000e+00	
					         0.55167	-3.00000e+00	
					         0.55333	-3.00000e+00	
					         0.55500	-4.00000e+00	
					         0.55667	-3.00000e+00	
					         0.55833	-3.00000e+00	
					         0.56000	-3.00000e+00	
					         0.56167	-3.00000e+00	
					         0.56333	-3.00000e+00	
					         0.56500	-3.00000e+00	
					         0.56667	-2.00000e+00	
					         0.56833	-2.00000e+00	
					         0.57000	-1.00000e+00	
					         0.57167	-1.00000e+00	
					         0.57333	-1.00000e+00	
					         0.57500	0.00000e+00	
					         0.57667	0.00000e+00	
					         0.57833	0.00000e+00	
					         0.58000	0.00000e+00	
					         0.58167	0.00000e+00	
					         0.58333	0.00000e+00	
					         0.58500	0.00000e+00	
					         0.58667	0.00000e+00	
					         0.58833	0.00000e+00	
					         0.59000	0.00000e+00	
					         0.59167	-1.00000e+00	
					         0.59333	-2.00000e+00	
					         0.59500	-3.00000e+00	
					         0.59667	-3.00000e+00	
					         0.59833	-4.00000e+00	
					         0.60000	-5.00000e+00	
					         0.60167	-5.00000e+00	
					         0.60333	-5.00000e+00	
					         0.60500	-6.00000e+00	
					         0.60667	-6.00000e+00	
					         0.60833	-6.00000e+00	
					         0.61000	-5.00000e+00	
					         0.61167	-5.00000e+00	
					         0.61333	-4.00000e+00	
					         0.61500	-2.00000e+00	
					         0.61667	-1.00000e+00	
					         0.61833	0.00000e+00	
					         0.62000	0.00000e+00	
					         0.62167	1.00000e+00	
					         0.62333	1.00000e+00	
					         0.62500	2.00000e+00	
					         0.62667	2.00000e+00	
					         0.62833	2.00000e+00	
					         0.63000	1.00000e+00	
					         0.63167	1.00000e+00	
					         0.63333	0.00000e+00	
					         0.63500	-1.00000e+00	
					         0.63667	-2.00000e+00	
					         0.63833	-3.00000e+00	
					         0.64000	-4.00000e+00	
					         0.64167	-5.00000e+00	
					         0.64333	-5.00000e+00	
					         0.64500	-5.00000e+00	
					         0.64667	-5.00000e+00	
					         0.64833	-5.00000e+00	
					         0.65000	-4.00000e+00	
					         0.65167	-4.00000e+00	
					         0.65333	-4.00000e+00	
					         0.65500	-4.00000e+00	
					         0.65667	-4.00000e+00	
					         0.65833	-4.00000e+00	
					         0.66000	-4.00000e+00	
					         0.66167	-4.00000e+00	
					         0.66333	-4.00000e+00	
					         0.66500	-4.00000e+00	
					         0.66667	-5.00000e+00	
					         0.66833	-5.00000e+00	
					         0.67000	-6.00000e+00	
					         0.67167	-7.00000e+00	
					         0.67333	-7.00000e+00	
					         0.67500	-8.00000e+00	
					         0.67667	-8.00000e+00	
					         0.67833	-8.00000e+00	
					         0.68000	-8.00000e+00	
					         0.68167	-8.00000e+00	
					         0.68333	-8.00000e+00	
					         0.68500	-8.00000e+00	
					         0.68667	-7.00000e+00	
					         0.68833	-6.00000e+00	
					         0.69000	-6.00000e+00	
					         0.69167	-5.00000e+00	
					         0.69333	-4.00000e+00	
					         0.69500	-3.00000e+00	
					         0.69667	-2.00000e+00	
					         0.69833	-2.00000e+00	
					         0.70000	-1.00000e+00	
					         0.70167	-1.00000e+00	
					         0.70333	-1.00000e+00	
					         0.70500	-1.00000e+00	
					         0.70667	-1.00000e+00	
					         0.70833	-1.00000e+00	
					         0.71000	-2.00000e+00	
					         0.71167	-2.00000e+00	
					         0.71333	-2.00000e+00	
					         0.71500	-2.00000e+00	
					         0.71667	-2.00000e+00	
					         0.71833	-2.00000e+00	
					         0.72000	-3.00000e+00	
					         0.72167	-3.00000e+00	
					         0.72333	-4.00000e+00	
					         0.72500	-4.00000e+00	
					         0.72667	-4.00000e+00	
					         0.72833	-5.00000e+00	
					         0.73000	-5.00000e+00	
					         0.73167	-5.00000e+00	
					         0.73333	-5.00000e+00	
					         0.73500	-5.00000e+00	
					         0.73667	-5.00000e+00	
					         0.73833	-5.00000e+00	
					         0.74000	-4.00000e+00	
					         0.74167	-3.00000e+00	
					         0.74333	-3.00000e+00	
					         0.74500	-2.00000e+00	
					         0.74667	-1.00000e+00	
					         0.74833	-1.00000e+00	
					         0.75000	0.00000e+00	
					         0.75167	0.00000e+00	
					         0.75333	0.00000e+00	
					         0.75500	1.00000e+00	
					         0.75667	1.00000e+00	
					         0.75833	1.00000e+00	
					         0.76000	1.00000e+00	
					         0.76167	1.00000e+00	
					         0.76333	2.00000e+00	
					         0.76500	2.00000e+00	
					         0.76667	2.00000e+00	
					         0.76833	2.00000e+00	
					         0.77000	2.00000e+00	
					         0.77167	2.00000e+00	
					         0.77333	2.00000e+00	
					         0.77500	1.00000e+00	
					         0.77667	1.00000e+00	
					         0.77833	0.00000e+00	
					         0.78000	0.00000e+00	
					         0.78167	-1.00000e+00	
					         0.78333	-1.00000e+00	
					         0.78500	-2.00000e+00	
					         0.78667	-3.00000e+00	
					         0.78833	-3.00000e+00	
					         0.79000	-4.00000e+00	
					         0.79167	-4.00000e+00	
					         0.79333	-4.00000e+00	
					         0.79500	-4.00000e+00	
					         0.79667	-3.00000e+00	
					         0.79833	-3.00000e+00	
					         0.80000	-2.00000e+00	
					         0.80167	-1.00000e+00	
					         0.80333	-1.00000e+00	
					         0.80500	0.00000e+00	
					         0.80667	1.00000e+00	
					         0.80833	2.00000e+00	
					         0.81000	3.00000e+00	
					         0.81167	3.00000e+00	
					         0.81333	3.00000e+00	
					         0.81500	3.00000e+00	
					         0.81667	3.00000e+00	
					         0.81833	4.00000e+00	
					         0.82000	4.00000e+00	
					         0.82167	4.00000e+00	
					         0.82333	4.00000e+00	
					         0.82500	5.00000e+00	
					         0.82667	5.00000e+00	
					         0.82833	5.00000e+00	
					         0.83000	6.00000e+00	
					         0.83167	6.00000e+00	
					         0.83333	6.00000e+00	
					         0.83500	6.00000e+00	
					         0.83667	6.00000e+00	
					         0.83833	7.00000e+00	
					         0.84000	7.00000e+00	
					         0.84167	7.00000e+00	
					         0.84333	7.00000e+00	
					         0.84500	7.00000e+00	
					         0.84667	6.00000e+00	
					         0.84833	6.00000e+00	
					         0.85000	6.00000e+00	
					         0.85167	6.00000e+00	
					         0.85333	5.00000e+00	
					         0.85500	5.00000e+00	
					         0.85667	4.00000e+00	
					         0.85833	4.00000e+00	
					         0.86000	3.00000e+00	
					         0.86167	1.00000e+00	
					         0.86333	0.00000e+00	
					         0.86500	-1.00000e+00	
					         0.86667	-2.00000e+00	
					         0.86833	-2.00000e+00	
					         0.87000	-3.00000e+00	
					         0.87167	-4.00000e+00	
					         0.87333	-4.00000e+00	
					         0.87500	-5.00000e+00	
					         0.87667	-5.00000e+00	
					         0.87833	-4.00000e+00	
					         0.88000	-4.00000e+00	
					         0.88167	-3.00000e+00	
					         0.88333	-2.00000e+00	
					         0.88500	-1.00000e+00	
					         0.88667	-1.00000e+00	
					         0.88833	0.00000e+00	
					         0.89000	1.00000e+00	
					         0.89167	2.00000e+00	
					         0.89333	3.00000e+00	
					         0.89500	4.00000e+00	
					         0.89667	5.00000e+00	
					         0.89833	6.00000e+00	
					         0.90000	7.00000e+00	
					         0.90167	7.00000e+00	
					         0.90333	7.00000e+00	
					         0.90500	7.00000e+00	
					         0.90667	7.00000e+00	
					         0.90833	6.00000e+00	
					         0.91000	5.00000e+00	
					         0.91167	4.00000e+00	
					         0.91333	3.00000e+00	
					         0.91500	1.00000e+00	
					         0.91667	-1.00000e+00	
					         0.91833	-3.00000e+00	
					         0.92000	-4.00000e+00	
					         0.92167	-6.00000e+00	
					         0.92333	-7.00000e+00	
					         0.92500	-8.00000e+00	
					         0.92667	-9.00000e+00	
					         0.92833	-1.00000e+01	
					         0.93000	-1.00000e+01	
					         0.93167	-1.00000e+01	
					         0.93333	-1.00000e+01	
					         0.93500	-1.00000e+01	
					         0.93667	-1.00000e+01	
					         0.93833	-9.00000e+00	
					         0.94000	-8.00000e+00	
					         0.94167	-8.00000e+00	
					         0.94333	-7.00000e+00	
					         0.94500	-6.00000e+00	
					         0.94667	-5.00000e+00	
					         0.94833	-4.00000e+00	
					         0.95000	-3.00000e+00	
					         0.95167	-1.00000e+00	
					         0.95333	0.00000e+00	
					         0.95500	2.00000e+00	
					         0.95667	3.00000e+00	
					         0.95833	4.00000e+00	
					         0.96000	6.00000e+00	
					         0.96167	7.00000e+00	
					         0.96333	8.00000e+00	
					         0.96500	8.00000e+00	
					         0.96667	9.00000e+00	
					         0.96833	9.00000e+00	
					         0.97000	9.00000e+00	
					         0.97167	8.00000e+00	
					         0.97333	8.00000e+00	
					         0.97500	8.00000e+00	
					         0.97667	8.00000e+00	
					         0.97833	9.00000e+00	
					         0.98000	1.00000e+01	
					         0.98167	1.20000e+01	
					         0.98333	1.50000e+01	
					         0.98500	1.90000e+01	
					         0.98667	2.60000e+01	
					         0.98833	3.50000e+01	
					         0.99000	4.60000e+01	
					         0.99167	6.00000e+01	
					         0.99333	7.70000e+01	
					         0.99500	9.70000e+01	
					         0.99667	1.19000e+02	
					         0.99833	1.43000e+02	
					         1.00000	1.68000e+02	
					         1.00167	1.92000e+02	
					         1.00333	2.14000e+02	
					         1.00500	2.34000e+02	
					         1.00667	2.49000e+02	
					         1.00833	2.60000e+02	
					         1.01000	2.66000e+02	
					         1.01167	2.66000e+02	
					         1.01333	2.60000e+02	
					         1.01500	2.47000e+02	
					         1.01667	2.28000e+02	
					         1.01833	2.05000e+02	
					         1.02000	1.77000e+02	
					         1.02167	1.46000e+02	
					         1.02333	1.15000e+02	
					         1.02500	8.30000e+01	
					         1.02667	5.20000e+01	
					         1.02833	2.30000e+01	
					         1.03000	-3.00000e+00	
					         1.03167	-2.70000e+01	
					         1.03333	-4.70000e+01	
					         1.03500	-6.30000e+01	
					         1.03667	-7.60000e+01	
					         1.03833	-8.40000e+01	
					         1.04000	-8.90000e+01	
					         1.04167	-9.10000e+01	
					         1.04333	-9.10000e+01	
					         1.04500	-8.90000e+01	
					         1.04667	-8.50000e+01	
					         1.04833	-8.10000e+01	
					         1.05000	-7.60000e+01	
					         1.05167	-7.10000e+01	
					         1.05333	-6.70000e+01	
					         1.05500	-6.30000e+01	
					         1.05667	-5.90000e+01	
					         1.05833	-5.60000e+01	
					         1.06000	-5.30000e+01	
					         1.06167	-5.10000e+01	
					         1.06333	-4.90000e+01	
					         1.06500	-4.80000e+01	
					         1.06667	-4.70000e+01	
					         1.06833	-4.60000e+01	
					         1.07000	-4.60000e+01	
					         1.07167	-4.50000e+01	
					         1.07333	-4.50000e+01	
					         1.07500	-4.50000e+01	
					         1.07667	-4.50000e+01	
					         1.07833	-4.50000e+01	
					         1.08000	-4.50000e+01	
					         1.08167	-4.50000e+01	
					         1.08333	-4.50000e+01	
					         1.08500	-4.40000e+01	
					         1.08667	-4.40000e+01	
					         1.08833	-4.30000e+01	
					         1.09000	-4.20000e+01	
					         1.09167	-4.10000e+01	
					         1.09333	-3.90000e+01	
					         1.09500	-3.80000e+01	
					         1.09667	-3.60000e+01	
					         1.09833	-3.40000e+01	
					         1.10000	-3.30000e+01	
					         1.10167	-3.10000e+01	
					         1.10333	-3.00000e+01	
					         1.10500	-2.90000e+01	
					         1.10667	-2.80000e+01	
					         1.10833	-2.70000e+01	
					         1.11000	-2.60000e+01	
					         1.11167	-2.60000e+01	
					         1.11333	-2.50000e+01	
					         1.11500	-2.50000e+01	
					         1.11667	-2.40000e+01	
					         1.11833	-2.30000e+01	
					         1.12000	-2.30000e+01	
					         1.12167	-2.20000e+01	
					         1.12333	-2.10000e+01	
					         1.12500	-2.10000e+01	
					         1.12667	-2.00000e+01	
					         1.12833	-2.00000e+01	
					         1.13000	-2.00000e+01	
					         1.13167	-2.00000e+01	
					         1.13333	-1.90000e+01	
					         1.13500	-1.90000e+01	
					         1.13667	-1.90000e+01	
					         1.13833	-1.90000e+01	
					         1.14000	-1.90000e+01	
					         1.14167	-1.80000e+01	
					         1.14333	-1.80000e+01	
					         1.14500	-1.70000e+01	
					         1.14667	-1.70000e+01	
					         1.14833	-1.60000e+01	
					         1.15000	-1.50000e+01	
					         1.15167	-1.50000e+01	
					         1.15333	-1.50000e+01	
					         1.15500	-1.40000e+01	
					         1.15667	-1.40000e+01	
					         1.15833	-1.30000e+01	
					         1.16000	-1.30000e+01	
					         1.16167	-1.20000e+01	
					         1.16333	-1.20000e+01	
					         1.16500	-1.10000e+01	
					         1.16667	-1.10000e+01	
					         1.16833	-1.00000e+01	
					         1.17000	-9.00000e+00	
					         1.17167	-8.00000e+00	
					         1.17333	-7.00000e+00	
					         1.17500	-6.00000e+00	
					         1.17667	-5.00000e+00	
					         1.17833	-4.00000e+00	
					         1.18000	-3.00000e+00	
					         1.18167	-2.00000e+00	
					         1.18333	-1.00000e+00	
					         1.18500	0.00000e+00	
					         1.18667	0.00000e+00	
					         1.18833	1.00000e+00	
					         1.19000	1.00000e+00	
					         1.19167	2.00000e+00	
					         1.19333	3.00000e+00	
					         1.19500	3.00000e+00	
					         1.19667	4.00000e+00	
					         1.19833	5.00000e+00	
					         1.20000	5.00000e+00	
					         1.20167	6.00000e+00	
					         1.20333	6.00000e+00	
					         1.20500	7.00000e+00	
					         1.20667	8.00000e+00	
					         1.20833	8.00000e+00	
					         1.21000	8.00000e+00	
					         1.21167	9.00000e+00	
					         1.21333	9.00000e+00	
					         1.21500	9.00000e+00	
					         1.21667	1.00000e+01	
					         1.21833	1.00000e+01	
					         1.22000	1.10000e+01	
					         1.22167	1.10000e+01	
					         1.22333	1.20000e+01	
					         1.22500	1.40000e+01	
					         1.22667	1.50000e+01	
					         1.22833	1.60000e+01	
					         1.23000	1.80000e+01	
					         1.23167	1.90000e+01	
					         1.23333	2.10000e+01	
					         1.23500	2.20000e+01	
					         1.23667	2.30000e+01	
					         1.23833	2.40000e+01	
					         1.24000	2.50000e+01	
					         1.24167	2.60000e+01	
					         1.24333	2.70000e+01	
					         1.24500	2.80000e+01	
					         1.24667	2.80000e+01	
					         1.24833	2.90000e+01	
					         1.25000	2.90000e+01	
					         1.25167	3.00000e+01	
					         1.25333	3.00000e+01	
					         1.25500	3.10000e+01	
					         1.25667	3.20000e+01	
					         1.25833	3.30000e+01	
					         1.26000	3.40000e+01	
					         1.26167	3.50000e+01	
					         1.26333	3.60000e+01	
					         1.26500	3.70000e+01	
					         1.26667	3.70000e+01	
					         1.26833	3.80000e+01	
					         1.27000	3.90000e+01	
					         1.27167	3.90000e+01	
					         1.27333	3.90000e+01	
					         1.27500	3.90000e+01	
					         1.27667	3.90000e+01	
					         1.27833	3.90000e+01	
					         1.28000	3.90000e+01	
					         1.28167	3.90000e+01	
					         1.28333	3.90000e+01	
					         1.28500	3.90000e+01	
					         1.28667	3.90000e+01	
					         1.28833	3.90000e+01	
					         1.29000	3.90000e+01	
					         1.29167	3.90000e+01	
					         1.29333	3.80000e+01	
					         1.29500	3.70000e+01	
					         1.29667	3.60000e+01	
					         1.29833	3.40000e+01	
					         1.30000	3.20000e+01	
					         1.30167	2.90000e+01	
					         1.30333	2.60000e+01	
					         1.30500	2.40000e+01	
					         1.30667	2.10000e+01	
					         1.30833	1.80000e+01	
					         1.31000	1.50000e+01	
					         1.31167	1.30000e+01	
					         1.31333	1.00000e+01	
					         1.31500	7.00000e+00	
					         1.31667	5.00000e+00	
					         1.31833	2.00000e+00	
					         1.32000	0.00000e+00	
					         1.32167	-2.00000e+00	
					         1.32333	-5.00000e+00	
					         1.32500	-7.00000e+00	
					         1.32667	-1.00000e+01	
					         1.32833	-1.30000e+01	
					         1.33000	-1.50000e+01	
					         1.33167	-1.80000e+01	
					         1.33333	-2.10000e+01	
					         1.33500	-2.40000e+01	
					         1.33667	-2.60000e+01	
					         1.33833	-2.80000e+01	
					         1.34000	-3.10000e+01	
					         1.34167	-3.30000e+01	
					         1.34333	-3.50000e+01	
					         1.34500	-3.60000e+01	
					         1.34667	-3.80000e+01	
					         1.34833	-3.90000e+01	
					         1.35000	-3.90000e+01	
					         1.35167	-4.00000e+01	
					         1.35333	-4.00000e+01	
					         1.35500	-4.00000e+01	
					         1.35667	-4.00000e+01	
					         1.35833	-4.00000e+01	
					         1.36000	-4.00000e+01	
					         1.36167	-3.90000e+01	
					         1.36333	-3.90000e+01	
					         1.36500	-3.90000e+01	
					         1.36667	-3.90000e+01	
					         1.36833	-3.90000e+01	
					         1.37000	-3.90000e+01	
					         1.37167	-3.90000e+01	
					         1.37333	-3.90000e+01	
					         1.37500	-3.80000e+01	
					         1.37667	-3.80000e+01	
					         1.37833	-3.70000e+01	
					         1.38000	-3.70000e+01	
					         1.38167	-3.60000e+01	
					         1.38333	-3.50000e+01	
					         1.38500	-3.50000e+01	
					         1.38667	-3.40000e+01	
					         1.38833	-3.30000e+01	
					         1.39000	-3.20000e+01	
					         1.39167	-3.20000e+01	
					         1.39333	-3.10000e+01	
					         1.39500	-3.10000e+01	
					         1.39667	-3.10000e+01	
					         1.39833	-3.00000e+01	
					         1.40000	-3.00000e+01	
					         1.40167	-3.00000e+01	
					         1.40333	-3.00000e+01	
					         1.40500	-2.90000e+01	
					         1.40667	-2.90000e+01	
					         1.40833	-2.80000e+01	
					         1.41000	-2.80000e+01	
					         1.41167	-2.80000e+01	
					         1.41333	-2.80000e+01	
					         1.41500	-2.80000e+01	
					         1.41667	-2.80000e+01	
					         1.41833	-2.80000e+01	
					         1.42000	-2.80000e+01	
					         1.42167	-2.80000e+01	
					         1.42333	-2.80000e+01	
					         1.42500	-2.80000e+01	
					         1.42667	-2.80000e+01	
					         1.42833	-2.70000e+01	
					         1.43000	-2.70000e+01	
					         1.43167	-2.70000e+01	
					         1.43333	-2.60000e+01	
					         1.43500	-2.50000e+01	
					         1.43667	-2.40000e+01	
					         1.43833	-2.40000e+01	
					         1.44000	-2.30000e+01	
					         1.44167	-2.20000e+01	
					         1.44333	-2.20000e+01	
					         1.44500	-2.20000e+01	
					         1.44667	-2.20000e+01	
					         1.44833	-2.20000e+01	
					         1.45000	-2.10000e+01	
					         1.45167	-2.10000e+01	
					         1.45333	-2.00000e+01	
					         1.45500	-2.00000e+01	
					         1.45667	-1.90000e+01	
					         1.45833	-1.80000e+01	
					         1.46000	-1.80000e+01	
					         1.46167	-1.70000e+01	
					         1.46333	-1.70000e+01	
					         1.46500	-1.60000e+01	
					         1.46667	-1.60000e+01	
					         1.46833	-1.50000e+01	
					         1.47000	-1.50000e+01	
					         1.47167	-1.50000e+01	
					         1.47333	-1.50000e+01	
					         1.47500	-1.60000e+01	
					         1.47667	-1.60000e+01	
					         1.47833	-1.60000e+01	
					         1.48000	-1.70000e+01	
					         1.48167	-1.70000e+01	
					         1.48333	-1.70000e+01	
					         1.48500	-1.60000e+01	
					         1.48667	-1.60000e+01	
					         1.48833	-1.60000e+01	
					         1.49000	-1.60000e+01	
					         1.49167	-1.60000e+01	
					         1.49333	-1.60000e+01	
					         1.49500	-1.60000e+01	
					         1.49667	-1.60000e+01	
					         1.49833	-1.50000e+01	
					         1.50000	-1.50000e+01	
					         1.50167	-1.50000e+01	
					         1.50333	-1.40000e+01	
					         1.50500	-1.40000e+01	
					         1.50667	-1.30000e+01	
					         1.50833	-1.30000e+01	
					         1.51000	-1.30000e+01	
					         1.51167	-1.20000e+01	
					         1.51333	-1.20000e+01	
					         1.51500	-1.10000e+01	
					         1.51667	-1.00000e+01	
					         1.51833	-1.00000e+01	
					         1.52000	-9.00000e+00	
					         1.52167	-9.00000e+00	
					         1.52333	-9.00000e+00	
					         1.52500	-8.00000e+00	
					         1.52667	-8.00000e+00	
					         1.52833	-7.00000e+00	
					         1.53000	-7.00000e+00	
					         1.53167	-6.00000e+00	
					         1.53333	-6.00000e+00	
					         1.53500	-5.00000e+00	
					         1.53667	-5.00000e+00	
					         1.53833	-4.00000e+00	
					         1.54000	-4.00000e+00	
					         1.54167	-4.00000e+00	
					         1.54333	-3.00000e+00	
					         1.54500	-3.00000e+00	
					         1.54667	-3.00000e+00	
					         1.54833	-3.00000e+00	
					         1.55000	-3.00000e+00	
					         1.55167	-3.00000e+00	
					         1.55333	-3.00000e+00	
					         1.55500	-3.00000e+00	
					         1.55667	-4.00000e+00	
					         1.55833	-4.00000e+00	
					         1.56000	-5.00000e+00	
					         1.56167	-5.00000e+00	
					         1.56333	-6.00000e+00	
					         1.56500	-7.00000e+00	
					         1.56667	-8.00000e+00	
					         1.56833	-9.00000e+00	
					         1.57000	-1.00000e+01	
					         1.57167	-1.10000e+01	
					         1.57333	-1.10000e+01	
					         1.57500	-1.20000e+01	
					         1.57667	-1.20000e+01	
					         1.57833	-1.20000e+01	
					         1.58000	-1.10000e+01	
					         1.58167	-1.10000e+01	
					         1.58333	-1.10000e+01	
					         1.58500	-1.00000e+01	
					         1.58667	-1.00000e+01	
					         1.58833	-1.00000e+01	
					         1.59000	-1.00000e+01	
					         1.59167	-1.00000e+01	
					         1.59333	-1.00000e+01	
					         1.59500	-1.10000e+01	
					         1.59667	-1.10000e+01	
					         1.59833	-1.10000e+01	
					         1.60000	-1.10000e+01	
					         1.60167	-1.10000e+01	
					         1.60333	-1.10000e+01	
					         1.60500	-1.10000e+01	
					         1.60667	-1.00000e+01	
					         1.60833	-9.00000e+00	
					         1.61000	-9.00000e+00	
					         1.61167	-8.00000e+00	
					         1.61333	-7.00000e+00	
					         1.61500	-6.00000e+00	
					         1.61667	-5.00000e+00	
					         1.61833	-4.00000e+00	
					         1.62000	-4.00000e+00	
					         1.62167	-3.00000e+00	
					         1.62333	-3.00000e+00	
					         1.62500	-3.00000e+00	
					         1.62667	-3.00000e+00	
					         1.62833	-3.00000e+00	
					         1.63000	-3.00000e+00	
					         1.63167	-4.00000e+00	
					         1.63333	-4.00000e+00	
					         1.63500	-4.00000e+00	
					         1.63667	-5.00000e+00	
					         1.63833	-5.00000e+00	
					         1.64000	-5.00000e+00	
					         1.64167	-5.00000e+00	
					         1.64333	-5.00000e+00	
					         1.64500	-5.00000e+00	
					         1.64667	-5.00000e+00	
					         1.64833	-4.00000e+00	
					         1.65000	-4.00000e+00	
					         1.65167	-4.00000e+00	
					         1.65333	-4.00000e+00	
					         1.65500	-3.00000e+00	
					         1.65667	-3.00000e+00	
					         1.65833	-3.00000e+00	
					         1.66000	-2.00000e+00	
					         1.66167	-2.00000e+00	
					         1.66333	-2.00000e+00	
					         1.66500	-2.00000e+00	
					         1.66667	-2.00000e+00	
					         1.66833	-2.00000e+00	
					         1.67000	-2.00000e+00	
					         1.67167	-2.00000e+00	
					         1.67333	-1.00000e+00	
					         1.67500	-1.00000e+00	
					         1.67667	-1.00000e+00	
					         1.67833	-1.00000e+00	
					         1.68000	-1.00000e+00	
					         1.68167	-1.00000e+00	
					         1.68333	-1.00000e+00	
					         1.68500	-1.00000e+00	
					         1.68667	-1.00000e+00	
					         1.68833	-1.00000e+00	
					         1.69000	-1.00000e+00	
					         1.69167	-1.00000e+00	
					         1.69333	0.00000e+00	
					         1.69500	0.00000e+00	
					         1.69667	0.00000e+00	
					         1.69833	1.00000e+00	
					         1.70000	1.00000e+00	
					         1.70167	1.00000e+00	
					         1.70333	1.00000e+00	
					         1.70500	1.00000e+00	
					         1.70667	1.00000e+00	
					         1.70833	1.00000e+00	
					         1.71000	1.00000e+00	
					         1.71167	0.00000e+00	
					         1.71333	0.00000e+00	
					         1.71500	-1.00000e+00	
					         1.71667	-2.00000e+00	
					         1.71833	-3.00000e+00	
					         1.72000	-4.00000e+00	
					         1.72167	-5.00000e+00	
					         1.72333	-6.00000e+00	
					         1.72500	-6.00000e+00	
					         1.72667	-6.00000e+00	
					         1.72833	-7.00000e+00	
					         1.73000	-7.00000e+00	
					         1.73167	-6.00000e+00	
					         1.73333	-6.00000e+00	
					         1.73500	-5.00000e+00	
					         1.73667	-5.00000e+00	
					         1.73833	-4.00000e+00	
					         1.74000	-3.00000e+00	
					         1.74167	-3.00000e+00	
					         1.74333	-3.00000e+00	
					         1.74500	-3.00000e+00	
					         1.74667	-3.00000e+00	
					         1.74833	-4.00000e+00	
					         1.75000	-4.00000e+00	
					         1.75167	-5.00000e+00	
					         1.75333	-6.00000e+00	
					         1.75500	-7.00000e+00	
					         1.75667	-8.00000e+00	
					         1.75833	-9.00000e+00	
					         1.76000	-9.00000e+00	
					         1.76167	-1.00000e+01	
					         1.76333	-1.00000e+01	
					         1.76500	-1.00000e+01	
					         1.76667	-1.00000e+01	
					         1.76833	-1.00000e+01	
					         1.77000	-9.00000e+00	
					         1.77167	-9.00000e+00	
					         1.77333	-9.00000e+00	
					         1.77500	-8.00000e+00	
					         1.77667	-8.00000e+00	
					         1.77833	-7.00000e+00	
					         1.78000	-7.00000e+00	
					         1.78167	-7.00000e+00	
					         1.78333	-7.00000e+00	
					         1.78500	-7.00000e+00	
					         1.78667	-7.00000e+00	
					         1.78833	-7.00000e+00	
					         1.79000	-7.00000e+00	
					         1.79167	-8.00000e+00	
					         1.79333	-8.00000e+00	
					         1.79500	-8.00000e+00	
					         1.79667	-8.00000e+00	
					         1.79833	-8.00000e+00	
					         1.80000	-8.00000e+00	
					         1.80167	-8.00000e+00	
					         1.80333	-7.00000e+00	
					         1.80500	-7.00000e+00	
					         1.80667	-6.00000e+00	
					         1.80833	-6.00000e+00	
					         1.81000	-6.00000e+00	
					         1.81167	-5.00000e+00	
					         1.81333	-5.00000e+00	
					         1.81500	-4.00000e+00	
					         1.81667	-4.00000e+00	
					         1.81833	-4.00000e+00	
					         1.82000	-3.00000e+00	
					         1.82167	-3.00000e+00	
					         1.82333	-3.00000e+00	
					         1.82500	-3.00000e+00	
					         1.82667	-4.00000e+00	
					         1.82833	-4.00000e+00	
					         1.83000	-4.00000e+00	
					         1.83167	-5.00000e+00	
					         1.83333	-5.00000e+00	
					         1.83500	-5.00000e+00	
					         1.83667	-5.00000e+00	
					         1.83833	-6.00000e+00	
					         1.84000	-6.00000e+00	
					         1.84167	-6.00000e+00	
					         1.84333	-5.00000e+00	
					         1.84500	-5.00000e+00	
					         1.84667	-4.00000e+00	
					         1.84833	-4.00000e+00	
					         1.85000	-3.00000e+00	
					         1.85167	-3.00000e+00	
					         1.85333	-2.00000e+00	
					         1.85500	-1.00000e+00	
					         1.85667	0.00000e+00	
					         1.85833	1.00000e+00	
					         1.86000	1.00000e+00	
					         1.86167	2.00000e+00	
					         1.86333	2.00000e+00	
					         1.86500	1.00000e+00	
					         1.86667	1.00000e+00	
					         1.86833	1.00000e+00	
					         1.87000	0.00000e+00	
					         1.87167	-1.00000e+00	
					         1.87333	-2.00000e+00	
					         1.87500	-4.00000e+00	
					         1.87667	-5.00000e+00	
					         1.87833	-7.00000e+00	
					         1.88000	-8.00000e+00	
					         1.88167	-9.00000e+00	
					         1.88333	-9.00000e+00	
					         1.88500	-1.00000e+01	
					         1.88667	-1.00000e+01	
					         1.88833	-1.00000e+01	
					         1.89000	-1.00000e+01	
					         1.89167	-9.00000e+00	
					         1.89333	-9.00000e+00	
					         1.89500	-8.00000e+00	
					         1.89667	-7.00000e+00	
					         1.89833	-6.00000e+00	
					         1.90000	-4.00000e+00	
					         1.90167	-3.00000e+00	
					         1.90333	-2.00000e+00	
					         1.90500	-1.00000e+00	
					         1.90667	0.00000e+00	
					         1.90833	1.00000e+00	
					         1.91000	2.00000e+00	
					         1.91167	2.00000e+00	
					         1.91333	2.00000e+00	
					         1.91500	2.00000e+00	
					         1.91667	2.00000e+00	
					         1.91833	2.00000e+00	
					         1.92000	1.00000e+00	
					         1.92167	0.00000e+00	
					         1.92333	0.00000e+00	
					         1.92500	-1.00000e+00	
					         1.92667	-2.00000e+00	
					         1.92833	-2.00000e+00	
					         1.93000	-2.00000e+00	
					         1.93167	-2.00000e+00	
					         1.93333	-2.00000e+00	
					         1.93500	-2.00000e+00	
					         1.93667	-2.00000e+00	
					         1.93833	-2.00000e+00	
					         1.94000	-2.00000e+00	
					         1.94167	-2.00000e+00	
					         1.94333	-3.00000e+00	
					         1.94500	-3.00000e+00	
					         1.94667	-4.00000e+00	
					         1.94833	-5.00000e+00	
					         1.95000	-5.00000e+00	
					         1.95167	-6.00000e+00	
					         1.95333	-6.00000e+00	
					         1.95500	-6.00000e+00	
					         1.95667	-6.00000e+00	
					         1.95833	-6.00000e+00	
					         1.96000	-6.00000e+00	
					         1.96167	-6.00000e+00	
					         1.96333	-5.00000e+00	
					         1.96500	-5.00000e+00	
					         1.96667	-5.00000e+00	
					         1.96833	-5.00000e+00	
					         1.97000	-4.00000e+00	
					         1.97167	-4.00000e+00	
					         1.97333	-4.00000e+00	
					         1.97500	-4.00000e+00	
					         1.97667	-4.00000e+00	
					         1.97833	-3.00000e+00	
					         1.98000	-3.00000e+00	
					         1.98167	-2.00000e+00	
					         1.98333	-2.00000e+00	
					         1.98500	-1.00000e+00	
					         1.98667	0.00000e+00	
					         1.98833	1.00000e+00	
					         1.99000	2.00000e+00	
					         1.99167	5.00000e+00	
					         1.99333	8.00000e+00	
					         1.99500	1.20000e+01	
					         1.99667	1.80000e+01	
					         1.99833	2.60000e+01	
					         2.00000	3.60000e+01	
					         2.00167	5.00000e+01	
					         2.00333	6.60000e+01	
					         2.00500	8.60000e+01	
					         2.00667	1.09000e+02	
					         2.00833	1.35000e+02	
					         2.01000	1.62000e+02	
					         2.01167	1.89000e+02	
					         2.01333	2.16000e+02	
					         2.01500	2.41000e+02	
					         2.01667	2.62000e+02	
					         2.01833	2.80000e+02	
					         2.02000	2.93000e+02	
					         2.02167	3.00000e+02	
					         2.02333	3.00000e+02	
					         2.02500	2.94000e+02	
					         2.02667	2.80000e+02	
					         2.02833	2.60000e+02	
					         2.03000	2.34000e+02	
					         2.03167	2.04000e+02	
					         2.03333	1.70000e+02	
					         2.03500	1.35000e+02	
					         2.03667	1.00000e+02	
					         2.03833	6.60000e+01	
					         2.04000	3.30000e+01	
					         2.04167	3.00000e+00	
					         2.04333	-2.40000e+01	
					         2.04500	-4.70000e+01	
					         2.04667	-6.60000e+01	
					         2.04833	-8.10000e+01	
					         2.05000	-9.20000e+01	
					         2.05167	-9.80000e+01	
					         2.05333	-1.01000e+02	
					         2.05500	-1.02000e+02	
					         2.05667	-1.00000e+02	
					         2.05833	-9.70000e+01	
					         2.06000	-9.30000e+01	
					         2.06167	-8.90000e+01	
					         2.06333	-8.40000e+01	
					         2.06500	-7.90000e+01	
					         2.06667	-7.50000e+01	
					         2.06833	-7.10000e+01	
					         2.07000	-6.80000e+01	
					         2.07167	-6.50000e+01	
					         2.07333	-6.20000e+01	
					         2.07500	-6.00000e+01	
					         2.07667	-5.90000e+01	
					         2.07833	-5.70000e+01	
					         2.08000	-5.60000e+01	
					         2.08167	-5.50000e+01	
					         2.08333	-5.40000e+01	
					         2.08500	-5.30000e+01	
					         2.08667	-5.20000e+01	
					         2.08833	-5.10000e+01	
					         2.09000	-5.00000e+01	
					         2.09167	-4.90000e+01	
					         2.09333	-4.90000e+01	
					         2.09500	-4.80000e+01	
					         2.09667	-4.70000e+01	
					         2.09833	-4.70000e+01	
					         2.10000	-4.60000e+01	
					         2.10167	-4.50000e+01	
					         2.10333	-4.40000e+01	
					         2.10500	-4.30000e+01	
					         2.10667	-4.10000e+01	
					         2.10833	-4.00000e+01	
					         2.11000	-3.90000e+01	
					         2.11167	-3.80000e+01	
					         2.11333	-3.70000e+01	
					         2.11500	-3.50000e+01	
					         2.11667	-3.40000e+01	
					         2.11833	-3.30000e+01	
					         2.12000	-3.10000e+01	
					         2.12167	-2.90000e+01	
					         2.12333	-2.80000e+01	
					         2.12500	-2.60000e+01	
					         2.12667	-2.50000e+01	
					         2.12833	-2.30000e+01	
					         2.13000	-2.20000e+01	
					         2.13167	-2.00000e+01	
					         2.13333	-1.90000e+01	
					         2.13500	-1.80000e+01	
					         2.13667	-1.70000e+01	
					         2.13833	-1.70000e+01	
					         2.14000	-1.60000e+01	
					         2.14167	-1.60000e+01	
					         2.14333	-1.60000e+01	
					         2.14500	-1.60000e+01	
					         2.14667	-1.60000e+01	
					         2.14833	-1.60000e+01	
					         2.15000	-1.60000e+01	
					         2.15167	-1.60000e+01	
					         2.15333	-1.50000e+01	
					         2.15500	-1.40000e+01	
					         2.15667	-1.30000e+01	
					         2.15833	-1.20000e+01	
					         2.16000	-1.10000e+01	
					         2.16167	-1.00000e+01	
					         2.16333	-9.00000e+00	
					         2.16500	-8.00000e+00	
					         2.16667	-8.00000e+00	
					         2.16833	-7.00000e+00	
					         2.17000	-6.00000e+00	
					         2.17167	-6.00000e+00	
					         2.17333	-6.00000e+00	
					         2.17500	-6.00000e+00	
					         2.17667	-6.00000e+00	
					         2.17833	-5.00000e+00	
					         2.18000	-5.00000e+00	
					         2.18167	-5.00000e+00	
					         2.18333	-5.00000e+00	
					         2.18500	-5.00000e+00	
					         2.18667	-4.00000e+00	
					         2.18833	-4.00000e+00	
					         2.19000	-4.00000e+00	
					         2.19167	-3.00000e+00	
					         2.19333	-2.00000e+00	
					         2.19500	-2.00000e+00	
					         2.19667	-1.00000e+00	
					         2.19833	0.00000e+00	
					         2.20000	0.00000e+00	
					         2.20167	1.00000e+00	
					         2.20333	2.00000e+00	
					         2.20500	3.00000e+00	
					         2.20667	4.00000e+00	
					         2.20833	4.00000e+00	
					         2.21000	5.00000e+00	
					         2.21167	6.00000e+00	
					         2.21333	7.00000e+00	
					         2.21500	7.00000e+00	
					         2.21667	8.00000e+00	
					         2.21833	9.00000e+00	
					         2.22000	9.00000e+00	
					         2.22167	1.00000e+01	
					         2.22333	1.10000e+01	
					         2.22500	1.20000e+01	
					         2.22667	1.30000e+01	
					         2.22833	1.40000e+01	
					         2.23000	1.40000e+01	
					         2.23167	1.50000e+01	
					         2.23333	1.60000e+01	
					         2.23500	1.60000e+01	
					         2.23667	1.60000e+01	
					         2.23833	1.70000e+01	
					         2.24000	1.70000e+01	
					         2.24167	1.80000e+01	
					         2.24333	1.80000e+01	
					         2.24500	1.90000e+01	
					         2.24667	1.90000e+01	
					         2.24833	2.00000e+01	
					         2.25000	2.10000e+01	
					         2.25167	2.20000e+01	
					         2.25333	2.30000e+01	
					         2.25500	2.50000e+01	
					         2.25667	2.60000e+01	
					         2.25833	2.80000e+01	
					         2.26000	2.90000e+01	
					         2.26167	3.10000e+01	
					         2.26333	3.30000e+01	
					         2.26500	3.40000e+01	
					         2.26667	3.50000e+01	
					         2.26833	3.70000e+01	
					         2.27000	3.80000e+01	
					         2.27167	3.80000e+01	
					         2.27333	3.90000e+01	
					         2.27500	4.00000e+01	
					         2.27667	4.00000e+01	
					         2.27833	4.10000e+01	
					         2.28000	4.20000e+01	
					         2.28167	4.30000e+01	
					         2.28333	4.30000e+01	
					         2.28500	4.40000e+01	
					         2.28667	4.40000e+01	
					         2.28833	4.40000e+01	
					         2.29000	4.40000e+01	
					         2.29167	4.50000e+01	
					         2.29333	4.50000e+01	
					         2.29500	4.60000e+01	
					         2.29667	4.60000e+01	
					         2.29833	4.50000e+01	
					         2.30000	4.50000e+01	
					         2.30167	4.40000e+01	
					         2.30333	4.30000e+01	
					         2.30500	4.20000e+01	
					         2.30667	4.10000e+01	
					         2.30833	3.90000e+01	
					         2.31000	3.70000e+01	
					         2.31167	3.50000e+01	
					         2.31333	3.30000e+01	
					         2.31500	3.00000e+01	
					         2.31667	2.70000e+01	
					         2.31833	2.40000e+01	
					         2.32000	2.00000e+01	
					         2.32167	1.70000e+01	
					         2.32333	1.40000e+01	
					         2.32500	1.10000e+01	
					         2.32667	8.00000e+00	
					         2.32833	5.00000e+00	
					         2.33000	1.00000e+00	
					         2.33167	-2.00000e+00	
					         2.33333	-5.00000e+00	
					         2.33500	-8.00000e+00	
					         2.33667	-1.10000e+01	
					         2.33833	-1.40000e+01	
					         2.34000	-1.70000e+01	
					         2.34167	-2.00000e+01	
					         2.34333	-2.20000e+01	
					         2.34500	-2.50000e+01	
					         2.34667	-2.70000e+01	
					         2.34833	-2.90000e+01	
					         2.35000	-3.10000e+01	
					         2.35167	-3.30000e+01	
					         2.35333	-3.50000e+01	
					         2.35500	-3.60000e+01	
					         2.35667	-3.70000e+01	
					         2.35833	-3.80000e+01	
					         2.36000	-3.80000e+01	
					         2.36167	-3.80000e+01	
					         2.36333	-3.90000e+01	
					         2.36500	-3.90000e+01	
					         2.36667	-3.80000e+01	
					         2.36833	-3.80000e+01	
					         2.37000	-3.80000e+01	
					         2.37167	-3.80000e+01	
					         2.37333	-3.80000e+01	
					         2.37500	-3.80000e+01	
					         2.37667	-3.80000e+01	
					         2.37833	-3.80000e+01	
					         2.38000	-3.80000e+01	
					         2.38167	-3.70000e+01	
					         2.38333	-3.70000e+01	
					         2.38500	-3.70000e+01	
					         2.38667	-3.60000e+01	
					         2.38833	-3.60000e+01	
					         2.39000	-3.50000e+01	
					         2.39167	-3.50000e+01	
					         2.39333	-3.40000e+01	
					         2.39500	-3.30000e+01	
					         2.39667	-3.30000e+01	
					         2.39833	-3.20000e+01	
					         2.40000	-3.10000e+01	
					         2.40167	-3.10000e+01	
					         2.40333	-3.10000e+01	
					         2.40500	-3.00000e+01	
					         2.40667	-3.00000e+01	
					         2.40833	-2.90000e+01	
					         2.41000	-2.90000e+01	
					         2.41167	-2.80000e+01	
					         2.41333	-2.80000e+01	
					         2.41500	-2.70000e+01	
					         2.41667	-2.60000e+01	
					         2.41833	-2.50000e+01	
					         2.42000	-2.50000e+01	
					         2.42167	-2.40000e+01	
					         2.42333	-2.30000e+01	
					         2.42500	-2.20000e+01	
					         2.42667	-2.10000e+01	
					         2.42833	-2.10000e+01	
					         2.43000	-2.00000e+01	
					         2.43167	-1.90000e+01	
					         2.43333	-1.80000e+01	
					         2.43500	-1.70000e+01	
					         2.43667	-1.60000e+01	
					         2.43833	-1.40000e+01	
					         2.44000	-1.40000e+01	
					         2.44167	-1.30000e+01	
					         2.44333	-1.20000e+01	
					         2.44500	-1.10000e+01	
					         2.44667	-1.10000e+01	
					         2.44833	-1.00000e+01	
					         2.45000	-1.00000e+01	
					         2.45167	-9.00000e+00	
					         2.45333	-9.00000e+00	
					         2.45500	-9.00000e+00	
					         2.45667	-9.00000e+00	
					         2.45833	-9.00000e+00	
					         2.46000	-9.00000e+00	
					         2.46167	-9.00000e+00	
					         2.46333	-9.00000e+00	
					         2.46500	-9.00000e+00	
					         2.46667	-1.00000e+01	
					         2.46833	-1.00000e+01	
					         2.47000	-1.00000e+01	
					         2.47167	-1.10000e+01	
					         2.47333	-1.20000e+01	
					         2.47500	-1.20000e+01	
					         2.47667	-1.30000e+01	
					         2.47833	-1.40000e+01	
					         2.48000	-1.50000e+01	
					         2.48167	-1.60000e+01	
					         2.48333	-1.60000e+01	
					         2.48500	-1.70000e+01	
					         2.48667	-1.70000e+01	
					         2.48833	-1.70000e+01	
					         2.49000	-1.60000e+01	
					         2.49167	-1.60000e+01	
					         2.49333	-1.50000e+01	
					         2.49500	-1.40000e+01	
					         2.49667	-1.30000e+01	
					         2.49833	-1.20000e+01	
					         2.50000	-1.10000e+01	
					         2.50167	-1.00000e+01	
					         2.50333	-1.00000e+01	
					         2.50500	-9.00000e+00	
					         2.50667	-9.00000e+00	
					         2.50833	-9.00000e+00	
					         2.51000	-9.00000e+00	
					         2.51167	-9.00000e+00	
					         2.51333	-1.00000e+01	
					         2.51500	-1.00000e+01	
					         2.51667	-1.00000e+01	
					         2.51833	-1.00000e+01	
					         2.52000	-1.00000e+01	
					         2.52167	-9.00000e+00	
					         2.52333	-9.00000e+00	
					         2.52500	-8.00000e+00	
					         2.52667	-7.00000e+00	
					         2.52833	-7.00000e+00	
					         2.53000	-6.00000e+00	
					         2.53167	-5.00000e+00	
					         2.53333	-5.00000e+00	
					         2.53500	-4.00000e+00	
					         2.53667	-4.00000e+00	
					         2.53833	-4.00000e+00	
					         2.54000	-4.00000e+00	
					         2.54167	-4.00000e+00	
					         2.54333	-4.00000e+00	
					         2.54500	-4.00000e+00	
					         2.54667	-4.00000e+00	
					         2.54833	-4.00000e+00	
					         2.55000	-4.00000e+00	
					         2.55167	-4.00000e+00	
					         2.55333	-5.00000e+00	
					         2.55500	-5.00000e+00	
					         2.55667	-5.00000e+00	
					         2.55833	-6.00000e+00	
					         2.56000	-6.00000e+00	
					         2.56167	-6.00000e+00	
					         2.56333	-7.00000e+00	
					         2.56500	-7.00000e+00	
					         2.56667	-6.00000e+00	
					         2.56833	-6.00000e+00	
					         2.57000	-6.00000e+00	
					         2.57167	-6.00000e+00	
					         2.57333	-5.00000e+00	
					         2.57500	-5.00000e+00	
					         2.57667	-4.00000e+00	
					         2.57833	-4.00000e+00	
					         2.58000	-4.00000e+00	
					         2.58167	-3.00000e+00	
					         2.58333	-4.00000e+00	
					         2.58500	-4.00000e+00	
					         2.58667	-4.00000e+00	
					         2.58833	-5.00000e+00	
					         2.59000	-6.00000e+00	
					         2.59167	-6.00000e+00	
					         2.59333	-7.00000e+00	
					         2.59500	-7.00000e+00	
					         2.59667	-8.00000e+00	
					         2.59833	-8.00000e+00	
					         2.60000	-8.00000e+00	
					         2.60167	-8.00000e+00	
					         2.60333	-8.00000e+00	
					         2.60500	-8.00000e+00	
					         2.60667	-7.00000e+00	
					         2.60833	-7.00000e+00	
					         2.61000	-6.00000e+00	
					         2.61167	-5.00000e+00	
					         2.61333	-4.00000e+00	
					         2.61500	-3.00000e+00	
					         2.61667	-2.00000e+00	
					         2.61833	-2.00000e+00	
					         2.62000	-1.00000e+00	
					         2.62167	-1.00000e+00	
					         2.62333	-1.00000e+00	
					         2.62500	-1.00000e+00	
					         2.62667	-2.00000e+00	
					         2.62833	-2.00000e+00	
					         2.63000	-3.00000e+00	
					         2.63167	-4.00000e+00	
					         2.63333	-5.00000e+00	
					         2.63500	-6.00000e+00	
					         2.63667	-6.00000e+00	
					         2.63833	-7.00000e+00	
					         2.64000	-7.00000e+00	
					         2.64167	-7.00000e+00	
					         2.64333	-7.00000e+00	
					         2.64500	-7.00000e+00	
					         2.64667	-7.00000e+00	
					         2.64833	-7.00000e+00	
					         2.65000	-7.00000e+00	
					         2.65167	-8.00000e+00	
					         2.65333	-8.00000e+00	
					         2.65500	-9.00000e+00	
					         2.65667	-9.00000e+00	
					         2.65833	-1.00000e+01	
					         2.66000	-1.10000e+01	
					         2.66167	-1.20000e+01	
					         2.66333	-1.20000e+01	
					         2.66500	-1.30000e+01	
					         2.66667	-1.30000e+01	
					         2.66833	-1.20000e+01	
					         2.67000	-1.20000e+01	
					         2.67167	-1.20000e+01	
					         2.67333	-1.10000e+01	
					         2.67500	-1.00000e+01	
					         2.67667	-9.00000e+00	
					         2.67833	-8.00000e+00	
					         2.68000	-8.00000e+00	
					         2.68167	-7.00000e+00	
					         2.68333	-7.00000e+00	
					         2.68500	-6.00000e+00	
					         2.68667	-6.00000e+00	
					         2.68833	-6.00000e+00	
					         2.69000	-5.00000e+00	
					         2.69167	-5.00000e+00	
					         2.69333	-4.00000e+00	
					         2.69500	-3.00000e+00	
					         2.69667	-3.00000e+00	
					         2.69833	-2.00000e+00	
					         2.70000	-1.00000e+00	
					         2.70167	0.00000e+00	
					         2.70333	1.00000e+00	
					         2.70500	2.00000e+00	
					         2.70667	3.00000e+00	
					         2.70833	3.00000e+00	
					         2.71000	3.00000e+00	
					         2.71167	3.00000e+00	
					         2.71333	3.00000e+00	
					         2.71500	3.00000e+00	
					         2.71667	2.00000e+00	
					         2.71833	2.00000e+00	
					         2.72000	2.00000e+00	
					         2.72167	1.00000e+00	
					         2.72333	1.00000e+00	
					         2.72500	1.00000e+00	
					         2.72667	0.00000e+00	
					         2.72833	0.00000e+00	
					         2.73000	0.00000e+00	
					         2.73167	0.00000e+00	
					         2.73333	0.00000e+00	
					         2.73500	1.00000e+00	
					         2.73667	1.00000e+00	
					         2.73833	2.00000e+00	
					         2.74000	2.00000e+00	
					         2.74167	3.00000e+00	
					         2.74333	4.00000e+00	
					         2.74500	4.00000e+00	
					         2.74667	4.00000e+00	
					         2.74833	4.00000e+00	
					         2.75000	4.00000e+00	
					         2.75167	3.00000e+00	
					         2.75333	3.00000e+00	
					         2.75500	3.00000e+00	
					         2.75667	2.00000e+00	
					         2.75833	2.00000e+00	
					         2.76000	1.00000e+00	
					         2.76167	1.00000e+00	
					         2.76333	1.00000e+00	
					         2.76500	1.00000e+00	
					         2.76667	1.00000e+00	
					         2.76833	1.00000e+00	
					         2.77000	2.00000e+00	
					         2.77167	3.00000e+00	
					         2.77333	3.00000e+00	
					         2.77500	4.00000e+00	
					         2.77667	4.00000e+00	
					         2.77833	5.00000e+00	
					         2.78000	5.00000e+00	
					         2.78167	5.00000e+00	
					         2.78333	5.00000e+00	
					         2.78500	5.00000e+00	
					         2.78667	5.00000e+00	
					         2.78833	5.00000e+00	
					         2.79000	5.00000e+00	
					         2.79167	4.00000e+00	
					         2.79333	4.00000e+00	
					         2.79500	3.00000e+00	
					         2.79667	2.00000e+00	
					         2.79833	2.00000e+00	
					         2.80000	1.00000e+00	
					         2.80167	1.00000e+00	
					         2.80333	0.00000e+00	
					         2.80500	0.00000e+00	
					         2.80667	-1.00000e+00	
					         2.80833	-1.00000e+00	
					         2.81000	-1.00000e+00	
					         2.81167	-1.00000e+00	
					         2.81333	-1.00000e+00	
					         2.81500	-2.00000e+00	
					         2.81667	-2.00000e+00	
					         2.81833	-2.00000e+00	
					         2.82000	-2.00000e+00	
					         2.82167	-2.00000e+00	
					         2.82333	-2.00000e+00	
					         2.82500	-2.00000e+00	
					         2.82667	-2.00000e+00	
					         2.82833	-2.00000e+00	
					         2.83000	-2.00000e+00	
					         2.83167	-1.00000e+00	
					         2.83333	-1.00000e+00	
					         2.83500	0.00000e+00	
					         2.83667	1.00000e+00	
					         2.83833	1.00000e+00	
					         2.84000	2.00000e+00	
					         2.84167	3.00000e+00	
					         2.84333	4.00000e+00	
					         2.84500	5.00000e+00	
					         2.84667	5.00000e+00	
					         2.84833	6.00000e+00	
					         2.85000	6.00000e+00	
					         2.85167	7.00000e+00	
					         2.85333	7.00000e+00	
					         2.85500	7.00000e+00	
					         2.85667	7.00000e+00	
					         2.85833	7.00000e+00	
					         2.86000	6.00000e+00	
					         2.86167	5.00000e+00	
					         2.86333	4.00000e+00	
					         2.86500	3.00000e+00	
					         2.86667	2.00000e+00	
					         2.86833	0.00000e+00	
					         2.87000	-2.00000e+00	
					         2.87167	-3.00000e+00	
					         2.87333	-5.00000e+00	
					         2.87500	-6.00000e+00	
					         2.87667	-7.00000e+00	
					         2.87833	-8.00000e+00	
					         2.88000	-8.00000e+00	
					         2.88167	-9.00000e+00	
					         2.88333	-9.00000e+00	
					         2.88500	-8.00000e+00	
					         2.88667	-8.00000e+00	
					         2.88833	-7.00000e+00	
					         2.89000	-6.00000e+00	
					         2.89167	-5.00000e+00	
					         2.89333	-4.00000e+00	
					         2.89500	-3.00000e+00	
					         2.89667	-2.00000e+00	
					         2.89833	-2.00000e+00	
					         2.90000	-1.00000e+00	
					         2.90167	-1.00000e+00	
					         2.90333	-1.00000e+00	
					         2.90500	-1.00000e+00	
					         2.90667	-1.00000e+00	
					         2.90833	-1.00000e+00	
					         2.91000	-2.00000e+00	
					         2.91167	-2.00000e+00	
					         2.91333	-3.00000e+00	
					         2.91500	-4.00000e+00	
					         2.91667	-5.00000e+00	
					         2.91833	-5.00000e+00	
					         2.92000	-6.00000e+00	
					         2.92167	-7.00000e+00	
					         2.92333	-7.00000e+00	
					         2.92500	-8.00000e+00	
					         2.92667	-8.00000e+00	
					         2.92833	-9.00000e+00	
					         2.93000	-9.00000e+00	
					         2.93167	-1.00000e+01	
					         2.93333	-1.00000e+01	
					         2.93500	-1.00000e+01	
					         2.93667	-1.00000e+01	
					         2.93833	-1.10000e+01	
					         2.94000	-1.10000e+01	
					         2.94167	-1.10000e+01	
					         2.94333	-1.10000e+01	
					         2.94500	-1.00000e+01	
					         2.94667	-1.00000e+01	
					         2.94833	-1.00000e+01	
					         2.95000	-9.00000e+00	
					         2.95167	-9.00000e+00	
					         2.95333	-8.00000e+00	
					         2.95500	-8.00000e+00	
					         2.95667	-7.00000e+00	
					         2.95833	-7.00000e+00	
					         2.96000	-6.00000e+00	
					         2.96167	-6.00000e+00	
					         2.96333	-6.00000e+00	
					         2.96500	-6.00000e+00	
					         2.96667	-6.00000e+00	
					         2.96833	-6.00000e+00	
					         2.97000	-6.00000e+00	
					         2.97167	-6.00000e+00	
					         2.97333	-5.00000e+00	
					         2.97500	-5.00000e+00	
					         2.97667	-5.00000e+00	
					         2.97833	-5.00000e+00	
					         2.98000	-5.00000e+00	
					         2.98167	-3.00000e+00	
					         2.98333	-2.00000e+00	
					         2.98500	0.00000e+00	
					         2.98667	4.00000e+00	
					         2.98833	9.00000e+00	
					         2.99000	1.50000e+01	
					         2.99167	2.40000e+01	
					         2.99333	3.50000e+01	
					         2.99500	5.00000e+01	
					         2.99667	6.70000e+01	
					         2.99833	8.80000e+01	
					         3.00000	1.12000e+02	
					         3.00167	1.38000e+02	
					         3.00333	1.66000e+02	
					         3.00500	1.94000e+02	
					         3.00667	2.21000e+02	
					         3.00833	2.45000e+02	
					         3.01000	2.67000e+02	
					         3.01167	2.84000e+02	
					         3.01333	2.95000e+02	
					         3.01500	3.01000e+02	
					         3.01667	3.00000e+02	
					         3.01833	2.93000e+02	
					         3.02000	2.78000e+02	
					         3.02167	2.57000e+02	
					         3.02333	2.30000e+02	
					         3.02500	1.99000e+02	
					         3.02667	1.66000e+02	
					         3.02833	1.31000e+02	
					         3.03000	9.50000e+01	
					         3.03167	6.10000e+01	
					         3.03333	2.80000e+01	
					         3.03500	-2.00000e+00	
					         3.03667	-2.90000e+01	
					         3.03833	-5.20000e+01	
					         3.04000	-7.20000e+01	
					         3.04167	-8.60000e+01	
					         3.04333	-9.70000e+01	
					         3.04500	-1.04000e+02	
					         3.04667	-1.07000e+02	
					         3.04833	-1.07000e+02	
					         3.05000	-1.05000e+02	
					         3.05167	-1.01000e+02	
					         3.05333	-9.60000e+01	
					         3.05500	-9.00000e+01	
